0.003796
0.003190
0.001216
-0.000662
-0.004176
-0.003092
-0.001726
0.001182
0.003828
0.010231
0.006697
0.004444
0.002397
0.001846
-0.004344
-0.004451
-0.004339
-0.003471
-0.001717
-0.001164
0.001585
0.001673
0.000126
0.001211
-0.001237
-0.001190
-0.000749
-0.000720
0.000918
0.004503
0.006786
0.011491
0.007495
0.005751
0.002602
0.001463
-0.000343
0.001623
0.005119
0.011865
0.011103
0.009470
0.004686
0.001855
0.002184
0.000239
-0.005221
-0.011487
-0.023844
-0.042801
-0.060104
-0.066944
-0.074962
-0.078952
-0.080688
-0.080519
-0.086308
-0.093924
-0.099676
-0.096501
-0.086485
-0.075029
-0.059640
-0.049127
-0.044371
-0.040957
-0.036375
-0.027187
-0.016151
-0.007721
-0.005590
-0.007232
-0.009451
-0.009137
-0.012782
-0.012346
-0.010257
-0.006569
-0.003568
0.000599
-0.000131
-0.002131
-0.003266
-0.005506
-0.003616
-0.007100
-0.006414
-0.004207
-0.002964
-0.005002
-0.011659
-0.009781
-0.011919
-0.013135
-0.015188
-0.016611
-0.017351
-0.015836
-0.013470
-0.011151
-0.009860
-0.009397
-0.010739
-0.013531
-0.016530
-0.019028
-0.020483
-0.019921
-0.018651
-0.016847
-0.014755
-0.012701
-0.012033
-0.012049
-0.013548
-0.015447
-0.018482
-0.021083
-0.022251
-0.022400
-0.021446
-0.018794
-0.015985
-0.013769
-0.010909
-0.011323
-0.014077
-0.021119
-0.025002
-0.025449
-0.023554
-0.021778
-0.010087
-0.002576
0.002390
0.010167
0.013954
0.017592
0.019772
0.023621
0.024168
0.028950
0.033609
0.040744
0.048092
0.055275
0.052075
0.049541
0.048638
0.049099
0.050408
0.051322
0.050315
0.049782
0.049293
0.049822
0.051918
0.053824
0.055596
0.056432
0.055887
0.054574
0.053910
0.053989
0.055068
0.056582
0.057216
0.056792
0.056423
0.056119
0.055861
0.055309
0.055841
0.055841
0.056295
0.057291
0.058169
0.059839
0.059922
0.057626
0.054671
0.054628
0.054922
0.056095
0.057240
0.057344
0.056915
0.056825
0.056579
0.055818
0.054971
0.055119
0.055821
0.056933
0.057913
0.058776
0.059857
0.059260
0.058062
0.056416
0.055545
0.056242
0.057212
0.057413
0.058268
0.059418
0.059821
0.059345
0.058286
0.057277
0.057371
0.058667
0.060067
0.058745
0.050949
0.035800
0.017398
0.011518
-0.006768
-0.015751
-0.024932
-0.032190
-0.044464
-0.057820
-0.071858
-0.086147
-0.096085
-0.097526
-0.090638
-0.076947
-0.056964
-0.036169
-0.023429
-0.017510
-0.012423
-0.013009
-0.010409
-0.001695
0.003187
0.009571
0.012272
0.018950
0.024291
0.023282
0.023914
0.024016
0.024278
0.023875
0.023373
0.023311
0.023296
0.022511
0.020929
0.018648
0.016882
0.014500
0.012930
0.011046
0.009997
0.009572
0.009836
0.007192
0.007719
0.002932
0.002503
0.002282
0.001364
0.000034
0.000464
-0.001130
0.000685
0.001603
0.005444
0.004438
0.004357
0.000914
0.000208
0.001149
0.000254
0.003012
0.003522
0.001965
0.004705
0.007152
0.004657
0.006482
0.003949
0.004096
0.001345
-0.000135
0.000150
0.000072
0.002049
0.002147
0.002709
0.004891
0.003014
0.002505
0.006494
0.003590
0.005139
0.003752
0.002478
0.002470
0.002860
0.003464
0.004804
0.005299
0.007618
0.006588
0.006561
0.004513
0.002356
0.000877
-0.000232
-0.002200
-0.003622
-0.002353
-0.003330
-0.001971
-0.002080
0.001545
0.001992
0.003043
0.003497
0.003132
-0.000997
0.001519
-0.000477
-0.000508
-0.003144
-0.004201
-0.008144
-0.006285
-0.008775
-0.009380
-0.008864
-0.011121
-0.012530
-0.014533
-0.014431
-0.015080
-0.015652
-0.012105
-0.009347
-0.007433
-0.002067
0.003237
0.006182
0.010455
0.014241
0.017963
0.021507
0.022985
0.019352
0.016991
0.015407
0.011866
0.009394
0.008283
0.012451
0.005718
0.003449
-0.000787
-0.003068
-0.004665
-0.005322
-0.006021
-0.007262
-0.005192
-0.005381
-0.003967
-0.001263
0.003716
0.004658
0.008229
0.008009
0.006953
0.007563
0.004956
0.004219
-0.001376
-0.001851
-0.005568
-0.008662
-0.007562
-0.006173
-0.003631
-0.001495
0.000167
0.002884
0.002593
0.001514
0.004427
0.000546
-0.000377
-0.002339
-0.003746
0.000626
-0.003126
-0.002593
-0.002466
-0.003271
-0.004484
-0.000656
0.001839
0.004504
0.006012
0.009787
0.008098
0.007255
0.005643
0.001371
-0.002166
-0.004333
-0.004270
-0.004007
-0.003147
-0.000146
0.001189
0.004505
0.003292
0.000722
0.000462
-0.002381
-0.004672
-0.005344
-0.005966
-0.007051
-0.003743
-0.001555
-0.001631
0.001879
0.000635
0.003303
0.000155
-0.000632
-0.002585
-0.001055
-0.003623
-0.004436
-0.001872
0.000294
-0.000813
0.000466
-0.002037
-0.000939
-0.000822
0.005572
0.005696
0.005378
0.007176
0.008869
0.005362
0.004213
0.002997
0.001034
-0.003123
-0.001511
-0.002956
-0.000984
0.011320
0.017541
0.030694
0.044581
0.051503
0.061261
0.068529
0.074603
0.080090
0.085588
0.092789
0.099456
0.103826
0.105327
0.106849
0.109961
0.114518
0.120396
0.126102
0.130007
0.127609
0.123057
0.119600
0.118548
0.116145
0.110272
0.100212
0.082379
0.057949
0.032005
0.021612
0.012727
0.007444
-0.006467
-0.021484
-0.040607
-0.058730
-0.074850
-0.085972
-0.088110
-0.080820
-0.067945
-0.044474
-0.028080
-0.011454
0.002538
0.004309
0.010366
0.023440
0.038702
0.057507
0.077690
0.095206
0.105416
0.105813
0.101248
0.098684
0.099330
0.103402
0.110329
0.114988
0.111261
0.097466
0.079440
0.060252
0.039617
0.025051
0.018851
0.013930
0.012092
0.009383
0.004071
-0.002594
-0.012598
-0.019644
-0.027153
-0.032799
-0.035498
-0.032891
-0.034925
-0.034278
-0.035334
-0.034055
-0.030992
-0.027603
-0.023450
-0.019417
-0.015092
-0.012379
-0.011918
-0.012131
-0.014414
-0.016214
-0.017944
-0.018913
-0.018940
-0.017788
-0.016063
-0.014405
-0.012770
-0.012669
-0.013021
-0.014389
-0.016373
-0.018378
-0.019324
-0.020697
-0.019642
-0.018046
-0.017242
-0.015750
-0.015446
-0.015683
-0.016292
-0.017481
-0.017984
-0.018136
-0.018834
-0.018120
-0.017372
-0.015533
-0.013616
-0.013801
-0.013639
-0.015078
-0.016413
-0.017224
-0.017654
-0.017171
-0.016219
-0.015726
-0.015383
-0.016825
-0.017247
-0.019226
-0.019222
-0.020504
-0.020591
-0.020616
-0.019339
-0.018282
-0.017607
-0.016463
-0.016727
-0.017546
-0.018463
-0.019224
-0.019575
-0.019486
-0.018652
-0.017202
-0.015988
-0.015097
-0.014750
-0.014886
-0.016383
-0.017635
-0.018552
-0.018440
-0.018242
-0.017290
-0.016004
-0.014626
-0.014233
-0.014936
-0.014775
-0.014993
-0.015123
-0.016310
-0.016950
-0.017164
-0.016572
-0.016075
-0.015805
-0.015154
-0.015462
-0.015190
-0.015209
-0.013092
-0.013296
-0.012706
-0.013611
-0.011636
-0.009457
-0.007066
-0.007208
-0.005524
-0.007185
-0.008641
-0.007398
-0.008360
-0.007067
-0.006661
-0.007349
-0.007613
-0.007799
-0.007240
-0.010641
-0.005218
-0.002409
-0.001689
-0.000919
-0.000496
-0.002300
-0.000383
0.000461
-0.001595
-0.003748
-0.003492
-0.001954
-0.006477
-0.003899
-0.001081
-0.002989
-0.004227
-0.008900
-0.009017
-0.007480
-0.004620
-0.003581
-0.008076
-0.014671
-0.021771
-0.029479
-0.039783
-0.045739
-0.048143
-0.058161
-0.059015
-0.058654
-0.060839
-0.063049
-0.064154
-0.064362
-0.064091
-0.066061
-0.067967
-0.069766
-0.072469
-0.073016
-0.074255
-0.074279
-0.074131
-0.073407
-0.073078
-0.073864
-0.075875
-0.077926
-0.079428
-0.080104
-0.080885
-0.080604
-0.078971
-0.078356
-0.078152
-0.077275
-0.075513
-0.074066
-0.073692
-0.073744
-0.071129
-0.067301
-0.059879
-0.050648
-0.042416
-0.038267
-0.036321
-0.036662
-0.031885
-0.026939
-0.022334
-0.019104
-0.013242
-0.010707
-0.009375
-0.010035
-0.012425
-0.010830
-0.009385
-0.007793
-0.005537
-0.003516
-0.001492
-0.001635
-0.001707
-0.002358
-0.004673
-0.007155
-0.008547
-0.007811
-0.012777
-0.009728
-0.008826
0.000389
0.002865
0.002334
-0.000579
-0.002723
-0.006276
-0.007781
-0.003942
-0.004011
0.000711
0.005310
0.005225
0.006446
0.003950
-0.000928
0.000677
0.003694
0.010028
0.024167
0.034993
0.042203
0.055474
0.061972
0.067032
0.071124
0.076944
0.084399
0.091240
0.096833
0.101128
0.104425
0.106868
0.108511
0.110044
0.113325
0.117098
0.120059
0.122378
0.124005
0.124082
0.123083
0.122045
0.119730
0.111887
0.103279
0.087133
0.070734
0.062231
0.055905
0.046652
0.037000
0.030664
0.024587
0.018793
0.018806
0.021144
0.016411
0.013524
0.010411
0.010054
0.010876
0.010978
0.008683
0.006188
0.005001
0.005196
0.003239
0.004464
-0.000617
0.001011
0.002157
0.000755
-0.000561
-0.000073
-0.004092
-0.006056
-0.002511
-0.005737
-0.002155
0.001176
-0.000580
0.001119
0.001537
0.001987
0.000931
-0.000198
0.000062
0.001228
0.001412
0.009900
0.009580
0.003379
-0.003605
-0.008877
-0.021777
-0.032281
-0.046105
-0.051110
-0.059492
-0.065067
-0.070186
-0.075717
-0.084862
-0.096286
-0.104696
-0.109395
-0.111187
-0.111134
-0.110881
-0.111703
-0.113493
-0.114342
-0.114588
-0.114928
-0.115299
-0.115843
-0.115784
-0.114344
-0.108216
-0.096564
-0.082963
-0.071581
-0.063147
-0.059030
-0.054393
-0.046437
-0.038868
-0.032448
-0.025878
-0.022114
-0.020837
-0.019583
-0.017298
-0.012803
-0.009936
-0.008675
-0.008580
-0.008176
-0.008426
-0.007438
-0.006689
-0.006325
-0.005359
-0.004442
-0.003332
-0.001873
-0.003173
0.002689
0.003717
0.001623
-0.002170
-0.003805
-0.002621
-0.004540
-0.002991
-0.000712
-0.001369
0.001012
0.001232
0.004472
0.002853
0.000790
0.001354
0.001143
0.001285
0.000960
0.002658
0.005033
0.010693
0.007413
0.000970
-0.000247
-0.001065
-0.000943
-0.000292
-0.002756
-0.000100
-0.003947
-0.005485
-0.004972
-0.005027
-0.001410
0.004225
0.012855
0.028971
0.045196
0.057969
0.066374
0.069986
0.072720
0.077500
0.085259
0.093644
0.099853
0.102049
0.101397
0.100258
0.102576
0.108164
0.115425
0.120597
0.122004
0.120781
0.118045
0.117261
0.119492
0.123174
0.125002
0.122925
0.119771
0.117605
0.117339
0.118515
0.117439
0.111868
0.095468
0.072739
0.047817
0.021984
0.005055
-0.000883
-0.004530
-0.007647
-0.015757
-0.029539
-0.048916
-0.067180
-0.083659
-0.095932
-0.099749
-0.087553
-0.096556
-0.091604
-0.091310
-0.095890
-0.103007
-0.110154
-0.111049
-0.104862
-0.096760
-0.090241
-0.088882
-0.091528
-0.095872
-0.092574
-0.073112
-0.070443
-0.052090
-0.027579
-0.004596
0.019277
0.038165
0.048240
0.049152
0.046808
0.050843
0.060916
0.075441
0.092170
0.104062
0.106318
0.103483
0.099558
0.097800
0.101396
0.107311
0.112651
0.113265
0.108575
0.103020
0.100877
0.103866
0.110020
0.117621
0.122162
0.123697
0.121445
0.115349
0.107183
0.095713
0.082772
0.071315
0.054007
0.048219
0.044054
0.034154
0.031459
0.030167
0.028312
0.025634
0.022519
0.016255
0.013207
0.010403
0.010279
0.010221
0.009944
0.009741
0.009766
0.006495
0.007112
0.007861
0.007381
0.007968
0.006499
0.005277
0.003768
0.002158
0.000681
0.001988
0.001257
0.002783
0.000699
0.000138
0.001076
0.000294
0.000470
0.001036
0.000446
0.000289
0.000655
-0.000463
0.000013
0.001817
0.001037
0.003451
0.003086
0.002878
0.002315
0.001602
0.000829
0.001043
-0.000751
-0.004450
-0.004112
-0.005394
-0.006798
-0.005418
-0.005677
-0.006388
-0.003371
-0.005208
-0.002248
-0.001907
-0.000403
0.003283
0.003552
0.008960
0.008835
0.009321
0.005620
0.003767
0.001284
-0.000513
-0.004470
-0.006781
-0.008689
-0.010050
-0.007225
-0.006825
-0.004136
-0.001473
0.001088
0.004843
0.006338
0.009038
0.009777
0.008682
0.008782
0.003963
0.000988
-0.002070
-0.007597
-0.007275
-0.008183
-0.007607
-0.005619
-0.005330
-0.002289
0.002470
0.005714
0.005318
0.008998
0.006988
0.006423
0.001283
-0.003942
-0.006169
-0.008059
-0.005761
-0.004086
0.000368
0.004684
0.007667
0.004739
0.005963
0.004621
-0.006788
-0.010487
-0.011078
-0.012045
-0.004978
-0.000292
0.002387
0.013609
0.012980
0.009882
0.009757
0.005677
0.006232
0.008497
0.015865
0.027449
0.040111
0.048203
0.052329
0.068362
0.071367
0.073581
0.077301
0.082858
0.089389
0.094290
0.096189
0.092448
0.082288
0.069986
0.061114
0.055292
0.051870
0.048314
0.044247
0.042628
0.045767
0.052667
0.065423
0.079252
0.089703
0.095055
0.095255
0.092883
0.092545
0.096240
0.106062
0.118052
0.126547
0.130020
0.129753
0.126707
0.121868
0.113995
0.100632
0.080665
0.058260
0.036030
0.020244
0.008222
0.001694
-0.008185
-0.020191
-0.034624
-0.050885
-0.066766
-0.079909
-0.090414
-0.098062
-0.101638
-0.101976
-0.102707
-0.102970
-0.105851
-0.110038
-0.115793
-0.119907
-0.123145
-0.123556
-0.123576
-0.122968
-0.124271
-0.125934
-0.127611
-0.128420
-0.127322
-0.125992
-0.124402
-0.123782
-0.123412
-0.122211
-0.119852
-0.116081
-0.108549
-0.096327
-0.079418
-0.056635
-0.028391
-0.013046
-0.002021
0.007625
0.021087
0.028643
0.039296
0.055341
0.074114
0.089365
0.098576
0.100835
0.098142
0.094074
0.094881
0.099694
0.106266
0.112108
0.112526
0.110042
0.105892
0.104754
0.106906
0.110666
0.111853
0.114142
0.116057
0.118738
0.122014
0.126018
0.129614
0.131390
0.130954
0.133184
0.133496
0.130329
0.118675
0.111265
0.082564
0.080920
0.049890
0.024128
0.007468
-0.002944
-0.011988
-0.024176
-0.037617
-0.054200
-0.070682
-0.084186
-0.093715
-0.099026
-0.101295
-0.101210
-0.101592
-0.103737
-0.106982
-0.107988
-0.102078
-0.090958
-0.076498
-0.060109
-0.048836
-0.044483
-0.041239
-0.037398
-0.034289
-0.031877
-0.035013
-0.042795
-0.054350
-0.067647
-0.077007
-0.084782
-0.090924
-0.094281
-0.095803
-0.097901
-0.102519
-0.107352
-0.113281
-0.117472
-0.119437
-0.119141
-0.117226
-0.112816
-0.103929
-0.081849
-0.067878
-0.046299
-0.028719
-0.021862
-0.010887
-0.003437
0.005783
0.019020
0.025167
0.029837
0.031876
0.019027
0.007130
-0.009518
-0.025806
-0.041906
-0.058448
-0.069774
-0.076889
-0.080014
-0.080586
-0.080576
-0.078265
-0.072490
-0.063690
-0.045822
-0.021363
0.003923
0.024147
0.034891
0.040542
0.043989
0.051652
0.051339
0.055500
0.051446
0.044046
0.034234
0.011930
-0.009540
-0.025916
-0.040015
-0.046902
-0.049438
-0.053118
-0.059693
-0.069250
-0.081435
-0.095570
-0.108557
-0.121366
-0.128257
-0.126627
-0.120816
-0.113999
-0.109127
-0.102449
-0.083444
-0.078742
-0.057820
-0.033288
-0.010851
0.008130
0.020947
0.029216
0.034331
0.033388
0.035500
0.038782
0.040415
0.030392
0.027682
0.024002
0.021649
0.021320
0.021242
0.017861
0.018656
0.018573
0.019118
0.015357
0.014646
0.010093
0.010093
0.006188
0.010596
0.007128
0.006927
0.005310
0.003202
0.001633
-0.006371
-0.007656
-0.014527
-0.011754
-0.010004
-0.008570
-0.005573
-0.003884
-0.007270
-0.008292
-0.004208
-0.000638
-0.002614
-0.007486
-0.015784
-0.027722
-0.039781
-0.049161
-0.054060
-0.056453
-0.060293
-0.067321
-0.076852
-0.089487
-0.101316
-0.109504
-0.094225
-0.094977
-0.079474
-0.057441
-0.031225
-0.008426
0.008665
0.017506
0.022348
0.030651
0.041489
0.055047
0.068612
0.085395
0.099869
0.108149
0.110677
0.109415
0.108145
0.111407
0.118476
0.124939
0.126698
0.123027
0.114806
0.107186
0.101999
0.097780
0.092189
0.084307
0.062993
0.054307
0.046029
0.041187
0.032046
0.029905
0.030473
0.031459
0.030482
0.024800
0.021591
0.018344
0.013434
0.010697
0.008971
0.008878
0.007797
0.008620
0.010489
0.012601
0.006555
0.006065
0.003270
0.000942
-0.000272
-0.001349
-0.002538
-0.002835
-0.001985
-0.001009
0.000489
0.001946
0.002194
0.002001
0.001630
-0.006694
-0.007546
-0.007965
-0.006687
-0.005664
0.004493
0.007913
0.006466
0.001208
-0.001334
-0.004813
-0.004208
-0.002724
-0.001225
0.001231
0.000062
0.000353
0.004791
0.002913
0.002406
-0.004900
-0.011947
-0.023225
-0.042956
-0.056336
-0.067377
-0.074856
-0.080515
-0.084424
-0.087952
-0.091546
-0.097188
-0.103438
-0.107862
-0.108367
-0.105061
-0.103467
-0.103801
-0.107069
-0.110740
-0.114914
-0.120654
-0.124387
-0.128451
-0.127445
-0.120281
-0.106015
-0.086387
-0.070025
-0.046058
-0.028264
-0.014515
-0.005091
0.007248
0.019015
0.032387
0.046989
0.064792
0.082103
0.094302
0.085621
0.095604
0.084035
0.066861
0.058289
0.057766
0.060492
0.070391
0.082447
0.089778
0.089471
0.083722
0.079341
0.078072
0.083411
0.092136
0.101099
0.106572
0.106370
0.098418
0.086225
0.074694
0.067674
0.065597
0.063318
0.057867
0.054456
0.048892
0.042493
0.038413
0.030657
0.032626
0.030254
0.031159
0.033509
0.033832
0.027673
0.026879
0.027009
0.026433
0.027181
0.023830
0.025306
0.027572
0.028838
0.031793
0.033307
0.034807
0.034747
0.034077
0.031445
0.029664
0.026978
0.024206
0.022236
0.021195
0.020778
0.021027
0.021705
0.022688
0.024078
0.024736
0.026023
0.027139
0.028043
0.028658
0.028890
0.028723
0.027518
0.026836
0.025793
0.024410
0.022923
0.022615
0.022154
0.022151
0.022281
0.023152
0.023708
0.024106
0.024812
0.025702
0.025926
0.027217
0.028255
0.029130
0.029419
0.028896
0.027584
0.026266
0.024447
0.022764
0.022095
0.021110
0.021222
0.021574
0.022795
0.024090
0.025181
0.025886
0.026541
0.027098
0.026816
0.026343
0.025969
0.025001
0.023596
0.022329
0.021494
0.021080
0.020773
0.020592
0.021415
0.022400
0.023471
0.024645
0.026404
0.027272
0.028084
0.028531
0.028932
0.028326
0.025714
0.024517
0.023406
0.024284
0.029754
0.028352
0.030839
0.029337
0.023065
0.024278
0.021482
0.021316
0.021303
0.019191
0.022184
0.016295
0.016426
0.020116
0.020494
0.023661
0.021457
0.013216
-0.001122
-0.015103
-0.028724
-0.036476
-0.040493
-0.043785
-0.048675
-0.058308
-0.071526
-0.084512
-0.098305
-0.111409
-0.119280
-0.117915
-0.110937
-0.104006
-0.101423
-0.102181
-0.106746
-0.109232
-0.110687
-0.109418
-0.107627
-0.107293
-0.107266
-0.107100
-0.105011
-0.100984
-0.092789
-0.080681
-0.067909
-0.051346
-0.041687
-0.037844
-0.035030
-0.029374
-0.031688
-0.030683
-0.029424
-0.030630
-0.029725
-0.028515
-0.023546
-0.023759
-0.024123
-0.024248
-0.024263
-0.023416
-0.022293
-0.022662
-0.022026
-0.020475
-0.019144
-0.019086
-0.018651
-0.019705
-0.019633
-0.019087
-0.021233
-0.020557
-0.020340
-0.023080
-0.022192
-0.022216
-0.022438
-0.022832
-0.022868
-0.024600
-0.024054
-0.023570
-0.022886
-0.021564
-0.020349
-0.018786
-0.017269
-0.015675
-0.015000
-0.014507
-0.013155
-0.013483
-0.013812
-0.013803
-0.015081
-0.015500
-0.019018
-0.019426
-0.020073
-0.020275
-0.019561
-0.018629
-0.017651
-0.016829
-0.015827
-0.015576
-0.014951
-0.014604
-0.013191
-0.013861
-0.014082
-0.014860
-0.015462
-0.015096
-0.016072
-0.016554
-0.016503
-0.016757
-0.017026
-0.016210
-0.016029
-0.015778
-0.015724
-0.015129
-0.015014
-0.014853
-0.015829
-0.016807
-0.017885
-0.018266
-0.018679
-0.018648
-0.018901
-0.018114
-0.016983
-0.015828
-0.014668
-0.013860
-0.013620
-0.013843
-0.015073
-0.015573
-0.016254
-0.016857
-0.017324
-0.017757
-0.017679
-0.016866
-0.016373
-0.015225
-0.014853
-0.013866
-0.013682
-0.013836
-0.014660
-0.015375
-0.017781
-0.018380
-0.020127
-0.021081
-0.020651
-0.020105
-0.019498
-0.017934
-0.015691
-0.014580
-0.012889
-0.011490
-0.011909
-0.011147
-0.012715
-0.016316
-0.018309
-0.019659
-0.021410
-0.021026
-0.019854
-0.017773
-0.016432
-0.014707
-0.014054
-0.013356
-0.013035
-0.014348
-0.014675
-0.016816
-0.017698
-0.019257
-0.020733
-0.021872
-0.021049
-0.020060
-0.018352
-0.016210
-0.014499
-0.013129
-0.012425
-0.014464
-0.012538
-0.014807
-0.013667
-0.014645
-0.015381
-0.016562
-0.016861
-0.017100
-0.017161
-0.017481
-0.017566
-0.016946
-0.017491
-0.017375
-0.017832
-0.017236
-0.016934
-0.015770
-0.015438
-0.014799
-0.015023
-0.014099
-0.016850
-0.017723
-0.019404
-0.019399
-0.019936
-0.021933
-0.021440
-0.019629
-0.018163
-0.016601
-0.021273
-0.018429
-0.018564
-0.018540
-0.022966
-0.021431
-0.018174
-0.017665
-0.015743
-0.011134
-0.006635
0.002963
0.014770
0.026487
0.037098
0.046042
0.055075
0.063903
0.073248
0.082067
0.087904
0.092602
0.095887
0.098616
0.100426
0.102284
0.104230
0.108672
0.114569
0.119396
0.122434
0.123072
0.123276
0.123577
0.121596
0.117836
0.112282
0.103511
0.091005
0.074508
0.063272
0.048117
0.041411
0.036938
0.035398
0.030827
0.030262
0.028794
0.027730
0.026603
0.024353
0.018337
0.016531
0.015898
0.016203
0.016634
0.017899
0.018736
0.019753
0.020256
0.020585
0.020946
0.019530
0.018625
0.017930
0.016329
0.014949
0.014218
0.013632
0.011934
0.012198
0.012329
0.011859
0.011538
0.011831
0.011309
0.010741
0.010781
0.012634
0.012831
0.013171
0.013323
0.014575
0.015739
0.017594
0.018609
0.018862
0.018650
0.018853
0.016443
0.014842
0.012717
0.010982
0.010024
0.009826
0.009690
0.010613
0.011668
0.012585
0.013429
0.013848
0.013571
0.013270
0.012423
0.011235
0.009882
0.008586
0.008266
0.007985
0.008317
0.009163
0.010084
0.011656
0.012890
0.014394
0.015142
0.015832
0.015560
0.014921
0.013738
0.012923
0.013295
0.012963
0.012345
0.013044
0.014052
0.014833
0.018620
0.017067
0.016885
0.018661
0.017168
0.014975
0.016764
0.014180
0.012405
0.010281
0.009460
0.009207
0.009677
0.010816
0.012958
0.014313
0.015897
0.016875
0.017688
0.018434
0.016795
0.014331
0.013394
0.010478
0.009340
0.008613
0.008650
0.009153
0.009914
0.010023
0.010747
0.011285
0.011181
0.011179
0.011373
0.011088
0.011122
0.010357
0.010882
0.010548
0.011547
0.011826
0.012414
0.013099
0.013995
0.014844
0.014038
0.015286
0.015342
0.015187
0.014259
0.013420
0.012045
0.011505
0.011053
0.011939
0.012489
0.013410
0.014413
0.015309
0.015766
0.016179
0.016149
0.015622
0.015343
0.014329
0.013606
0.012502
0.012533
0.011804
0.012297
0.012824
0.013487
0.014366
0.014665
0.015156
0.014456
0.014483
0.013885
0.013186
0.012703
0.011691
0.011026
0.011304
0.011729
0.011714
0.011856
0.012083
0.012606
0.012778
0.012789
0.012309
0.013082
0.011135
0.011538
0.011171
0.010979
0.010253
0.009812
0.009473
0.009476
0.009232
0.009760
0.009548
0.009882
0.010137
0.011154
0.010189
0.010524
0.012016
0.013104
0.013632
0.013504
0.015499
0.015775
0.015899
0.016188
0.015817
0.015455
0.014510
0.014170
0.013396
0.013676
0.013357
0.013196
0.013109
0.012179
0.012287
0.011627
0.011284
0.010382
0.009555
0.009387
0.007848
0.009240
0.006490
0.007683
0.009029
0.009177
0.010023
0.010085
0.010263
0.008082
0.007838
0.007675
0.007767
0.008095
0.008731
0.009329
0.009832
0.010385
0.010967
0.011285
0.011373
0.011448
0.011773
0.012232
0.014069
0.013852
0.013640
0.016096
0.020614
0.024180
0.023895
0.021271
0.018512
0.015568
0.010439
0.010987
0.006556
0.007516
0.011616
0.012469
0.013414
0.012688
0.015089
0.015504
0.017354
0.012356
0.000739
-0.010445
-0.022925
-0.032407
-0.037630
-0.041048
-0.046966
-0.056547
-0.066800
-0.078138
-0.090891
-0.102471
-0.108583
-0.110083
-0.108641
-0.106305
-0.104597
-0.107900
-0.111622
-0.114298
-0.113454
-0.111351
-0.110320
-0.109983
-0.111505
-0.114564
-0.114063
-0.108671
-0.099796
-0.090502
-0.084511
-0.080418
-0.079979
-0.077857
-0.077048
-0.066559
-0.062557
-0.058266
-0.061373
-0.050784
-0.048551
-0.045479
-0.044115
-0.036841
-0.026272
-0.016437
-0.006385
0.005120
0.014132
0.024979
0.031963
0.034514
0.036245
0.033615
0.035614
0.029176
0.029336
0.032508
0.025305
0.021261
0.012552
0.001966
-0.008155
-0.012622
-0.014386
-0.014933
-0.014231
-0.018252
-0.022088
-0.024445
-0.026304
-0.027115
-0.030098
-0.033256
-0.036390
-0.035705
-0.032601
-0.023503
-0.014954
-0.004033
0.006793
0.015603
0.023174
0.027074
0.030558
0.030507
0.029975
0.034513
0.034956
0.032126
0.027504
0.017684
0.006380
-0.005116
-0.013594
-0.017024
-0.016086
-0.017410
-0.021585
-0.027779
-0.035160
-0.040475
-0.043120
-0.042064
-0.041516
-0.042325
-0.044922
-0.047860
-0.050678
-0.052158
-0.052659
-0.049409
-0.049008
-0.046761
-0.048585
-0.044218
-0.045457
-0.038714
-0.035201
-0.030422
-0.024684
-0.015417
-0.007964
-0.001871
0.003887
0.008551
0.015368
0.018846
0.027092
0.030810
0.042276
0.043155
0.044298
0.040110
0.031696
0.023097
0.011696
0.004426
-0.004985
-0.012623
-0.016426
-0.021202
-0.023471
-0.025466
-0.034371
-0.040150
-0.037739
-0.034016
-0.024207
-0.011988
-0.003770
0.004407
0.001524
0.000782
0.000724
0.005889
0.015296
0.025913
0.033777
0.038440
0.042068
0.037378
0.023310
0.012495
0.000426
-0.006302
-0.007168
-0.006726
-0.007872
-0.011964
-0.021180
-0.030321
-0.035577
-0.036345
-0.034745
-0.034417
-0.036183
-0.042531
-0.047631
-0.050246
-0.050062
-0.047180
-0.039487
-0.044579
-0.048312
-0.055859
-0.058982
-0.060140
-0.057243
-0.053456
-0.041488
-0.031446
-0.022734
-0.013357
-0.009685
-0.006426
-0.002214
0.002261
0.010140
0.019128
0.026744
0.031573
0.035637
0.032150
0.032203
0.032213
0.031654
0.039366
0.043211
0.048628
0.051256
0.058234
0.039680
0.028275
0.009589
-0.006582
-0.018381
-0.019317
-0.015268
-0.014225
-0.019214
-0.026081
-0.031959
-0.036817
-0.039135
-0.039274
-0.039176
-0.040003
-0.041344
-0.046220
-0.050997
-0.044210
-0.043582
-0.039643
-0.043248
-0.045339
-0.050435
-0.051537
-0.050498
-0.043699
-0.033982
-0.024500
-0.011181
-0.001652
0.001222
0.004091
0.006748
0.010097
0.017966
0.023996
0.026694
0.030241
0.029730
0.034164
0.035775
0.033641
0.033109
0.036977
0.039125
0.039092
0.037298
0.028290
0.022708
0.013600
0.000129
-0.010267
-0.019210
-0.021499
-0.020975
-0.022266
-0.024934
-0.029940
-0.035471
-0.039669
-0.041156
-0.041131
-0.040620
-0.041910
-0.043761
-0.048886
-0.044577
-0.042809
-0.044218
-0.044616
-0.045254
-0.041547
-0.041255
-0.040760
-0.038186
-0.032004
-0.020853
-0.016705
-0.005881
0.000821
0.008597
0.014397
0.018654
0.021812
0.025647
0.028257
0.028574
0.028391
0.027489
0.026330
0.023871
0.021063
0.018647
0.012817
0.004540
-0.003124
-0.008624
-0.015232
-0.020136
-0.022892
-0.024532
-0.024078
-0.023469
-0.021849
-0.020716
-0.020655
-0.020401
-0.019023
-0.018418
-0.015974
-0.011835
-0.010373
-0.008135
-0.002385
-0.001809
-0.002270
-0.004059
-0.004490
-0.006540
-0.003762
-0.003603
-0.002998
-0.001149
-0.000728
0.003466
0.008036
0.005468
0.005215
0.003863
0.001782
0.002205
0.004260
0.005087
0.004194
0.008825
0.007077
0.002804
0.002315
0.000874
-0.001026
0.001239
0.001162
-0.002532
-0.004878
-0.006811
-0.007008
-0.007465
-0.010913
-0.016604
-0.025310
-0.033661
-0.037320
-0.038392
-0.039318
-0.041839
-0.047267
-0.053363
-0.059809
-0.064660
-0.067921
-0.070191
-0.071343
-0.070848
-0.070391
-0.060383
-0.062056
-0.061803
-0.064733
-0.055325
-0.054209
-0.050137
-0.045436
-0.039991
-0.031745
-0.027969
-0.024369
-0.024677
-0.023423
-0.017898
-0.014695
-0.014356
-0.017497
-0.012351
-0.012667
-0.010206
-0.003634
-0.003006
-0.002516
-0.002414
-0.001666
0.001833
0.002371
0.001502
0.001916
-0.000239
0.001947
-0.000455
-0.000956
0.000176
-0.000916
-0.003187
-0.002268
-0.001793
-0.001233
-0.003715
-0.008175
-0.015614
-0.028487
-0.042079
-0.053073
-0.060375
-0.060227
-0.062742
-0.069650
-0.080352
-0.093068
-0.103671
-0.107234
-0.101690
-0.089269
-0.070960
-0.048263
-0.023789
-0.000491
0.014345
0.022552
0.029439
0.038123
0.042910
0.054291
0.066226
0.077347
0.072741
0.075228
0.075020
0.072266
0.066510
0.059890
0.044404
0.038624
0.038333
0.031850
0.025868
0.023277
0.018637
0.016787
0.015583
0.015095
0.013731
0.012315
0.009914
0.007824
0.006666
-0.000388
-0.000727
0.001968
0.001035
0.000279
-0.000902
-0.000684
0.000419
0.002083
0.003006
0.003891
0.003329
0.001783
-0.000072
-0.001171
-0.001655
-0.001746
-0.001094
0.000342
0.002044
0.003977
0.003690
0.006393
0.002916
0.001321
0.000264
-0.000447
-0.001252
0.000365
-0.001105
-0.000727
0.005252
0.004827
0.002899
0.000994
-0.000255
-0.001310
0.001136
0.001647
-0.001514
-0.002632
-0.004624
-0.000113
-0.002443
-0.002297
-0.004639
-0.003971
-0.004670
-0.005126
-0.003697
-0.005135
-0.004346
-0.003752
-0.000819
-0.001463
-0.003257
-0.001382
-0.000200
0.000125
0.002794
0.004477
0.006148
0.000000
0.000000
0.000000
0.000000
0.000000
0.000000
0.000000
0.000000
0.000000
0.000000
0.000000
0.000000
0.000000
0.000000
0.000000
0.000000
0.000000
0.000000
0.000000
0.000000
0.000000
0.000000
0.000000
0.000000
0.000000
0.000000
0.000000
0.000000
0.000000
0.000000
0.000000
0.000000
0.000000
0.000000
0.000000
0.000000
0.000000
0.000000
0.000000
0.000000
0.000000
0.000000
0.000000
0.000000
0.000000
0.000000
0.000000
0.000000
0.000000
0.000000
0.000000
0.000000
0.000000
0.000000
0.000000
0.000000
0.000000
0.000000
0.000000
0.000000
0.000000
0.000000
0.000000
0.000000
0.000000
0.000000
0.000000
0.000000
0.000000
0.000000
0.000000
0.000000
0.000000
0.000000
0.000000
0.000000
0.000000
0.000000
0.000000
0.000000
0.000000
0.000000
0.000000
0.000000
0.000000
0.000000
0.000000
0.000000
0.000000
0.000000
0.000000
0.000000
0.000000
0.000000
0.000000
0.000000
0.000000
0.000000
0.000000
0.000000
0.000000
0.000000
0.000000
0.000000
0.000000
0.000000
0.000000
0.000000
0.000000
0.000000
0.000000
0.000000
0.000000
0.000000
0.000000
0.000000
0.000000
0.000000
0.000000
0.000000
0.000000
0.000000
0.000000
0.000000
0.000000
0.000000
0.000000
0.000000
0.000000
0.000000
0.000000
0.000000
0.000000
0.000000
0.000000
0.000000
0.000000
0.000000
0.000000
0.000000
0.000000
0.000000
0.000000
0.000000
0.000000
0.000000
0.000000
0.000000
0.000000
0.000000
0.000000
0.000000
0.000000
0.000000
0.000000
0.000000
0.000000
0.000000
0.000000
0.000000
0.000000
0.000000
0.000000
0.000000
0.000000
0.000000
0.000000
0.000000
0.000000
0.000000
0.000000
0.000000
0.000000
0.000000
0.000000
0.000000
0.000000
0.000000
0.000000
0.000000
0.000000
0.000000
0.000000
0.000000
0.000000
0.000000
0.000000
0.000000
0.000000
0.000000
0.000000
0.000000
0.000000
0.000000
0.000000
0.000000
0.000000
0.000000
0.000000
0.000000
0.000000
0.000000
0.000000
0.000000
0.000000
0.000000
0.000000
0.000000
0.000000
0.000000
0.000000
0.000000
0.000000
0.000000
0.000000
0.000000
0.000000
0.000000
0.000000
0.000000
0.000000
0.000000
0.000000
0.000000
0.000000
0.000000
0.000000
0.000000
0.000000
0.000000
0.000000
0.000000
0.000000
0.000000
0.000000
0.000000
0.000000
0.000000
0.000000
0.000000
0.000000
0.000000
0.000000
0.000000
0.000000
0.000000
0.000000
0.000000
0.000000
0.000000
0.000000
0.000000
0.000000
0.000000
0.000000
0.000000
0.000000
0.000000
0.000000
0.000000
0.000000
0.000000
0.000000
0.000000
0.000000
0.000000
0.000000
0.000000
0.000000
0.000000
0.000000
0.000000
0.000000
0.000000
0.000000
0.000000
0.000000
0.000000
0.000000
0.000000
0.000000
0.000000
0.000000
0.000000
0.000000
0.000000
0.000000
0.000000
0.000000
0.000000
0.000000
0.000000
0.000000
0.000000
0.000000
0.000000
0.000000
0.000000
0.000000
0.000000
0.000000
0.000000
0.000000
0.000000
0.000000
0.000000
0.000000
0.000000
0.000000
0.000000
0.000000
0.000000
0.000000
0.000000
0.000000
0.000000
0.000000
0.000000
0.000000
0.000000
0.000000
0.000000
0.000000
0.000000
0.000000
0.000000
0.000000
0.000000
0.000000
0.000000
0.000000
0.000000
0.000000
0.000000
0.000000
0.000000
0.000000
0.000000
0.000000
0.000000
0.000000
0.000000
0.000000
0.000000
0.000000
0.000000
0.000000
0.000000
0.000000
0.000000
0.000000
0.000000
0.000000
0.000000
0.000000
0.000000
0.000000
0.000000
0.000000
0.000000
0.000000
0.000000
0.000000
0.000000
0.000000
0.000000
0.000000
0.000000
0.000000
0.000000
0.000000
0.000000
0.000000
0.000000
0.000000
0.000000
0.000000
0.000000
0.000000
0.000000
0.000000
0.000000
0.000000
0.000000
0.000000
0.000000
0.000000
0.000000
0.000000
0.000000
0.000000
0.000000
0.000000
0.000000
0.000000
0.000000
0.000000
0.000000
0.000000
0.000000
0.000000
0.000000
0.000000
0.000000
0.000000
0.000000
0.000000
0.000000
0.000000
0.000000
0.000000
0.000000
0.000000
0.000000
0.000000
0.000000
0.000000
0.000000
0.000000
0.000000
0.000000
0.000000
0.000000
0.000000
0.000000
0.000000
0.000000
0.000000
0.000000
0.000000
0.000000
0.000000
0.000000
0.000000
0.000000
0.000000
0.000000
0.000000
0.000000
0.000000
0.000000
0.000000
0.000000
0.000000
0.000000
0.000000
0.000000
0.000000
0.000000
0.000000
0.000000
0.000000
0.000000
0.000000
0.000000
0.000000
0.000000
0.000000
0.000000
0.000000
0.000000
0.000000
0.000000
0.000000
0.000000
0.000000
0.000000
0.000000
0.000000
0.000000
0.000000
0.000000
0.000000
0.000000
0.000000
0.000000
0.000000
0.000000
0.000000
0.000000
0.000000
0.000000
0.000000
0.000000
0.000000
0.000000
0.000000
0.000000
0.000000
0.000000
0.000000
0.000000
0.000000
0.000000
0.000000
0.000000
0.000000
0.000000
0.000000
0.000000
0.000000
0.000000
0.000000
0.000000
0.000000
0.000000
0.000000
0.000000
0.000000
0.000000
0.000000
0.000000
0.000000
0.000000
0.000000
0.000000
0.000000
0.000000
0.000000
0.000000
0.000000
0.000000
0.000000
0.000000
0.000000
0.000000
0.000000
0.000000
0.000000
0.000000
0.000000
0.000000
0.000000
0.000000
0.000000
0.000000
0.000000
0.000000
0.000000
0.000000
0.000000
0.000000
0.000000
0.000000
0.000000
0.000000
0.000000
0.000000
0.000000
0.000000
0.000000
0.000000
0.000000
0.000000
0.000000
0.000000
0.000000
0.000000
0.000000
0.000000
0.000000
0.000000
0.000000
0.000000
0.000000
0.000000
0.000000
0.000000
0.000000
0.000000
0.000000
0.000000
0.000000
0.000000
0.000000
0.000000
0.000000
0.000000
0.000000
0.000000
0.000000
0.000000
0.000000
0.000000
0.000000
0.000000
0.000000
0.000000
0.000000
0.000000
0.000000
0.000000
0.000000
0.000000
0.000000
0.000000
0.000000
0.000000
0.000000
0.000000
0.000000
0.000000
0.000000
0.000000
0.000000
0.000000
0.000000
0.000000
0.000000
0.000000
0.000000
0.000000
0.000000
0.000000
0.000000
0.000000
0.000000
0.000000
0.000000
0.000000
0.000000
0.000000
0.000000
0.000000
0.000000
0.000000
0.000000
0.000000
0.000000
0.000000
0.000000
0.000000
0.000000
0.000000
0.000000
0.000000
0.000000
0.000000
0.000000
0.000000
0.000000
0.000000
0.000000
0.000000
0.000000
0.000000
0.000000
0.000000
0.000000
0.000000
0.000000
0.000000
0.000000
0.000000
0.000000
0.000000
0.000000
0.000000
0.000000
0.000000
0.000000
0.000000
0.000000
0.000000
0.000000
0.000000
0.000000
0.000000
0.000000
0.000000
0.000000
0.000000
0.000000
0.000000
0.000000
0.000000
0.000000
0.000000
0.000000
0.000000
0.000000
0.000000
0.000000
0.000000
0.000000
0.000000
0.000000
0.000000
0.000000
0.000000
0.000000
0.000000
0.000000
0.000000
0.000000
0.000000
0.000000
0.000000
0.000000
0.000000
0.000000
0.000000
0.000000
0.000000
0.000000
0.000000
0.000000
0.000000
0.000000
0.000000
0.000000
0.000000
0.000000
0.000000
0.000000
0.000000
0.000000
0.000000
0.000000
0.000000
0.000000
0.000000
0.000000
0.000000
0.000000
0.000000
0.000000
0.000000
0.000000
0.000000
0.000000
0.000000
0.000000
0.000000
0.000000
0.000000
0.000000
0.000000
0.000000
0.000000
0.000000
0.000000
0.000000
0.000000
0.000000
0.000000
0.000000
0.000000
0.000000
0.000000
0.000000
0.000000
0.000000
0.000000
0.000000
0.000000
0.000000
0.000000
0.000000
0.000000
0.000000
0.000000
0.000000
0.000000
0.000000
0.000000
0.000000
0.000000
0.000000
0.000000
0.000000
0.000000
0.000000
0.000000
0.000000
0.000000
0.000000
0.000000
0.000000
0.000000
0.000000
0.000000
0.000000
0.000000
0.000000
0.000000
0.000000
0.000000
0.000000
0.000000
0.000000
0.000000
0.000000
0.000000
0.000000
0.000000
0.000000
0.000000
0.000000
0.000000
0.000000
0.000000
0.000000
0.000000
0.000000
0.000000
0.000000
0.000000
0.000000
0.000000
0.000000
0.000000
0.000000
0.000000
0.000000
0.000000
0.000000
0.000000
0.000000
0.000000
0.000000
0.000000
0.000000
0.000000
0.000000
0.000000
0.000000
0.000000
0.000000
0.000000
0.000000
0.000000
0.000000
0.000000
0.000000
0.000000
0.000000
0.000000
0.000000
0.000000
0.000000
0.000000
0.000000
0.000000
0.000000
0.000000
0.000000
0.000000
0.000000
0.000000
0.000000
0.000000
0.000000
0.000000
0.000000
0.000000
0.000000
0.000000
0.000000
0.000000
0.000000
0.000000
0.000000
0.000000
0.000000
0.000000
0.000000
0.000000
0.000000
0.000000
0.000000
0.000000
0.000000
0.000000
0.000000
0.000000
0.000000
0.000000
0.000000
0.000000
0.000000
0.000000
0.000000
0.000000
0.000000
0.000000
0.000000
0.000000
0.000000
0.000000
0.000000
0.000000
0.000000
0.000000
0.000000
0.000000
0.000000
0.000000
0.000000
0.000000
0.000000
0.000000
0.000000
0.000000
0.000000
0.000000
0.000000
0.000000
0.000000
0.000000
0.000000
0.000000
0.000000
0.000000
0.000000
0.000000
0.000000
0.000000
0.000000
0.000000
0.000000
0.000000
0.000000
0.000000
0.000000
0.000000
0.000000
0.000000
0.000000
0.000000
0.000000
0.000000
0.000000
0.000000
0.000000
0.000000
0.000000
0.000000
0.000000
0.000000
0.000000
0.000000
0.000000
0.000000
0.000000
0.000000
0.000000
0.000000
0.000000
0.000000
0.000000
0.000000
0.000000
0.000000
0.000000
0.000000
0.000000
0.000000
0.000000
0.000000
0.000000
0.000000
0.000000
0.000000
0.000000
0.000000
0.000000
0.000000
0.000000
0.000000
0.000000
0.000000
0.000000
0.000000
0.000000
0.000000
0.000000
0.000000
0.000000
0.000000
0.000000
0.000000
0.000000
0.000000
0.000000
0.000000
0.000000
0.000000
0.000000
0.000000
0.000000
0.000000
0.000000
0.000000
0.000000
0.000000
0.000000
0.000000
0.000000
0.000000
0.000000
0.000000
0.000000
0.000000
0.000000
0.000000
0.000000
0.000000
0.000000
0.000000
0.000000
0.000000
0.000000
0.000000
0.000000
0.000000
0.000000
0.000000
0.000000
0.000000
0.000000
0.000000
0.000000
0.000000
0.000000
0.000000
0.000000
0.000000
0.000000
0.000000
0.000000
0.000000
0.000000
0.000000
0.000000
0.000000
0.000000
0.000000
0.000000
0.000000
0.000000
0.000000
0.000000
0.000000
0.000000
0.000000
0.000000
0.000000
0.000000
0.000000
0.000000
0.000000
0.000000
0.000000
0.000000
0.000000
0.000000
0.000000
0.000000
0.000000
0.000000
0.000000
0.000000
0.000000
0.000000
0.000000
0.000000
0.000000
0.000000
0.000000
0.000000
0.000000
0.000000
0.000000
0.000000
0.000000
0.000000
0.000000
0.000000
0.000000
0.000000
0.000000
0.000000
0.000000
0.000000
0.000000
0.000000
0.000000
0.000000
0.000000
0.000000
0.000000
0.000000
0.000000
0.000000
0.000000
0.000000
0.000000
0.000000
0.000000
0.000000
0.000000
0.000000
0.000000
0.000000
0.000000
0.000000
0.000000
0.000000
0.000000
0.000000
0.000000
0.000000
0.000000
0.000000
0.000000
0.000000
0.000000
0.000000
0.000000
0.000000
0.000000
0.000000
0.000000
0.000000
0.000000
0.000000
0.000000
0.000000
0.000000
0.000000
0.000000
0.000000
0.000000
0.000000
0.000000
0.000000
0.000000
0.000000
0.000000
0.000000
0.000000
0.000000
0.000000
0.000000
0.000000
0.000000
0.000000
0.000000
0.000000
0.000000
0.000000
0.000000
0.000000
0.000000
0.000000
0.000000
0.000000
0.000000
0.000000
0.000000
0.000000
0.000000
0.000000
0.000000
0.000000
0.000000
0.000000
0.000000
0.000000
0.000000
0.000000
0.000000
0.000000
0.000000
0.000000
0.000000
0.000000
0.000000
0.000000
0.000000
0.000000
0.000000
0.000000
0.000000
0.000000
0.000000
0.000000
0.000000
0.000000
0.000000
0.000000
0.000000
0.000000
0.000000
0.000000
0.000000
0.000000
0.000000
0.000000
0.000000
0.000000
0.000000
0.000000
0.000000
0.000000
0.000000
0.000000
0.000000
0.000000
0.000000
0.000000
0.000000
0.000000
0.000000
0.000000
0.000000
0.000000
0.000000
0.000000
0.000000
0.000000
0.000000
0.000000
0.000000
0.000000
0.000000
0.000000
0.000000
0.000000
0.000000
0.000000
0.000000
0.000000
0.000000
0.000000
0.000000
0.000000
0.000000
0.000000
0.000000
0.000000
0.000000
0.000000
0.000000
0.000000
0.000000
0.000000
0.000000
0.000000
0.000000
0.000000
0.000000
0.000000
0.000000
0.000000
0.000000
0.000000
0.000000
0.000000
0.000000
0.000000
0.000000
0.000000
0.000000
0.000000
0.000000
0.000000
0.000000
0.000000
0.000000
0.000000
0.000000
0.000000
0.000000
0.000000
0.000000
0.000000
0.000000
0.000000
0.000000
0.000000
0.000000
0.000000
0.000000
0.000000
0.000000
0.000000
0.000000
0.000000
0.000000
0.000000
0.000000
0.000000
0.000000
0.000000
0.000000
0.000000
0.000000
0.000000
0.000000
0.000000
0.000000
0.000000
0.000000
0.000000
0.000000
0.000000
0.000000
0.000000
0.000000
0.000000
0.000000
0.000000
0.000000
0.000000
0.000000
0.000000
0.000000
0.000000
0.000000
0.000000
0.000000
0.000000
0.000000
0.000000
0.000000
0.000000
0.000000
0.000000
0.000000
0.000000
0.000000
0.000000
0.000000
0.000000
0.000000
0.000000
0.000000
0.000000
0.000000
0.000000
0.000000
0.000000
0.000000
0.000000
0.000000
0.000000
0.000000
0.000000
0.000000
0.000000
0.000000
0.000000
0.000000
0.000000
0.000000
0.000000
0.000000
0.000000
0.000000
0.000000
0.000000
0.000000
0.000000
0.000000
0.000000
0.000000
0.000000
0.000000
0.000000
0.000000
0.000000
0.000000
0.000000
0.000000
0.000000
0.000000
0.000000
0.000000
0.000000
0.000000
0.000000
0.000000
0.000000
0.000000
0.000000
0.000000
0.000000
0.000000
0.000000
0.000000
0.000000
0.000000
0.000000
0.000000
0.000000
0.000000
0.000000
0.000000
0.000000
0.000000
0.000000
0.000000
0.000000
0.000000
0.000000
0.000000
0.000000
0.000000
0.000000
0.000000
0.000000
0.000000
0.000000
0.000000
0.000000
0.000000
0.000000
0.000000
0.000000
0.000000
0.000000
0.000000
0.000000
0.000000
0.000000
0.000000
0.000000
0.000000
0.000000
0.000000
0.000000
0.000000
0.000000
0.000000
0.000000
0.000000
0.000000
0.000000
0.000000
0.000000
0.000000
0.000000
0.000000
0.000000
0.000000
0.000000
0.000000
0.000000
0.000000
0.000000
0.000000
0.000000
0.000000
0.000000
0.000000
0.000000
0.000000
0.000000
0.000000
0.000000
0.000000
0.000000
0.000000
0.000000
0.000000
0.000000
0.000000
0.000000
0.000000
0.000000
0.000000
0.000000
0.000000
0.000000
0.000000
0.000000
0.000000
0.000000
0.000000
0.000000
0.000000
0.000000
0.000000
0.000000
0.000000
0.000000
0.000000
0.000000
0.000000
0.000000
0.000000
0.000000
0.000000
0.000000
0.000000
0.000000
0.000000
0.000000
0.000000
0.000000
0.000000
0.000000
0.000000
0.000000
0.000000
0.000000
0.000000
0.000000
0.000000
0.000000
0.000000
0.000000
0.000000
0.000000
0.000000
0.000000
0.000000
0.000000
0.000000
0.000000
0.000000
0.000000
0.000000
0.000000
0.000000
0.000000
0.000000
0.000000
0.000000
0.000000
0.000000
0.000000
0.000000
0.000000
0.000000
0.000000
0.000000
0.000000
0.000000
0.000000
0.000000
0.000000
0.000000
0.000000
0.000000
0.000000
0.000000
0.000000
0.000000
0.000000
0.000000
0.000000
0.000000
0.000000
0.000000
0.000000
0.000000
0.000000
0.000000
0.000000
0.000000
0.000000
0.000000
0.000000
0.000000
0.000000
0.000000
0.000000
0.000000
0.000000
0.000000
0.000000
0.000000
0.000000
0.000000
0.000000
0.000000
0.000000
0.000000
0.000000
0.000000
0.000000
0.000000
0.000000
0.000000
0.000000
0.000000
0.000000
0.000000
0.000000
0.000000
0.000000
0.000000
0.000000
0.000000
0.000000
0.000000
0.000000
0.000000
0.000000
0.000000
0.000000
0.000000
0.000000
0.000000
0.000000
0.000000
0.000000
0.000000
0.000000
0.000000
0.000000
0.000000
0.000000
0.000000
0.000000
0.000000
0.000000
0.000000
0.000000
0.000000
0.000000
0.000000
0.000000
0.000000
0.000000
0.000000
0.000000
0.000000
0.000000
0.000000
0.000000
0.000000
0.000000
0.000000
0.000000
0.000000
0.000000
0.000000
0.000000
0.000000
0.000000
0.000000
0.000000
0.000000
0.000000
0.000000
0.000000
0.000000
0.000000
0.000000
0.000000
0.000000
0.000000
0.000000
0.000000
0.000000
0.000000
0.000000
0.000000
0.000000
0.000000
0.000000
0.000000
0.000000
0.000000
0.000000
0.000000
0.000000
0.000000
0.000000
0.000000
0.000000
0.000000
0.000000
0.000000
0.000000
0.000000
0.000000
0.000000
0.000000
0.000000
0.000000
0.000000
0.000000
0.000000
0.000000
0.000000
0.000000
0.000000
0.000000
0.000000
0.000000
0.000000
0.000000
0.000000
0.000000
0.000000
0.000000
0.000000
0.000000
0.000000
0.000000
0.000000
0.000000
0.000000
0.000000
0.000000
0.000000
0.000000
0.000000
0.000000
0.000000
0.000000
0.000000
0.000000
0.000000
0.000000
0.000000
0.000000
0.000000
0.000000
0.000000
0.000000
0.000000
0.000000
0.000000
0.000000
0.000000
0.000000
0.000000
0.000000
0.000000
0.000000
0.000000
0.000000
0.000000
0.000000
0.000000
0.000000
0.000000
0.000000
0.000000
0.000000
0.000000
0.000000
0.000000
0.000000
0.000000
0.000000
0.000000
0.000000
0.000000
0.000000
0.000000
0.000000
0.000000
0.000000
0.000000
0.000000
0.000000
0.000000
0.000000
0.000000
0.000000
0.000000
0.000000
0.000000
0.000000
0.000000
0.000000
0.000000
0.000000
0.000000
0.000000
0.000000
0.000000
0.000000
0.000000
0.000000
0.000000
0.000000
0.000000
0.000000
0.000000
0.000000
0.000000
0.000000
0.000000
0.000000
0.000000
0.000000
0.000000
0.000000
0.000000
0.000000
0.000000
0.000000
0.000000
0.000000
0.000000
0.000000
0.000000
0.000000
0.000000
0.000000
0.000000
0.000000
0.000000
0.000000
0.000000
0.000000
0.000000
0.000000
0.000000
0.000000
0.000000
0.000000
0.000000
0.000000
0.000000
0.000000
0.000000
0.000000
0.000000
0.000000
0.000000
0.000000
0.000000
0.000000
0.000000
0.000000
0.000000
0.000000
0.000000
0.000000
0.000000
0.000000
0.000000
0.000000
0.000000
0.000000
0.000000
0.000000
0.000000
0.000000
0.000000
0.000000
0.000000
0.000000
0.000000
0.000000
0.000000
0.000000
0.000000
0.000000
0.000000
0.000000
0.000000
0.000000
0.000000
0.000000
0.000000
0.000000
0.000000
0.000000
0.000000
0.000000
0.000000
0.000000
0.000000
0.000000
0.000000
0.000000
0.000000
0.000000
0.000000
0.000000
0.000000
0.000000
0.000000
0.000000
0.000000
0.000000
0.000000
0.000000
0.000000
0.000000
0.000000
0.000000
0.000000
0.000000
0.000000
0.000000
0.000000
0.000000
0.000000
0.000000
0.000000
0.000000
0.000000
0.000000
0.000000
0.000000
0.000000
0.000000
0.000000
0.000000
0.000000
0.000000
0.000000
0.000000
0.000000
0.000000
0.000000
0.000000
0.000000
0.000000
0.000000
0.000000
0.000000
0.000000
0.000000
0.000000
0.000000
0.000000
0.000000
0.000000
0.000000
0.000000
0.000000
0.000000
0.000000
0.000000
0.000000
0.000000
0.000000
0.000000
0.000000
0.000000
0.000000
0.000000
0.000000
0.000000
0.000000
0.000000
0.000000
0.000000
0.000000
0.000000
0.000000
0.000000
0.000000
0.000000
0.000000
0.000000
0.000000
0.000000
0.000000
0.000000
0.000000
0.000000
0.000000
0.000000
0.000000
0.000000
0.000000
0.000000
0.000000
0.000000
0.000000
0.000000
0.000000
0.000000
0.000000
0.000000
0.000000
0.000000
0.000000
0.000000
0.000000
0.000000
0.000000
0.000000
0.000000
0.000000
0.000000
0.000000
0.000000
0.000000
0.000000
0.000000
0.000000
0.000000
0.000000
0.000000
0.000000
0.000000
0.000000
0.000000
0.000000
0.000000
0.000000
0.000000
0.000000
0.000000
0.000000
0.000000
0.000000
0.000000
0.000000
0.000000
0.000000
0.000000
0.000000
0.000000
0.000000
0.000000
0.000000
0.000000
0.000000
0.000000
0.000000
0.000000
0.000000
0.000000
0.000000
0.000000
0.000000
0.000000
0.000000
0.000000
0.000000
0.000000
0.000000
0.000000
0.000000
0.000000
0.000000
0.000000
0.000000
0.000000
0.000000
0.000000
0.000000
0.000000
0.000000
0.000000
0.000000
0.000000
0.000000
0.000000
0.000000
0.000000
0.000000
0.000000
0.000000
0.000000
0.000000
0.000000
0.000000
0.000000
0.000000
0.000000
0.000000
0.000000
0.000000
0.000000
0.000000
0.000000
0.000000
0.000000
0.000000
0.000000
0.000000
0.000000
0.000000
0.000000
0.000000
0.000000
0.000000
0.000000
0.000000
0.000000
0.000000
0.000000
0.000000
0.000000
0.000000
0.000000
0.000000
0.000000
0.000000
0.000000
0.000000
0.000000
0.000000
0.000000
0.000000
0.000000
0.000000
0.000000
0.000000
0.000000
0.000000
0.000000
0.000000
0.000000
0.000000
0.000000
0.000000
0.000000
0.000000
0.000000
0.000000
0.000000
0.000000
0.000000
0.000000
0.000000
0.000000
0.000000
0.000000
0.000000
0.000000
0.000000
0.000000
0.000000
0.000000
0.000000
0.000000
0.000000
0.000000
0.000000
0.000000
0.000000
0.000000
0.000000
0.000000
0.000000
0.000000
0.000000
0.000000
0.000000
0.000000
0.000000
0.000000
0.000000
0.000000
0.000000
0.000000
0.000000
0.000000
0.000000
0.000000
0.000000
0.000000
0.000000
0.000000
0.000000
0.000000
0.000000
0.000000
0.000000
0.000000
0.000000
0.000000
0.000000
0.000000
0.000000
0.000000
0.000000
0.000000
0.000000
0.000000
0.000000
0.000000
0.000000
0.000000
0.000000
0.000000
0.000000
0.000000
0.000000
0.000000
0.000000
0.000000
0.000000
0.000000
0.000000
0.000000
0.000000
0.000000
0.000000
0.000000
0.000000
0.000000
0.000000
0.000000
0.000000
0.000000
0.000000
0.000000
0.000000
0.000000
0.000000
0.000000
0.000000
0.000000
0.000000
0.000000
0.000000
0.000000
0.000000
0.000000
0.000000
0.000000
0.000000
0.000000
0.000000
0.000000
0.000000
0.000000
0.000000
0.000000
0.000000
0.000000
0.000000
0.000000
0.000000
0.000000
0.000000
0.000000
0.000000
0.000000
0.000000
0.000000
0.000000
0.000000
0.000000
0.000000
0.000000
0.000000
0.000000
0.000000
0.000000
0.000000
0.000000
0.000000
0.000000
0.000000
0.000000
0.000000
0.000000
0.000000
0.000000
0.000000
0.000000
0.000000
0.000000
0.000000
0.000000
0.000000
0.000000
0.000000
0.000000
0.000000
0.000000
0.000000
0.000000
0.000000
0.000000
0.000000
0.000000
0.000000
0.000000
0.000000
0.000000
0.000000
0.000000
0.000000
0.000000
0.000000
0.000000
0.000000
0.000000
0.000000
0.000000
0.000000
0.000000
0.000000
0.000000
0.000000
0.000000
0.000000
0.000000
0.000000
0.000000
0.000000
0.000000
0.000000
0.000000
0.000000
0.000000
0.000000
0.000000
0.000000
0.000000
0.000000
0.000000
0.000000
0.000000
0.000000
0.000000
0.000000
0.000000
0.000000
0.000000
0.000000
0.000000
0.000000
0.000000
0.000000
0.000000
0.000000
0.000000
0.000000
0.000000
0.000000
0.000000
0.000000
0.000000
0.000000
0.000000
0.000000
0.000000
0.000000
0.000000
0.000000
0.000000
0.000000
0.000000
0.000000
0.000000
0.000000
0.000000
0.000000
0.000000
0.000000
0.000000
0.000000
0.000000
0.000000
0.000000
0.000000
0.000000
0.000000
0.000000
0.000000
0.000000
0.000000
0.000000
0.000000
0.000000
0.000000
0.000000
0.000000
0.000000
0.000000
0.000000
0.000000
0.000000
0.000000
0.000000
0.000000
0.000000
0.000000
0.000000
0.000000
0.000000
0.000000
0.000000
0.000000
0.000000
0.000000
0.000000
0.000000
0.000000
0.000000
0.000000
0.000000
0.000000
0.000000
0.000000
0.000000
0.000000
0.000000
0.000000
0.000000
0.000000
0.000000
0.000000
0.000000
0.000000
0.000000
0.000000
0.000000
0.000000
0.000000
0.000000
0.000000
0.000000
0.000000
0.000000
0.000000
0.000000
0.000000
0.000000
0.000000
0.000000
0.000000
0.000000
0.000000
0.000000
0.000000
0.000000
0.000000
0.000000
0.000000
0.000000
0.000000
0.000000
0.000000
0.000000
0.000000
0.000000
0.000000
0.000000
0.000000
0.000000
0.000000
0.000000
0.000000
0.000000
0.000000
0.000000
0.000000
0.000000
0.000000
0.000000
0.000000
0.000000
0.000000
0.000000
0.000000
0.000000
0.000000
0.000000
0.000000
0.000000
0.000000
0.000000
0.000000
0.000000
0.000000
0.000000
0.000000
0.000000
0.000000
0.000000
0.000000
0.000000
0.000000
0.000000
0.000000
0.000000
0.000000
0.000000
0.000000
0.000000
0.000000
0.000000
0.000000
0.000000
0.000000
0.000000
0.000000
0.000000
0.000000
0.000000
0.000000
0.000000
0.000000
0.000000
0.000000
0.000000
0.000000
0.000000
0.000000
0.000000
0.000000
0.000000
0.000000
0.000000
0.000000
0.000000
0.000000
0.000000
0.000000
0.000000
0.000000
0.000000
0.000000
0.000000
0.000000
0.000000
0.000000
0.000000
0.000000
0.000000
0.000000
0.000000
0.000000
0.000000
0.000000
0.000000
0.000000
0.000000
0.000000
0.000000
0.000000
0.000000
0.000000
0.000000
0.000000
0.000000
0.000000
0.000000
0.000000
0.000000
0.000000
0.000000
0.000000
0.000000
0.000000
0.000000
0.000000
0.000000
0.000000
0.000000
0.000000
0.000000
0.000000
0.000000
0.000000
0.000000
0.000000
0.000000
0.000000
0.000000
0.000000
0.000000
0.000000
0.000000
0.000000
0.000000
0.000000
0.000000
0.000000
0.000000
0.000000
0.000000
0.000000
0.000000
0.000000
0.000000
0.000000
0.000000
0.000000
0.000000
0.000000
0.000000
0.000000
0.000000
0.000000
0.000000
0.000000
0.000000
0.000000
0.000000
0.000000
0.000000
0.000000
0.000000
0.000000
0.000000
0.000000
0.000000
0.000000
0.000000
0.000000
0.000000
0.000000
0.000000
0.000000
0.000000
0.000000
0.000000
0.000000
0.000000
0.000000
0.000000
0.000000
0.000000
0.000000
0.000000
0.000000
0.000000
0.000000
0.000000
0.000000
0.000000
0.000000
0.000000
0.000000
0.000000
0.000000
0.000000
0.000000
0.000000
0.000000
0.000000
0.000000
0.000000
0.000000
0.000000
0.000000
0.000000
0.000000
0.000000
0.000000
0.000000
0.000000
0.000000
0.000000
0.000000
0.000000
0.000000
0.000000
0.000000
0.000000
0.000000
0.000000
0.000000
0.000000
0.000000
0.000000
0.000000
0.000000
0.000000
0.000000
0.000000
0.000000
0.000000
0.000000
0.000000
0.000000
0.000000
0.000000
0.000000
0.000000
0.000000
0.000000
0.000000
0.000000
0.000000
0.000000
0.000000
0.000000
0.000000
0.000000
0.000000
0.000000
0.000000
0.000000
0.000000
0.000000
0.000000
0.000000
0.000000
0.000000
0.000000
0.000000
0.000000
0.000000
0.000000
0.000000
0.000000
0.000000
0.000000
0.000000
0.000000
0.000000
0.000000
0.000000
0.000000
0.000000
0.000000
0.000000
0.000000
0.000000
0.000000
0.000000
0.000000
0.000000
0.000000
0.000000
0.000000
0.000000
0.000000
0.000000
0.000000
0.000000
0.000000
0.000000
0.000000
0.000000
0.000000
0.000000
0.000000
0.000000
0.000000
0.000000
0.000000
0.000000
0.000000
0.000000
0.000000
0.000000
0.000000
0.000000
0.000000
0.000000
0.000000
0.000000
0.000000
0.000000
0.000000
0.000000
0.000000
0.000000
0.000000
0.000000
0.000000
0.000000
0.000000
0.000000
0.000000
0.000000
0.000000
0.000000
0.000000
0.000000
0.000000
0.000000
0.000000
0.000000
0.000000
0.000000
0.000000
0.000000
0.000000
0.000000
0.000000
0.000000
0.000000
0.000000
0.000000
0.000000
0.000000
0.000000
0.000000
0.000000
0.000000
0.000000
0.000000
0.000000
0.000000
0.000000
0.000000
0.000000
0.000000
0.000000
0.000000
0.000000
0.000000
0.000000
0.000000
0.000000
0.000000
0.000000
0.000000
0.000000
0.000000
0.000000
0.000000
0.000000
0.000000
0.000000
0.000000
0.000000
0.000000
0.000000
0.000000
0.000000
0.000000
0.000000
0.000000
0.000000
0.000000
0.000000
0.000000
0.000000
0.000000
0.000000
0.000000
0.000000
0.000000
0.000000
0.000000
0.000000
0.000000
0.000000
0.000000
0.000000
0.000000
0.000000
0.000000
0.000000
0.000000
0.000000
0.000000
0.000000
0.000000
0.000000
0.000000
0.000000
0.000000
0.000000
0.000000
0.000000
0.000000
0.000000
0.000000
0.000000
0.000000
0.000000
0.000000
0.000000
0.000000
0.000000
0.000000
0.000000
0.000000
0.000000
0.000000
0.000000
0.000000
0.000000
0.000000
0.000000
0.000000
0.000000
0.000000
0.000000
0.000000
0.000000
0.000000
0.000000
0.000000
0.000000
0.000000
0.000000
0.000000
0.000000
0.000000
0.000000
0.000000
0.000000
0.000000
0.000000
0.000000
0.000000
0.000000
0.000000
0.000000
0.000000
0.000000
0.000000
0.000000
0.000000
0.000000
0.000000
0.000000
0.000000
0.000000
0.000000
0.000000
0.000000
0.000000
0.000000
0.000000
0.000000
0.000000
0.000000
0.000000
0.000000
0.000000
0.000000
0.000000
0.000000
0.000000
0.000000
0.000000
0.000000
0.000000
0.000000
0.000000
0.000000
0.000000
0.000000
0.000000
0.000000
0.000000
0.000000
0.000000
0.000000
0.000000
0.000000
0.000000
0.000000
0.000000
0.000000
0.000000
0.000000
0.000000
0.000000
0.000000
0.000000
0.000000
0.000000
0.000000
0.000000
0.000000
0.000000
0.000000
0.000000
0.000000
0.000000
0.000000
0.000000
0.000000
0.000000
0.000000
0.000000
0.000000
0.000000
0.000000
0.000000
0.000000
0.000000
0.000000
0.000000
0.000000
0.000000
0.000000
0.000000
0.000000
0.000000
0.000000
0.000000
0.000000
0.000000
0.000000
0.000000
0.000000
0.000000
0.000000
0.000000
0.000000
0.000000
0.000000
0.000000
0.000000
0.000000
0.000000
0.000000
0.000000
0.000000
0.000000
0.000000
0.000000
0.000000
0.000000
0.000000
0.000000
0.000000
0.000000
0.000000
0.000000
0.000000
0.000000
0.000000
0.000000
0.000000
0.000000
0.000000
0.000000
0.000000
0.000000
0.000000
0.000000
0.000000
0.000000
0.000000
0.000000
0.000000
0.000000
0.000000
0.000000
0.000000
0.000000
0.000000
0.000000
0.000000
0.000000
0.000000
0.000000
0.000000
0.000000
0.000000
0.000000
0.000000
0.000000
0.000000
0.000000
0.000000
0.000000
0.000000
0.000000
0.000000
0.000000
0.000000
0.000000
0.000000
0.000000
0.000000
0.000000
0.000000
0.000000
0.000000
0.000000
0.000000
0.000000
0.000000
0.000000
0.000000
0.000000
0.000000
0.000000
0.000000
0.000000
0.000000
0.000000
0.000000
0.000000
0.000000
0.000000
0.000000
0.000000
0.000000
0.000000
0.000000
0.000000
0.000000
0.000000
0.000000
0.000000
0.000000
0.000000
0.000000
0.000000
0.000000
0.000000
0.000000
0.000000
0.000000
0.000000
0.000000
0.000000
0.000000
0.000000
0.000000
0.000000
0.000000
0.000000
0.000000
0.000000
0.000000
0.000000
0.000000
0.000000
0.000000
0.000000
0.000000
0.000000
0.000000
0.000000
0.000000
0.000000
0.000000
0.000000
0.000000
0.000000
0.000000
0.000000
0.000000
0.000000
0.000000
0.000000
0.000000
0.000000
0.000000
0.000000
0.000000
0.000000
0.000000
0.000000
0.000000
0.000000
0.000000
0.000000
0.000000
0.000000
0.000000
0.000000
0.000000
0.000000
0.000000
0.000000
0.000000
0.000000
0.000000
0.000000
0.000000
0.000000
0.000000
0.000000
0.000000
0.000000
0.000000
0.000000
0.000000
0.000000
0.000000
0.000000
0.000000
0.000000
0.000000
0.000000
0.000000
0.000000
0.000000
0.000000
0.000000
0.000000
0.000000
0.000000
0.000000
0.000000
0.000000
0.000000
0.000000
0.000000
0.000000
0.000000
0.000000
0.000000
0.000000
0.000000
0.000000
0.000000
0.000000
0.000000
0.000000
0.000000
0.000000
0.000000
0.000000
0.000000
0.000000
0.000000
0.000000
0.000000
0.000000
0.000000
0.000000
0.000000
0.000000
0.000000
0.000000
0.000000
0.000000
0.000000
0.000000
0.000000
0.000000
0.000000
0.000000
0.000000
0.000000
0.000000
0.000000
