32253.636719
32264.224609
32274.992188
32285.669922
32296.335938
32307.068359
32317.958984
32328.578125
32339.349609
32350.146484
32360.839844
32371.523438
32382.376953
32393.011719
32403.755859
32414.531250
32425.214844
32436.023438
32446.806641
32457.525391
32468.257812
32478.986328
32489.765625
32500.585938
32511.408203
32522.193359
32533.210938
32544.062500
32554.951172
32566.019531
32576.904297
32587.869141
32598.548828
32609.220703
32620.166016
32630.738281
32642.021484
32652.539062
32663.056641
32673.367188
32683.628906
32694.214844
32704.708984
32715.035156
32725.664062
32735.771484
32746.396484
32756.755859
32767.339844
32777.890625
32788.562500
32799.589844
32810.546875
32821.437500
32832.382812
32843.308594
32854.316406
32865.257812
32876.339844
32887.113281
32897.898438
32908.722656
32919.730469
32930.687500
32941.828125
32952.574219
32963.214844
32973.980469
32984.820312
32995.527344
33006.289062
33017.156250
33027.902344
33038.445312
33049.261719
33060.015625
33070.871094
33081.484375
33092.164062
33102.917969
33113.726562
33124.492188
33135.238281
33146.101562
33156.824219
33167.523438
33178.335938
33189.011719
33199.781250
33210.554688
33221.269531
33231.933594
33242.656250
33253.406250
33264.121094
33274.941406
33285.699219
33296.394531
33307.132812
33318.011719
33328.773438
33339.625000
33350.371094
33361.078125
33371.863281
33382.574219
33393.281250
33404.117188
33414.839844
33425.570312
33436.312500
33447.015625
33457.929688
33468.652344
33479.339844
33490.164062
33500.859375
33512.433594
33522.796875
33533.406250
33544.093750
33555.027344
33565.539062
33576.917969
33587.535156
33597.906250
33608.480469
33618.777344
33629.269531
33639.781250
33650.359375
33660.683594
33670.750000
33681.046875
33691.796875
33701.664062
33712.121094
33722.679688
33733.320312
33744.105469
33754.750000
33765.617188
33776.714844
33787.738281
33798.984375
33809.921875
33820.761719
33831.871094
33842.871094
33853.570312
33864.417969
33875.285156
33886.140625
33896.917969
33907.855469
33918.734375
33929.636719
33940.460938
33951.339844
33962.187500
33972.996094
33983.886719
33994.789062
34005.535156
34016.425781
34027.296875
34038.136719
34049.011719
34059.753906
34070.519531
34081.257812
34091.968750
34102.679688
34113.414062
34124.078125
34134.597656
34145.289062
34156.031250
34166.808594
34177.578125
34188.359375
34199.023438
34209.742188
34220.585938
34231.359375
34242.230469
34253.128906
34263.730469
34274.343750
34285.066406
34295.843750
34306.667969
34317.457031
34328.136719
34338.765625
34349.500000
34360.296875
34371.164062
34382.023438
34392.792969
34403.535156
34414.234375
34424.871094
34435.886719
34446.875000
34457.742188
34468.578125
34479.488281
34490.554688
34502.570312
34513.175781
34523.722656
34534.164062
34544.492188
34554.933594
34566.253906
34576.937500
34587.687500
34598.472656
34608.664062
34618.839844
34629.019531
34639.421875
34650.175781
34661.648438
34671.664062
34681.824219
34692.101562
34702.660156
34713.421875
34724.191406
34735.316406
34746.214844
34757.019531
34767.808594
34778.710938
34789.660156
34800.449219
34811.328125
34822.167969
34833.214844
34844.152344
34855.074219
34865.812500
34876.703125
34887.527344
34898.285156
34909.074219
34919.890625
34930.531250
34941.261719
34951.089844
34961.441406
34972.457031
34983.644531
34994.566406
35005.398438
35016.386719
35027.187500
35037.957031
35048.824219
35059.460938
35070.253906
35081.078125
35091.804688
35102.554688
35113.339844
35124.007812
35134.812500
35145.664062
35156.378906
35167.152344
35177.917969
35188.585938
35199.441406
35210.250000
35220.976562
35231.679688
35242.382812
35253.113281
35263.917969
35274.722656
35285.433594
35296.144531
35306.925781
35317.593750
35328.480469
35339.214844
35349.851562
35360.605469
35371.437500
35382.621094
35392.910156
35403.660156
35414.562500
35425.378906
35436.375000
35447.046875
35457.871094
35468.703125
35479.117188
35489.722656
35500.226562
35510.796875
35521.308594
35531.898438
35542.558594
35553.000000
35563.511719
35573.929688
35584.058594
35595.128906
35605.523438
35617.132812
35627.382812
35637.738281
35648.292969
35659.031250
35669.847656
35680.667969
35691.652344
35702.609375
35713.484375
35724.453125
35735.453125
35746.296875
35757.156250
35768.144531
35778.996094
35789.941406
35800.742188
35811.542969
35822.410156
35833.292969
35844.140625
35855.031250
35865.730469
35876.476562
35887.269531
35898.046875
35908.886719
35919.687500
35930.429688
35941.187500
35951.960938
35962.664062
35973.457031
35984.250000
35995.019531
36005.730469
36016.449219
36027.042969
36037.937500
36048.785156
36059.398438
36070.054688
36080.726562
36091.355469
36102.210938
36112.914062
36123.628906
36134.289062
36145.042969
36155.671875
36166.519531
36177.253906
36187.925781
36198.640625
36209.437500
36220.187500
36231.070312
36241.890625
36252.625000
36263.386719
36274.113281
36284.816406
36295.707031
36306.496094
36317.230469
36328.042969
36339.031250
36349.976562
36360.835938
36372.351562
36382.968750
36393.882812
36404.390625
36415.257812
36425.773438
36436.324219
36446.878906
36457.441406
36467.914062
36478.496094
36489.121094
36499.871094
36510.542969
36521.152344
36531.871094
36542.718750
36553.601562
36564.332031
36575.152344
36585.953125
36596.718750
36607.500000
36618.292969
36629.082031
36639.855469
36650.746094
36661.496094
36672.308594
36683.085938
36693.878906
36704.085938
36715.097656
36725.968750
36736.742188
36747.503906
36758.253906
36768.996094
36779.820312
36790.480469
36801.152344
36811.859375
36822.414062
36833.105469
36843.738281
36854.214844
36865.042969
36876.031250
36886.492188
36896.941406
36907.667969
36918.269531
36928.890625
36939.652344
36950.179688
36960.878906
36971.753906
36982.453125
36993.128906
37003.996094
37014.753906
37025.617188
37036.550781
37047.398438
37058.191406
37069.031250
37079.816406
37090.660156
37101.632812
37112.367188
37123.125000
37133.937500
37144.695312
37155.476562
37166.410156
37177.187500
37187.972656
37198.738281
37209.460938
37220.300781
37231.187500
37241.890625
37252.617188
37263.347656
37274.070312
37284.828125
37295.660156
37306.410156
37317.101562
37327.859375
37338.535156
37349.332031
37360.199219
37370.980469
37381.632812
37392.394531
37403.066406
37413.953125
37424.777344
37435.507812
37446.164062
37456.933594
37467.597656
37478.429688
37489.289062
37500.000000
37510.652344
37521.402344
37532.160156
37542.945312
37553.816406
37564.472656
37575.101562
37585.953125
37596.683594
37607.441406
37618.292969
37628.945312
37639.628906
37650.449219
37661.246094
37671.722656
37682.628906
37693.460938
37704.160156
37714.964844
37725.777344
37736.496094
37747.257812
37757.921875
37768.570312
37779.375000
37790.136719
37800.929688
37811.761719
37822.472656
37833.250000
37844.011719
37854.726562
37865.562500
37876.351562
37887.042969
37897.730469
37908.480469
37919.183594
37930.046875
37940.832031
37951.523438
37962.214844
37973.042969
37983.742188
37994.578125
38005.359375
38016.132812
38026.863281
38037.640625
38048.289062
38059.132812
38069.941406
38080.597656
38091.324219
38102.156250
38112.843750
38123.683594
38134.476562
38145.125000
38155.855469
38166.628906
38177.246094
38188.128906
38198.968750
38209.621094
38220.316406
38231.039062
38241.769531
38252.621094
38263.457031
38274.078125
38284.792969
38295.570312
38306.230469
38317.179688
38328.000000
38338.683594
38349.402344
38360.113281
38370.765625
38381.652344
38392.441406
38403.164062
38413.847656
38424.566406
38435.214844
38446.074219
38456.937500
38467.660156
38478.332031
38489.066406
38499.812500
38510.625000
38521.406250
38532.031250
38542.808594
38553.550781
38564.277344
38575.218750
38585.902344
38596.500000
38607.062500
38617.703125
38628.367188
38639.039062
38649.679688
38660.355469
38670.992188
38681.632812
38692.347656
38703.101562
38713.933594
38724.660156
38735.410156
38746.246094
38757.019531
38767.964844
38778.800781
38789.519531
38800.347656
38811.113281
38821.902344
38832.820312
38843.644531
38854.332031
38865.082031
38875.878906
38886.601562
38897.496094
38908.285156
38918.960938
38929.671875
38940.472656
38951.234375
38962.140625
38972.855469
38983.589844
38994.292969
39005.039062
39015.769531
39026.625000
39037.410156
39048.093750
39058.843750
39069.605469
39080.312500
39091.187500
39101.960938
39112.609375
39123.359375
39134.085938
39144.882812
39155.683594
39166.503906
39177.164062
39187.867188
39198.625000
39209.351562
39220.191406
39230.976562
39241.699219
39252.406250
39263.160156
39273.863281
39284.812500
39295.562500
39306.238281
39316.925781
39327.625000
39338.437500
39349.164062
39359.878906
39370.500000
39381.242188
39392.167969
39402.984375
39413.750000
39424.667969
39435.449219
39446.054688
39456.589844
39467.281250
39477.968750
39488.699219
39499.386719
39509.980469
39520.796875
39531.707031
39542.531250
39553.425781
39564.183594
39574.828125
39585.574219
39596.449219
39607.234375
39617.964844
39628.851562
39639.578125
39650.312500
39661.062500
39671.890625
39682.531250
39693.316406
39704.148438
39714.917969
39725.628906
39736.398438
39747.117188
39757.851562
39768.734375
39779.457031
39790.171875
39800.875000
39811.675781
39822.464844
39833.277344
39844.117188
39854.691406
39865.410156
39876.222656
39887.066406
39897.757812
39908.542969
39919.257812
39929.925781
39940.691406
39951.523438
39962.230469
39972.953125
39983.789062
39994.480469
40005.218750
40016.050781
40026.816406
40037.503906
40048.304688
40059.113281
40069.851562
40080.550781
40091.312500
40101.964844
40112.832031
40123.757812
40134.464844
40145.113281
40155.746094
40166.515625
40177.222656
40188.113281
40198.867188
40209.539062
40220.210938
40231.058594
40241.824219
40252.609375
40263.398438
40274.160156
40284.773438
40295.593750
40306.437500
40317.121094
40327.894531
40338.652344
40349.425781
40360.191406
40371.050781
40381.785156
40392.457031
40403.382812
40414.156250
40424.835938
40435.527344
40446.265625
40456.886719
40467.648438
40478.472656
40489.109375
40499.824219
40510.550781
40521.246094
40532.031250
40542.878906
40553.515625
40564.179688
40574.886719
40585.718750
40596.503906
40607.367188
40618.121094
40628.792969
40639.441406
40650.402344
40661.179688
40671.941406
40682.687500
40693.414062
40704.089844
40714.847656
40725.710938
40736.363281
40747.187500
40758.097656
40768.851562
40779.539062
40790.242188
40800.949219
40811.632812
40822.417969
40833.187500
40843.937500
40854.613281
40865.347656
40876.082031
40886.871094
40897.691406
40908.421875
40919.066406
40929.804688
40940.687500
40951.425781
40962.273438
40973.019531
40983.675781
40994.386719
41005.234375
41016.046875
41026.804688
41037.640625
41048.246094
41058.949219
41069.757812
41080.597656
41091.343750
41102.152344
41112.878906
41123.617188
41134.324219
41145.128906
41155.843750
41166.492188
41177.343750
41188.089844
41198.808594
41209.468750
41220.246094
41230.992188
41241.769531
41252.632812
41263.289062
41273.960938
41284.769531
41295.632812
41306.355469
41317.187500
41327.910156
41338.570312
41349.328125
41360.132812
41370.902344
41381.656250
41392.441406
41403.035156
41413.750000
41424.535156
41435.335938
41445.957031
41456.707031
41467.558594
41478.277344
41489.019531
41499.863281
41510.484375
41521.136719
41532.066406
41542.808594
41553.457031
41564.207031
41574.953125
41585.648438
41596.296875
41607.011719
41617.480469
41628.070312
41638.636719
41649.363281
41660.132812
41670.804688
41681.492188
41692.226562
41702.968750
41713.699219
41724.507812
41735.160156
41745.863281
41756.539062
41767.386719
41778.085938
41788.933594
41799.714844
41810.417969
41821.187500
41831.945312
41842.617188
41853.503906
41864.261719
9624.643555
9635.389648
9646.099609
9656.939453
9667.626953
9678.325195
9689.178711
9700.016602
9710.805664
9721.489258
9732.125977
9742.989258
9753.724609
9764.635742
9775.423828
9786.098633
9796.907227
9807.610352
9818.597656
9829.294922
9839.935547
9850.672852
9861.416016
9872.360352
9883.075195
9893.722656
9904.396484
9915.184570
9926.008789
9936.691406
9947.456055
9958.158203
9968.898438
9979.607422
9990.349609
10001.225586
10011.872070
10022.627930
10033.404297
10044.102539
10055.004883
10065.673828
10076.358398
10087.163086
10097.940430
10108.620117
10119.375000
10130.078125
10140.918945
10151.721680
10162.603516
10173.374023
10184.086914
10194.833984
10205.656250
10216.518555
10227.306641
10237.944336
10248.625000
10259.435547
10270.217773
10281.056641
10291.769531
10302.412109
10313.238281
10323.971680
10334.752930
10345.565430
10356.138672
10366.876953
10377.604492
10388.328125
10399.100586
10409.791992
10420.522461
10431.289062
10442.044922
10452.916992
10463.703125
10474.189453
10484.830078
10495.625000
10506.272461
10517.003906
10527.690430
10538.310547
10548.987305
10559.895508
10570.723633
10581.539062
10592.375977
10602.991211
10613.705078
10624.582031
10635.293945
10646.172852
10656.926758
10667.612305
10678.338867
10689.221680
10699.901367
10710.781250
10721.517578
10732.202148
10742.926758
10753.745117
10764.423828
10775.307617
10785.967773
10796.636719
10807.299805
10818.184570
10828.943359
10839.704102
10850.464844
10861.041992
10871.846680
10882.628906
10893.381836
10904.182617
10914.993164
10925.590820
10936.384766
10947.221680
10957.967773
10968.818359
10979.544922
10990.227539
11001.001953
11011.835938
11022.567383
11033.324219
11044.084961
11054.733398
11065.458984
11076.333008
11087.021484
11097.884766
11108.620117
11119.280273
11130.011719
11140.864258
11151.587891
11162.407227
11173.127930
11183.828125
11194.612305
11205.384766
11216.139648
11226.930664
11237.628906
11248.252930
11259.028320
11269.809570
11280.438477
11291.272461
11301.929688
11312.552734
11323.276367
11334.047852
11344.703125
11355.453125
11366.143555
11376.729492
11387.485352
11398.349609
11409.104492
11419.907227
11430.678711
11441.333008
11452.187500
11462.998047
11473.809570
11484.617188
11495.406250
11506.003906
11516.822266
11527.640625
11538.360352
11549.154297
11559.932617
11570.588867
11581.354492
11592.145508
11602.930664
11613.688477
11624.406250
11635.088867
11645.891602
11656.704102
11667.419922
11678.223633
11689.033203
11699.709961
11710.488281
11721.281250
11731.984375
11742.781250
11753.536133
11764.201172
11774.958984
11785.709961
11796.492188
11807.225586
11818.056641
11828.680664
11839.428711
11850.249023
11860.882812
11871.686523
11882.514648
11893.080078
11903.923828
11914.726562
11925.512695
11936.269531
11947.041992
11957.618164
11968.380859
11979.245117
11989.944336
12000.778320
12011.545898
12022.143555
12032.995117
12043.758789
12054.493164
12065.275391
12076.021484
12086.685547
12097.462891
12108.185547
12119.021484
12129.829102
12140.440430
12151.314453
12162.043945
12172.687500
12183.342773
12193.958984
12204.480469
12215.012695
12225.744141
12236.538086
12247.297852
12258.053711
12268.788086
12279.459961
12290.265625
12301.162109
12311.932617
12322.817383
12333.513672
12344.136719
12354.994141
12365.729492
12376.543945
12387.374023
12398.080078
12408.728516
12419.552734
12430.361328
12441.135742
12451.998047
12462.656250
12473.346680
12484.175781
12494.894531
12505.653320
12516.512695
12527.182617
12537.824219
12548.667969
12559.351562
12570.173828
12580.966797
12591.681641
12602.310547
12613.150391
12623.927734
12634.677734
12645.621094
12656.262695
12666.922852
12677.832031
12688.565430
12699.372070
12710.143555
12720.729492
12731.568359
12742.412109
12753.377930
12764.108398
12774.721680
12785.337891
12796.499023
12807.149414
12817.750977
12828.386719
12839.075195
12849.789062
12860.583984
12871.342773
12882.050781
12892.760742
12903.677734
12914.375977
12925.410156
12936.127930
12946.774414
12957.455078
12968.381836
12979.132812
12989.705078
13000.474609
13011.271484
13022.206055
13032.848633
13043.759766
13054.373047
13064.789062
13075.450195
13085.942383
13096.563477
13107.160156
13117.762695
13128.538086
13139.331055
13150.122070
13160.855469
13171.532227
13182.283203
13193.177734
13204.007812
13214.897461
13225.694336
13236.302734
13246.992188
13257.932617
13268.726562
13279.588867
13290.409180
13301.040039
13311.832031
13322.676758
13333.480469
13344.265625
13355.139648
13365.842773
13376.606445
13387.448242
13398.243164
13409.131836
13419.820312
13430.445312
13441.122070
13451.894531
13462.569336
13473.419922
13484.207031
13494.679688
13505.308594
13516.125977
13526.774414
13537.706055
13548.502930
13559.156250
13569.806641
13580.553711
13591.256836
13602.127930
13612.883789
13623.517578
13634.255859
13645.038086
13655.644531
13666.418945
13677.223633
13687.847656
13698.582031
13709.419922
13720.105469
13730.941406
13741.872070
13752.543945
13763.201172
13774.086914
13784.808594
13795.688477
13806.530273
13817.207031
13827.890625
13838.631836
13849.320312
13860.049805
13870.822266
13881.407227
13892.132812
13903.050781
13914.266602
13924.989258
13935.562500
13946.125977
13956.673828
13967.368164
13978.106445
13988.904297
13999.708984
14010.313477
14021.111328
14031.923828
14042.713867
14053.560547
14064.252930
14074.962891
14085.645508
14096.513672
14107.266602
14118.092773
14128.938477
14139.608398
14150.395508
14161.242188
14171.998047
14182.871094
14193.677734
14204.305664
14215.084961
14225.848633
14236.538086
14247.308594
14257.992188
14268.670898
14279.405273
14290.255859
14300.960938
14311.812500
14322.522461
14333.260742
14344.032227
14354.871094
14365.545898
14376.487305
14387.221680
14397.779297
14408.468750
14419.179688
14429.946289
14440.768555
14451.497070
14462.071289
14472.799805
14483.604492
14494.289062
14505.125000
14515.833984
14526.410156
14537.285156
14548.049805
14558.839844
14569.662109
14580.365234
14590.936523
14601.646484
14612.402344
14623.164062
14634.002930
14644.750000
14655.306641
14666.082031
14676.947266
14687.616211
14698.473633
14709.267578
14719.919922
14730.643555
14741.482422
14752.250000
14763.077148
14773.760742
14784.391602
14795.144531
14805.996094
14816.677734
14827.459961
14838.082031
14848.684570
14859.557617
14870.406250
14881.202148
14892.041016
14902.721680
14913.420898
14924.278320
14935.109375
14945.882812
14956.621094
14967.343750
14978.094727
14988.904297
14999.669922
15010.429688
15021.231445
15031.804688
15042.497070
15053.307617
15064.205078
15074.968750
15085.775391
15096.458008
15107.125000
15117.952148
15128.813477
15139.563477
15150.420898
15161.138672
15171.836914
15182.656250
15193.426758
15204.217773
15215.025391
15225.810547
15236.462891
15247.287109
15258.010742
15269.077148
15279.820312
15290.493164
15300.929688
15311.936523
15322.861328
15333.681641
15344.539062
15355.483398
15366.295898
15376.834961
15387.483398
15398.356445
15408.817383
15419.569336
15430.164062
15440.673828
15451.217773
15461.575195
15471.770508
15482.420898
15492.878906
15503.152344
15513.838867
15523.940430
15536.115234
15546.872070
15557.924805
15567.469727
15577.570312
15587.758789
15598.167969
15609.021484
15619.804688
15630.582031
15641.408203
15652.402344
15663.198242
15674.135742
15685.210938
15696.081055
15706.916992
15717.799805
15728.624023
15739.659180
15750.657227
15761.399414
15772.194336
15783.053711
15793.889648
15804.837891
15815.668945
15826.467773
15837.238281
15848.208008
15858.989258
15869.925781
15880.764648
15891.498047
15902.294922
15913.073242
15923.834961
15934.706055
15945.500977
15956.184570
15966.965820
15977.697266
15988.426758
15999.218750
16009.956055
16020.576172
16031.379883
16042.265625
16053.028320
16063.868164
16074.690430
16085.356445
16096.168945
16107.025391
16117.743164
16128.460938
16139.294922
16149.986328
16160.748047
16171.451172
16182.114258
16192.934570
16203.574219
16214.354492
16225.159180
16235.982422
16246.675781
16257.551758
16268.359375
16279.081055
16289.854492
16300.612305
16311.318359
16322.105469
16332.888672
16343.613281
16354.367188
16365.065430
16375.861328
16386.742188
16397.460938
16408.107422
16418.769531
16429.580078
16440.292969
16451.101562
16461.953125
16472.523438
16483.294922
16494.060547
16504.716797
16515.511719
16526.318359
16537.005859
16547.761719
16558.503906
16569.228516
16580.138672
16590.919922
16601.548828
16612.220703
16623.066406
16633.757812
16644.621094
16655.281250
16665.962891
16676.742188
16687.425781
16698.115234
16709.058594
16719.871094
16730.425781
16741.125000
16751.894531
16762.570312
16773.398438
16784.216797
16794.875000
16805.568359
16816.259766
16827.015625
16837.945312
16848.652344
16859.296875
16870.076172
16880.816406
16891.498047
16902.347656
16913.123047
16923.728516
16934.416016
16945.156250
16955.931641
16966.832031
16977.568359
16988.281250
16999.019531
17009.693359
17020.349609
17031.257812
17042.132812
17052.781250
17063.476562
17074.175781
17084.927734
17095.677734
17106.441406
17116.962891
17127.740234
17138.416016
17149.244141
17160.312500
17171.107422
17181.675781
17192.363281
17203.025391
17213.800781
17224.771484
17235.554688
17246.187500
17256.960938
17267.656250
17278.437500
17289.277344
17299.935547
17310.515625
17321.177734
17331.937500
17342.714844
17353.744141
17364.376953
17375.035156
17385.736328
17396.501953
17407.228516
17418.199219
17428.953125
17439.589844
17450.330078
17461.023438
17471.882812
17482.800781
17493.412109
17504.126953
17514.810547
17525.630859
17536.398438
17547.281250
17558.041016
17568.757812
17579.501953
17590.400391
17601.236328
17612.167969
17622.865234
17633.611328
17644.427734
17655.115234
17665.984375
17676.884766
17687.511719
17698.216797
17709.031250
17719.732422
17730.572266
17741.386719
17751.998047
17762.730469
17773.519531
17784.283203
17795.076172
17805.873047
17816.519531
17827.142578
17837.914062
17848.640625
17859.500000
17870.185547
17880.748047
17891.363281
17902.234375
17912.937500
17923.628906
17934.292969
17944.841797
17955.421875
17966.117188
17976.828125
17987.615234
17998.511719
18009.197266
18019.951172
18030.751953
18041.511719
18052.343750
18063.224609
18073.947266
18084.679688
18095.492188
18106.234375
18117.117188
18127.947266
18138.632812
18149.267578
18160.111328
18170.800781
18181.597656
18192.462891
18203.123047
18213.785156
18224.615234
18235.312500
18246.189453
18257.031250
18267.728516
18278.390625
18289.171875
18299.888672
18310.714844
18321.537109
18332.214844
18342.886719
18353.632812
18364.398438
18375.197266
18386.039062
18396.720703
18407.447266
18418.175781
18428.914062
18439.787109
18450.570312
18461.236328
18471.976562
18482.833984
18493.697266
18504.509766
18515.472656
18526.263672
18537.015625
18547.718750
18558.453125
18569.181641
18579.955078
18590.798828
18601.390625
18612.054688
18622.843750
18633.654297
18644.591797
18655.312500
18665.914062
18676.597656
18687.425781
18698.107422
18708.822266
18719.367188
18730.294922
18740.773438
18751.353516
18762.248047
18773.019531
18783.980469
18794.826172
18805.572266
18816.431641
18827.156250
18837.826172
18848.625000
18859.345703
18870.117188
18880.869141
18891.648438
18902.525391
18913.218750
18923.917969
18934.626953
18945.410156
18956.136719
18966.845703
18977.531250
18988.210938
18998.884766
19009.824219
19020.611328
19031.580078
19042.234375
19052.812500
19063.460938
19074.271484
19084.994141
19095.677734
19106.384766
19117.144531
19127.794922
19138.626953
19149.431641
19160.220703
19171.087891
19181.912109
19192.597656
19203.500000
19214.332031
19225.103516
19235.804688
19246.480469
19257.173828
19267.980469
19278.828125
19289.650391
19300.281250
19310.984375
19321.667969
19332.503906
19343.273438
19354.015625
19364.730469
19375.390625
19386.115234
19396.992188
19407.857422
19418.726562
19429.392578
19440.013672
19450.724609
19461.537109
19471.482422
19482.437500
19493.328125
19504.267578
19514.951172
19526.013672
19536.837891
19547.632812
19558.478516
19569.255859
19579.916016
19590.693359
19601.476562
19612.248047
19623.164062
19633.628906
19644.298828
19655.130859
19665.830078
19676.607422
19687.248047
19697.921875
19708.679688
19719.412109
19730.191406
19740.919922
19751.689453
19762.398438
19773.175781
19784.023438
19794.875000
19805.673828
19816.328125
19826.949219
19837.695312
19848.523438
19859.250000
19869.939453
19880.654297
19891.488281
19902.113281
19912.943359
19923.714844
19934.433594
19945.283203
19956.033203
19966.859375
19977.644531
19988.515625
19999.238281
20009.906250
20020.580078
20031.330078
20042.150391
20052.873047
20063.568359
20074.332031
20085.023438
20095.796875
20106.535156
20117.271484
20128.021484
20138.771484
20149.457031
20160.181641
20170.974609
20182.027344
20192.740234
20203.380859
20214.089844
20224.820312
20235.708984
20246.402344
20257.042969
20267.654297
20278.507812
20289.142578
20299.949219
20310.722656
20321.431641
20332.273438
20343.011719
20353.873047
20364.691406
20375.550781
20386.134766
20396.849609
20407.449219
20418.240234
20428.966797
20439.835938
20450.652344
20461.445312
20472.068359
20482.886719
20493.554688
20504.144531
20514.755859
20525.615234
20536.291016
20547.013672
20557.732422
20568.496094
20579.242188
20590.041016
20600.937500
20611.599609
20622.294922
20632.941406
20643.775391
20654.587891
20665.267578
20676.064453
20686.898438
20697.654297
20708.404297
20719.117188
20729.833984
20740.566406
20751.365234
20762.187500
20772.914062
20783.589844
20794.333984
20805.197266
20816.000000
20826.707031
20837.585938
20848.369141
20859.046875
20870.046875
20880.753906
20891.787109
20902.677734
20913.468750
20924.173828
20934.826172
20945.863281
20956.726562
20967.355469
20978.187500
20988.931641
20999.517578
21009.843750
21020.050781
21030.533203
21040.599609
21050.910156
21061.486328
21072.216797
21082.919922
21093.861328
21104.792969
21115.681641
21126.593750
21137.394531
21148.181641
21159.037109
21169.935547
21180.875000
21191.673828
21202.427734
21213.248047
21224.142578
21235.039062
21245.876953
21256.621094
21267.359375
21278.029297
21288.873047
21299.562500
21310.277344
21321.037109
21331.703125
21342.386719
21353.234375
21363.876953
21374.654297
21385.419922
21396.039062
21406.957031
21417.755859
21429.013672
21439.273438
21450.115234
21460.837891
21472.058594
21483.115234
21493.796875
21504.312500
21515.099609
21525.355469
21536.193359
21547.390625
21557.611328
21568.125000
21578.435547
21588.589844
21598.953125
21609.349609
21619.574219
21630.039062
21640.761719
21651.134766
21661.939453
21672.865234
21683.724609
21694.769531
21705.646484
21716.830078
21727.816406
21739.017578
21749.996094
21760.951172
21771.900391
21782.767578
21793.730469
21804.662109
21815.740234
21826.607422
21838.142578
21848.677734
21860.015625
21870.462891
21880.863281
21891.363281
21901.640625
21912.343750
21923.105469
21933.507812
21943.996094
21954.433594
21964.921875
21975.302734
21986.082031
21996.634766
22007.267578
22018.033203
22028.798828
22039.617188
22050.419922
22061.283203
22072.212891
22083.039062
22093.794922
22104.742188
22115.550781
22126.324219
22137.298828
22148.113281
22158.824219
22169.691406
22180.441406
22191.177734
22202.101562
22212.859375
22223.576172
22234.371094
22245.126953
22255.884766
22266.794922
22277.443359
22288.093750
22298.943359
22309.638672
22320.458984
22331.285156
22342.023438
22352.761719
22363.501953
22374.259766
22385.085938
22395.931641
22406.658203
22417.359375
22428.152344
22438.751953
22449.654297
22460.470703
22471.123047
22481.839844
22492.648438
22503.195312
22514.132812
22525.000000
22535.644531
22546.355469
22557.154297
22567.867188
22578.644531
22589.373047
22599.996094
22610.814453
22621.513672
22632.033203
22642.689453
22653.652344
22664.291016
22674.990234
22685.769531
22696.466797
22707.144531
22717.867188
22728.503906
22739.277344
22750.046875
22760.800781
22771.644531
22782.447266
22793.228516
22803.996094
22814.830078
22825.638672
22836.464844
22847.121094
22857.896484
22868.695312
22879.480469
22890.304688
22901.000000
22911.763672
22922.576172
22933.292969
22944.119141
22954.933594
22965.658203
22976.230469
22987.042969
22997.775391
23008.556641
23019.304688
23030.056641
23040.732422
23051.609375
23062.353516
23073.107422
23083.888672
23094.654297
23105.287109
23116.177734
23126.949219
23137.814453
23148.609375
23159.240234
23169.949219
23180.761719
23191.564453
23202.402344
23213.134766
23223.806641
23234.666016
23245.457031
23256.226562
23267.021484
23277.773438
23288.439453
23299.240234
23309.960938
23320.794922
23331.576172
23342.294922
23352.958984
23363.763672
23374.505859
23385.349609
23396.142578
23406.878906
23417.552734
23428.349609
23438.990234
23449.759766
23460.527344
23471.128906
23481.890625
23492.560547
23503.621094
23514.398438
23525.058594
23535.791016
23546.462891
23557.742188
23568.347656
23578.957031
23589.613281
23600.320312
23611.031250
23621.781250
23632.318359
23643.103516
23653.949219
23664.613281
23675.392578
23686.355469
23697.195312
23707.794922
23718.765625
23729.462891
23740.173828
23750.833984
23761.673828
23772.705078
23783.486328
23794.697266
23805.552734
23816.349609
23827.285156
23838.195312
23848.830078
23859.675781
23869.972656
23880.810547
23891.357422
23901.925781
23912.552734
23922.759766
23933.224609
23943.580078
23953.849609
23964.435547
23975.687500
23985.910156
23997.451172
24007.839844
24017.886719
24028.097656
24038.628906
24049.302734
24060.146484
24070.974609
24081.833984
24092.773438
24104.755859
24115.275391
24125.818359
24136.544922
24147.085938
24157.888672
24168.685547
24179.744141
24190.099609
24200.417969
24210.888672
24221.332031
24232.142578
24242.800781
24253.218750
24263.593750
24275.251953
24286.777344
24297.398438
24309.041016
24318.359375
24328.097656
24338.048828
24348.322266
24358.931641
24369.865234
24380.785156
24391.857422
24403.056641
24414.451172
24425.605469
24436.562500
24447.287109
24457.818359
24468.693359
24479.513672
24490.363281
24501.376953
24512.058594
24522.853516
24533.494141
24544.103516
24554.738281
24565.500000
24575.587891
24586.150391
24597.519531
24608.003906
24618.570312
24628.695312
24639.302734
24649.880859
24660.572266
24671.416016
24682.339844
24693.507812
24704.785156
24715.691406
24726.541016
24737.488281
24748.458984
24759.285156
24770.330078
24781.332031
24791.732422
24802.509766
24813.468750
24823.886719
24834.541016
24844.769531
24854.974609
24865.476562
24876.232422
24886.732422
24898.121094
24908.662109
24919.310547
24929.902344
24940.970703
24951.763672
24962.542969
24973.519531
24984.414062
24995.287109
25006.292969
25017.148438
25028.058594
25039.050781
25050.029297
25060.904297
25071.765625
25082.570312
25093.337891
25104.320312
25115.207031
25126.044922
25136.818359
25147.480469
25158.843750
25169.472656
25180.115234
25190.662109
25201.406250
25212.250000
25223.023438
25233.802734
25244.527344
25255.533203
25266.173828
25276.787109
25287.484375
25298.154297
25308.998047
25319.664062
25330.603516
25341.349609
25351.994141
25362.697266
25373.496094
25384.263672
25394.984375
25405.781250
25416.478516
25427.253906
25438.037109
25448.833984
25459.533203
25470.371094
25481.160156
25491.861328
25502.648438
25513.386719
25524.083984
25534.875000
25545.650391
25556.365234
25567.185547
25577.912109
25588.613281
25599.371094
25610.169922
25620.859375
25631.591797
25642.392578
25653.033203
25663.802734
25674.626953
25685.308594
25696.058594
25706.828125
25717.439453
25728.195312
25739.035156
25749.761719
25760.525391
25771.359375
25782.054688
25792.757812
25803.572266
25814.265625
25824.990234
25835.748047
25846.419922
25857.300781
25868.121094
25878.843750
25889.582031
25900.423828
25911.087891
25921.953125
25932.718750
25943.341797
25953.994141
25964.865234
25975.580078
25986.292969
25997.035156
26007.669922
26018.589844
26029.417969
26040.125000
26050.851562
26061.496094
26072.056641
26082.781250
26093.580078
26104.242188
26115.048828
26125.820312
26136.529297
26147.333984
26158.162109
26168.898438
26179.792969
26190.626953
26201.304688
26212.066406
26222.939453
26233.648438
26244.425781
26255.207031
26265.958984
26276.732422
26287.517578
26298.183594
26309.017578
26319.771484
26330.417969
26341.162109
26351.888672
26362.546875
26373.357422
26384.126953
26394.841797
26405.611328
26416.310547
26426.978516
26437.802734
26448.589844
26459.281250
26470.134766
26480.851562
26491.486328
26502.339844
26513.074219
26523.787109
26534.558594
26545.257812
26555.994141
26566.810547
26577.654297
26588.296875
26599.039062
26609.806641
26620.501953
26631.261719
26642.019531
26652.712891
26663.408203
26674.220703
26684.937500
26695.712891
26706.519531
26717.208984
26727.941406
26738.708984
26749.367188
26760.130859
26770.794922
26781.501953
26792.193359
26802.937500
26813.609375
26824.388672
26835.228516
26845.859375
26856.662109
26867.568359
26878.187500
26889.066406
26899.800781
26910.455078
26921.224609
26931.982422
26942.718750
26953.638672
26964.363281
26975.148438
26985.904297
26996.714844
27007.441406
27018.349609
27029.080078
27039.791016
27050.541016
27061.294922
27071.978516
27082.882812
27093.640625
27104.371094
27115.115234
27125.787109
27136.500000
27147.326172
27158.154297
27168.800781
27179.570312
27190.263672
27201.044922
27211.812500
27222.583984
27233.197266
27243.957031
27254.695312
27265.419922
27276.232422
27287.064453
27297.773438
27308.503906
27319.232422
27329.996094
27340.857422
27351.583984
27362.199219
27372.976562
27383.800781
27394.539062
27406.230469
27417.015625
27427.605469
27438.177734
27448.884766
27459.787109
27470.859375
27481.599609
27492.117188
27502.656250
27513.082031
27523.585938
27534.513672
27545.078125
27555.638672
27566.236328
27576.927734
27587.812500
27599.144531
27609.857422
27621.060547
27631.765625
27642.513672
27653.103516
27664.216797
27674.943359
27685.597656
27695.855469
27706.341797
27716.785156
27727.248047
27737.716797
27748.349609
27759.068359
27769.791016
27780.523438
27791.320312
27802.173828
27813.150391
27824.031250
27834.781250
27845.636719
27856.425781
27867.208984
27878.048828
27888.869141
27899.570312
27910.373047
27921.234375
27931.910156
27942.707031
27953.566406
27964.175781
27975.482422
27986.248047
27996.830078
28007.601562
28018.492188
28029.449219
28040.230469
28050.902344
28061.765625
28072.863281
28083.503906
28094.205078
28104.699219
28115.216797
28125.664062
28136.804688
28147.351562
28157.992188
28167.373047
28178.246094
28189.253906
28200.310547
28211.164062
28222.082031
28232.810547
28243.605469
28254.546875
28265.375000
28276.238281
28286.925781
28297.554688
28308.527344
28319.357422
28330.222656
28341.035156
28351.654297
28362.298828
28373.146484
28383.927734
28394.734375
28405.437500
28416.066406
28426.691406
28437.427734
28448.119141
28458.916016
28469.673828
28480.285156
28490.974609
28501.685547
28512.529297
28523.357422
28534.146484
28544.753906
28555.464844
28566.263672
28577.019531
28587.847656
28598.535156
28609.189453
28619.835938
28630.675781
28641.410156
28652.306641
28663.007812
28673.701172
28684.490234
28695.294922
28705.984375
28717.505859
28728.224609
28739.234375
28749.996094
28760.759766
28771.621094
28782.484375
28793.189453
28804.089844
28814.916016
28825.609375
28836.353516
28846.951172
28857.582031
28868.062500
28878.585938
28889.271484
28899.529297
28909.933594
28920.519531
28930.873047
28941.515625
28952.080078
28962.613281
28973.201172
28983.859375
28994.792969
29005.683594
29016.701172
29027.601562
29038.498047
29049.345703
29060.281250
29071.085938
29081.960938
29092.798828
29103.619141
29114.615234
29125.386719
29136.314453
29147.130859
29157.984375
29168.865234
29179.597656
29190.310547
29201.162109
29211.873047
29222.494141
29233.234375
29243.990234
29254.634766
29265.490234
29276.185547
29286.744141
29297.646484
29308.484375
29319.107422
29329.841797
29340.660156
29351.388672
29362.197266
29372.912109
29383.570312
29394.359375
29405.103516
29415.873047
29426.699219
29437.410156
29448.087891
29458.886719
29469.636719
29480.332031
29491.210938
29501.951172
29512.666016
29523.398438
29534.123047
29544.875000
29555.781250
29566.425781
29577.091797
29587.792969
29598.542969
29609.263672
29620.070312
29630.779297
29641.455078
29652.203125
29662.906250
29674.558594
29685.132812
29695.701172
29706.408203
29717.251953
29727.814453
29739.570312
29750.126953
29760.765625
29771.068359
29781.546875
29792.167969
29802.800781
29813.271484
29823.863281
29834.568359
29845.191406
29855.656250
29865.910156
29875.927734
29886.429688
29896.501953
29907.132812
29917.720703
29928.462891
29939.357422
29950.380859
29961.337891
29972.230469
29983.056641
29994.117188
30005.042969
30016.054688
30026.968750
30037.855469
30048.738281
30059.636719
30070.482422
30081.494141
30092.277344
30103.042969
30113.820312
30124.720703
30135.697266
30146.406250
30157.083984
30167.851562
30178.650391
30189.435547
30200.400391
30211.068359
30221.814453
30232.685547
30243.359375
30254.226562
30265.115234
30275.792969
30286.468750
30297.201172
30307.845703
30318.664062
30329.556641
30340.191406
30350.841797
30361.626953
30372.437500
30383.156250
30394.035156
30404.675781
30415.400391
30426.208984
30436.927734
30447.785156
30458.560547
30469.111328
30479.792969
30490.541016
30501.205078
30511.972656
30522.783203
30533.427734
30544.113281
30554.908203
30565.681641
30576.505859
30587.439453
30598.066406
30608.822266
30619.705078
30630.468750
30641.285156
30652.392578
30663.259766
30674.349609
30685.277344
30696.072266
30706.824219
30717.574219
30728.400391
30739.550781
30750.025391
30760.607422
30771.253906
30781.707031
30792.474609
30802.964844
30813.203125
30823.607422
30833.875000
30844.492188
30854.849609
30865.900391
30876.289062
30886.900391
30897.503906
30908.318359
30919.242188
30930.208984
30941.066406
30951.968750
30962.802734
30973.626953
30984.470703
30995.388672
31006.222656
31016.949219
31027.986328
31038.865234
31049.691406
31060.552734
31071.367188
31082.105469
31092.923828
31103.644531
31114.367188
31125.083984
31135.927734
31146.585938
31157.396484
31168.066406
31178.742188
31189.376953
31200.158203
31210.849609
31221.656250
31232.457031
31243.167969
31253.912109
31264.667969
31275.316406
31286.191406
31297.054688
31307.662109
31318.392578
31329.078125
31339.755859
31350.568359
31361.351562
31372.089844
31382.822266
31393.560547
31404.292969
31415.185547
31425.935547
31436.656250
31447.302734
31458.107422
31468.869141
31479.730469
31490.429688
31501.136719
31511.808594
31522.599609
31533.400391
31544.242188
31554.933594
31565.677734
31576.609375
31587.457031
31598.472656
31608.916016
31619.634766
31630.457031
31642.097656
31652.736328
31664.105469
31674.302734
31684.435547
31694.937500
31705.230469
31716.226562
31726.712891
31736.966797
31747.923828
31758.152344
31768.320312
31778.865234
31789.060547
31800.046875
31810.378906
31821.308594
31831.773438
31842.392578
31853.156250
31864.023438
31875.326172
31886.146484
31897.005859
31907.908203
31918.888672
31929.687500
31940.724609
31951.519531
31962.439453
31973.279297
31984.218750
31995.138672
32005.941406
32016.683594
32027.556641
32038.330078
32049.121094
32059.972656
32070.705078
32081.435547
32092.357422
32103.068359
32113.853516
32124.728516
32135.501953
32146.302734
32157.023438
32167.748047
32178.472656
32189.314453
32199.966797
32210.726562
32221.431641
32232.087891
32242.919922
