0.207604
0.381724
0.883992
1.413049
1.125081
1.751243
1.506805
1.583820
1.620653
1.831606
1.737849
1.925362
1.945453
1.828257
1.821560
1.895226
1.781379
2.012422
1.818212
1.965544
1.701016
1.767985
1.968892
1.664183
2.059300
1.895226
1.788076
1.767985
1.808166
1.781379
1.687622
1.824908
1.888529
1.744546
1.848348
1.962195
1.597213
1.821560
1.727803
1.784727
1.814863
1.938756
1.751243
1.881832
1.871787
1.878484
2.119573
1.938756
2.240117
2.163102
2.591705
2.802658
2.541478
3.452258
2.899763
2.956687
4.091813
3.157594
4.165480
3.546015
4.128646
3.599590
4.162131
3.579499
4.018147
3.706741
4.235797
3.931087
3.951178
4.058329
4.192267
4.058329
4.326205
4.111904
4.135344
4.111904
4.078420
4.105207
4.115252
4.058329
4.172176
4.088465
3.927739
4.162131
4.165480
3.857421
4.014799
3.924390
4.269281
4.081768
3.951178
4.004754
4.071723
3.887558
4.101859
4.222403
4.051631
3.462303
4.142040
4.041586
3.934436
3.917694
4.001405
4.135344
4.038238
4.239145
3.954527
3.998056
3.974617
4.028193
3.924390
4.229100
3.931087
3.914345
3.937784
3.971269
4.088465
4.031541
3.837331
4.369735
3.870816
3.887558
4.215706
4.021495
3.894254
4.061677
3.884209
4.095162
3.971269
3.907648
3.740226
3.857421
3.924390
3.961224
3.740226
3.716786
3.606287
3.602939
3.552712
3.586196
3.264745
3.683301
3.482394
3.328365
3.288184
3.194427
2.973429
2.983474
3.201124
3.013610
2.960035
2.591705
2.765825
2.641932
2.655326
2.601750
2.504645
2.544827
2.404191
2.417585
2.377404
2.186542
2.323828
2.203284
2.203284
2.179845
1.982286
2.353965
1.704364
2.380752
2.173148
2.447721
2.176497
2.481206
2.233420
2.879672
2.702204
2.444373
2.471161
2.263556
2.293693
1.680925
2.518039
1.389609
1.352776
2.333874
1.570426
2.280298
2.260208
1.868438
2.270253
2.122921
2.266905
2.220026
2.042558
2.132967
2.096133
2.233420
2.099482
2.153057
2.065997
2.253511
2.417585
2.812703
2.544827
2.946641
2.883021
3.120761
3.586196
3.328366
3.793801
3.458955
4.178873
3.616333
4.239145
3.740226
4.319509
3.803846
3.957875
4.165480
3.957875
4.165480
4.185570
4.332902
3.994708
4.178873
4.004754
4.496976
4.098510
4.152085
4.145389
4.142040
4.332902
4.142040
4.296069
4.165479
4.329554
4.232449
4.299417
4.078420
4.021495
4.131995
3.974617
4.108556
4.048284
4.292721
4.038239
4.135344
4.195616
4.131995
4.121949
4.068374
4.028193
4.168828
4.115252
3.854073
3.988011
4.108556
4.054980
4.008102
4.172176
3.803846
3.820589
4.021495
4.071723
4.128646
4.245842
3.917694
4.111904
3.931087
3.924390
3.937784
3.947830
3.957875
3.994708
3.937784
3.914345
3.971269
3.787104
3.947830
3.877512
3.797149
3.773710
3.623030
3.683302
3.264745
3.278139
3.348456
3.405380
3.023656
3.070534
3.063837
2.816051
3.023656
2.829445
2.722295
2.765825
2.638583
2.635235
2.574963
2.561569
2.574963
2.430979
2.471161
2.367358
2.437676
2.541478
2.514691
2.377404
2.518039
2.638583
2.263556
2.340571
2.333874
2.156406
2.173148
2.189890
2.015770
2.099482
1.928711
2.233420
2.179845
2.357313
2.407540
2.608447
3.261396
2.913157
3.368547
4.085116
3.006914
3.994708
3.271441
3.914345
3.378592
4.085116
3.489091
3.669908
3.582848
3.710089
3.703392
3.539318
3.586196
3.726831
3.643120
3.492440
3.599590
3.458955
3.432167
3.331714
3.104019
3.110716
3.164291
3.003565
2.799309
2.826097
2.769173
2.772521
2.832794
2.635235
2.414237
2.427631
2.400843
2.434328
2.320480
2.323829
2.387449
2.193239
2.330525
2.146360
2.206633
2.022468
2.116224
1.794772
2.015770
1.938756
1.791424
2.012422
2.005725
2.019119
1.982286
2.022468
1.911968
2.015770
1.958847
2.042558
2.139663
1.972241
1.841651
2.029164
1.908620
2.076043
2.002377
2.045907
1.999028
1.975589
1.834954
1.992331
2.089437
1.972241
2.116224
1.972241
2.029164
1.985634
1.955498
2.032513
2.280298
2.022468
1.928711
1.955498
1.945453
2.012422
2.052604
2.203284
1.968892
1.999028
2.052604
1.985634
1.955498
1.855045
1.831605
2.042558
1.794772
1.965544
1.995680
2.049255
2.136315
2.059300
2.049255
2.009073
1.871787
2.012422
2.086088
2.015770
2.002377
1.898575
2.022468
2.220026
2.045907
2.009073
2.045907
2.002377
2.072694
2.143012
1.908620
2.109527
1.932059
1.982286
1.968892
2.029164
2.015770
2.079391
2.059300
2.089437
1.932059
1.875135
1.895226
1.888529
2.039210
2.065997
2.397495
2.374055
2.625189
2.755780
3.023656
3.167639
3.063837
3.288184
3.231260
3.797149
4.004754
3.756968
4.054980
3.700044
4.259236
3.964572
4.011450
4.065026
4.008102
4.061677
4.098510
4.038238
3.981314
3.924390
3.951178
4.138691
4.085116
3.971269
4.302766
3.947830
4.041586
4.054980
4.121949
4.101859
4.011450
3.991359
4.175525
3.957875
4.306114
4.111904
4.135344
3.921042
4.131995
4.008102
3.904300
3.750271
3.549363
3.783755
3.730180
3.341759
3.442213
3.495788
3.241305
3.485743
3.278139
3.134155
3.170988
3.294881
3.040398
2.929899
2.919854
2.939945
2.879672
2.772521
2.638583
2.688810
2.692159
2.521387
2.457767
2.494600
2.360662
2.233420
2.263556
2.203284
2.035861
2.143012
2.122921
2.002377
1.922014
1.935408
1.945453
1.978938
1.901923
1.928711
1.818212
1.932059
2.099482
1.942104
2.059300
2.149709
2.069346
2.076043
2.183193
2.109527
2.136315
2.069346
2.035861
2.076043
1.948802
1.865090
2.025816
2.116224
2.397495
2.414237
2.631886
2.869627
2.946641
3.529273
3.365198
3.904300
3.479046
3.643120
3.639772
3.967920
3.910997
3.944481
3.944481
3.857421
3.783755
4.131995
4.004754
4.239145
3.991359
3.914345
4.054980
3.907648
4.185570
4.175525
4.021495
4.028193
4.158782
3.974617
4.242494
4.034890
3.977966
4.326205
4.004754
4.155434
3.981314
3.844028
4.101859
4.021495
3.854073
4.028193
3.971269
3.907648
3.844027
3.639772
3.750271
3.559409
3.653166
3.505834
3.422122
3.371895
3.325017
3.020307
3.237957
3.047095
3.033701
2.963384
2.869627
2.946641
2.775870
2.631886
2.611796
2.494600
2.621841
2.494600
2.233420
2.374055
2.236768
2.226723
2.072694
2.153057
1.654137
1.757940
2.163102
1.617304
1.838302
2.176497
2.045907
2.055952
1.811515
2.246814
2.585008
1.942104
2.672068
1.818212
2.410888
2.477858
1.443184
2.457767
2.628538
1.637395
2.079391
2.300389
1.935408
2.531433
1.754591
2.059300
2.538130
1.908620
2.243466
1.999028
2.166451
2.169800
2.387449
2.692159
2.487903
2.980126
3.023656
2.963384
3.813892
3.093973
4.188918
3.284835
4.269281
3.974617
4.068374
4.111904
3.582848
3.827285
4.068374
4.242494
4.346296
3.890906
4.219055
4.085116
4.182222
4.275979
4.359690
4.158782
4.135344
4.021495
4.209009
4.205661
3.813892
4.212358
4.195615
4.142040
4.326205
4.155434
4.279327
4.205661
4.195615
4.091813
3.897603
4.061677
3.951178
4.008102
4.121949
4.028193
3.967921
4.386477
3.994708
4.168828
4.252539
3.599590
4.255888
3.894254
3.998057
4.232449
4.021495
4.108555
4.192267
3.984663
4.041586
4.249191
3.934436
3.971269
3.877512
3.864118
3.874163
3.469001
3.569454
3.335062
3.499136
3.365198
3.214518
3.361850
3.187730
3.114064
3.016959
2.672068
2.976778
2.728992
2.842839
2.749082
2.581660
2.441025
2.608447
2.494600
2.377404
2.487903
2.364010
2.477857
2.260208
2.186542
2.099482
1.948802
1.995680
1.915317
2.441025
1.962195
1.975589
1.898575
1.985634
1.935408
1.978937
2.092785
2.079391
1.938756
2.045907
1.905271
2.029164
1.995680
1.952150
1.975589
2.019119
2.126270
2.069346
1.985634
2.209981
2.169800
2.025816
1.948802
1.978938
2.173148
2.002377
2.099482
2.112876
1.901923
2.012422
2.015770
2.009073
2.055952
2.159754
2.096133
2.143012
2.025816
2.102831
2.176497
1.992331
2.059300
2.029164
2.116224
1.935408
1.228883
2.183193
2.049255
1.955498
2.079391
2.005725
2.029164
2.156406
2.169800
1.818212
2.183193
2.079391
2.072694
2.183193
2.199936
2.062649
1.928711
2.166451
2.209981
2.106179
2.086088
2.116224
1.978938
2.089437
2.153057
2.156406
2.199936
2.143012
1.995680
2.045907
1.925362
2.076043
2.019119
2.250163
2.005725
2.092785
2.146360
2.082740
2.236768
2.019119
1.948802
2.109527
2.132967
2.062649
1.834954
2.099482
2.176497
2.029164
1.982286
2.059300
2.049255
2.146360
2.012422
2.112876
1.808166
2.685462
2.186542
2.246814
2.052604
2.327177
2.049255
1.928711
2.039210
2.092785
2.022468
2.089437
2.092785
2.042558
1.841651
2.019119
1.999028
2.196587
2.116224
1.945453
1.958847
1.972241
1.901923
2.039210
1.965544
1.985634
2.015770
1.898575
1.975589
2.082740
2.079391
2.374055
2.313783
2.531433
2.317132
2.146360
2.943293
1.868439
2.926551
1.761288
1.617304
0.214301
2.126270
1.801469
1.580471
1.389609
1.145172
1.844999
2.625189
1.346079
2.055952
1.808166
1.968892
2.230072
2.474509
2.668720
2.745734
2.531433
2.631886
2.645280
2.581660
2.682113
2.501297
2.548175
2.631886
2.474509
2.538130
2.390798
2.507993
2.173148
2.471160
1.821560
2.377404
1.918665
2.494600
2.518039
2.795961
2.307086
2.651977
2.112876
2.280298
1.654137
2.574963
1.446533
1.891878
2.471161
2.528084
1.282459
2.256859
2.132967
1.831605
2.246814
3.154245
2.096133
2.655326
2.317132
2.323829
2.122921
2.685462
2.474509
2.819400
2.313783
2.588356
2.333874
2.333874
1.500108
1.038021
1.356125
2.484555
1.449882
1.074854
2.079391
1.255671
0.994492
1.426442
1.647440
0.000000
0.000000
0.000000
0.000000
0.000000
0.000000
0.000000
0.000000
0.000000
0.000000
0.000000
0.000000
0.000000
0.000000
0.000000
0.000000
0.000000
0.000000
0.000000
0.000000
0.000000
0.000000
0.000000
0.000000
