0.348239
0.512314
1.041370
1.429791
1.272413
1.443184
1.463275
1.640743
1.714409
1.690970
1.764636
1.831606
2.025816
1.898575
1.664183
1.798121
1.955498
1.952150
1.999028
1.838302
1.888529
1.861742
1.955498
1.952150
1.818212
1.804818
1.968892
1.804818
1.824908
1.697667
1.858393
1.865090
1.911968
2.240117
2.112876
2.427631
2.718946
2.621841
2.739037
3.422122
3.254699
3.780407
4.560597
3.010262
4.667747
3.422122
4.768201
3.599590
4.433355
3.890906
4.691187
4.490280
4.212358
4.707929
4.312812
4.440053
4.731369
4.630915
4.841867
4.577340
4.861959
4.674445
4.992548
4.788292
4.805034
4.513719
4.607476
4.707929
4.607476
4.654354
4.570642
4.778247
4.794989
4.399871
4.406568
4.332902
4.553900
4.637611
4.701232
4.446750
4.533809
4.466840
4.517067
4.359690
4.547204
4.553900
4.617521
4.406568
4.416614
4.520416
4.537158
4.352993
4.389826
4.430007
4.533809
4.419962
4.661051
4.557249
4.470189
4.503673
4.600779
4.316160
4.567294
4.436704
4.630915
4.543855
4.550552
4.426659
4.557249
4.634263
4.436704
4.369735
4.252539
4.125298
3.994708
4.128646
3.874163
3.894254
3.830634
3.415425
3.422122
3.395334
3.442213
3.559409
3.338411
3.298229
3.080580
3.057141
2.859581
2.826097
2.678765
2.698856
2.732340
2.481206
2.501297
2.464464
2.283647
2.246814
2.216678
2.146360
2.035861
1.938756
1.848348
2.015770
1.895226
1.858393
1.801469
1.717758
1.808166
1.744546
1.697667
1.634047
1.788076
1.707712
1.620653
1.704364
1.754591
1.855045
1.429791
1.074854
1.657486
1.808166
1.406351
1.600562
1.613956
1.811515
1.791424
1.868438
1.851696
1.861742
1.781379
1.824908
1.932059
1.988983
1.925362
1.928711
1.928711
2.220026
2.055952
2.270253
2.283647
2.621841
2.685462
2.983474
2.876324
3.341759
3.087276
3.335062
3.328366
3.311623
3.870815
3.482394
4.701232
3.582848
4.801686
3.914345
3.954527
4.286024
4.172176
4.630915
4.262585
4.550552
4.255888
4.433356
4.604127
4.403220
4.687839
4.496976
4.697884
4.701232
4.550552
4.500325
4.664399
4.667747
4.463492
4.537158
4.885397
4.563945
4.476886
4.607476
4.594082
4.620870
4.717975
4.828474
4.399871
4.359690
4.620870
4.634263
4.433355
4.490280
4.493628
4.711277
4.607476
4.389826
4.510370
4.674445
4.563945
4.580688
4.507022
4.493628
4.808383
4.470189
4.577340
4.483582
4.537158
4.707929
4.738065
4.560597
4.540506
4.480234
4.460144
4.443401
4.724672
4.604127
4.446750
4.480234
4.195615
4.486931
4.071723
3.977966
4.051631
3.874163
3.797149
3.813892
3.582848
3.884209
3.535969
3.375244
3.231260
3.258048
3.308275
3.184382
2.980126
3.833982
3.311623
3.191079
1.968892
3.067186
3.077231
3.375244
3.100670
3.140852
2.933248
3.341759
3.495788
3.988011
3.669908
4.553900
3.820589
4.309463
4.202312
4.845216
3.880861
4.142040
4.490280
4.376432
4.229100
4.480234
4.788292
4.279327
4.540506
4.577340
4.711277
4.309463
4.436704
4.286024
4.413265
4.239145
4.098510
4.078420
3.770362
3.462303
3.733528
3.810543
3.381940
3.385289
3.974617
3.023656
3.522576
3.204473
2.839491
3.077231
2.846188
3.281487
2.849536
2.970080
2.909808
3.013611
3.100670
2.939944
3.006914
2.916505
2.926551
2.946641
2.946641
2.963384
3.224563
3.060489
3.020307
2.973429
2.963384
2.973429
2.983474
3.050443
3.067186
3.010262
2.879672
3.073883
2.960035
2.943293
2.986823
2.973429
3.194427
2.990171
3.164291
3.010262
3.070534
3.060489
3.037050
2.879672
3.013610
3.027004
3.000216
3.033701
2.883021
2.939945
3.170988
3.006913
3.077231
3.067186
3.107367
3.023656
3.016959
3.070534
2.970080
3.073883
3.080580
2.983474
3.006914
3.147549
3.381940
3.184382
3.418774
3.435516
3.673257
3.998056
3.335062
4.503673
3.767013
4.329554
3.931087
4.296069
4.342947
4.232449
4.490280
4.359690
4.460144
4.463491
4.778246
4.600779
4.490280
4.296069
4.905488
4.741414
4.654354
4.818428
4.577340
4.573991
4.480235
4.537158
4.507022
4.527112
4.584036
4.409917
4.597430
4.590733
4.547204
4.590734
4.563945
4.717975
4.630915
4.640960
4.610824
4.547204
4.577340
4.537158
4.383129
4.215706
4.138691
4.014799
3.837331
3.756968
3.740226
3.499136
3.663211
3.365198
3.385289
3.214518
3.204472
3.097322
3.033701
2.872975
2.685462
2.728992
2.621841
2.605099
2.759128
2.568266
2.568266
2.595054
2.454418
3.100670
2.364010
3.130806
2.795961
3.000216
2.688810
3.110716
3.003565
2.313783
2.816052
2.916505
3.040398
2.963384
3.134155
3.181033
3.402031
3.237957
3.626378
3.676605
4.054980
3.971269
4.212358
4.918882
3.750271
4.155434
4.754808
4.202312
4.195615
4.553900
4.393174
4.527112
4.363038
4.563945
4.543855
4.741414
4.697884
4.681141
4.600778
4.567294
4.841867
4.332902
2.240117
4.684490
4.379781
4.349645
4.540506
4.617521
4.738065
4.728020
4.222403
4.744762
4.835170
4.711277
4.550552
4.369735
4.436704
4.440053
4.319509
4.101859
3.994708
3.847376
4.051631
3.602939
3.673257
3.485743
3.532621
3.465652
3.378592
3.211169
2.879672
3.053792
2.869627
2.715598
2.755780
1.814863
2.106179
1.376215
2.333874
1.938756
2.598402
1.781379
2.434328
2.682113
1.697667
1.610607
2.129618
0.790236
1.356125
1.466624
1.476669
2.086088
1.275762
1.848348
1.881832
1.721106
1.905272
2.106179
1.804818
2.112876
2.099482
1.868438
2.350616
1.469972
2.112876
1.597213
1.791424
1.771333
1.838302
2.049255
2.102830
2.129618
2.012422
2.072694
2.092785
2.059300
2.186542
2.390798
2.430979
2.705553
2.893066
2.789264
3.164291
3.592893
3.351804
3.482394
3.502485
4.121949
3.787104
4.198964
4.892095
4.198964
4.999245
4.198964
4.798337
4.135343
4.801686
4.262585
4.942321
4.563945
4.620870
4.778246
4.289372
4.684490
4.563945
4.714626
4.530461
4.711277
4.701232
4.493628
4.841867
4.744762
4.604127
4.717975
4.436704
4.764853
4.741414
4.647657
4.808383
4.547204
4.466840
4.463492
4.222403
4.550552
4.674445
4.557249
4.523764
4.922231
4.577340
4.701232
4.694535
4.721323
4.600778
4.399871
4.550552
4.741414
4.908836
4.677794
4.423310
4.630915
4.202312
4.446750
4.604127
4.135344
4.118601
4.041586
4.014799
3.780407
3.767013
3.616333
3.673257
3.589545
2.809355
3.375244
3.422122
1.480018
2.923202
3.428819
2.960035
2.953338
3.053792
3.037049
2.718946
0.000000
0.000000
0.000000
0.000000
0.000000
0.000000
0.000000
0.000000
0.000000
0.000000
0.000000
0.000000
0.000000
0.000000
0.000000
0.000000
0.000000
0.000000
0.000000
0.000000
0.000000
0.000000
0.000000
0.000000
0.000000
0.000000
0.000000
0.000000
0.000000
0.000000
0.000000
0.000000
0.000000
0.000000
0.000000
0.000000
0.000000
0.000000
0.000000
0.000000
0.000000
0.000000
0.000000
0.000000
0.000000
0.000000
0.000000
0.000000
0.000000
0.000000
0.000000
0.000000
0.000000
0.000000
0.000000
0.000000
0.000000
0.000000
0.000000
0.000000
0.000000
0.000000
0.000000
0.000000
0.000000
0.000000
0.000000
0.000000
0.000000
0.000000
0.000000
0.000000
0.000000
0.000000
0.000000
0.000000
0.000000
0.000000
0.000000
0.000000
0.000000
0.000000
0.000000
0.000000
0.000000
0.000000
0.000000
0.000000
0.000000
0.000000
0.000000
0.000000
0.000000
0.000000
0.000000
0.000000
0.000000
0.000000
0.000000
0.000000
0.000000
0.000000
0.000000
0.000000
0.000000
0.000000
0.000000
0.000000
0.000000
0.000000
0.000000
0.000000
0.000000
0.000000
0.000000
0.000000
0.000000
0.000000
0.000000
0.000000
0.000000
0.000000
0.000000
0.000000
0.000000
0.000000
0.000000
0.000000
0.000000
0.000000
0.000000
0.000000
0.000000
0.000000
0.000000
0.000000
0.000000
0.000000
0.000000
0.000000
0.000000
0.000000
0.000000
0.000000
0.000000
0.000000
0.000000
0.000000
0.000000
0.000000
0.000000
0.000000
0.000000
0.000000
0.000000
0.000000
0.000000
0.000000
0.000000
0.000000
0.000000
0.000000
0.000000
0.000000
0.000000
0.000000
0.000000
0.000000
0.000000
0.000000
0.000000
0.000000
0.000000
0.000000
0.000000
0.000000
0.000000
0.000000
0.000000
0.000000
0.000000
0.000000
0.000000
0.000000
0.000000
0.000000
0.000000
0.000000
0.000000
0.000000
0.000000
0.000000
0.000000
0.000000
0.000000
0.000000
0.000000
0.000000
0.000000
0.000000
0.000000
0.000000
0.000000
0.000000
0.000000
0.000000
0.000000
0.000000
0.000000
0.000000
0.000000
0.000000
0.000000
0.000000
0.000000
0.000000
0.000000
0.000000
0.000000
0.000000
0.000000
0.000000
0.000000
0.000000
0.000000
0.000000
0.000000
0.000000
0.000000
0.000000
0.000000
0.000000
0.000000
0.000000
0.000000
0.000000
0.000000
0.000000
0.000000
0.000000
0.000000
0.000000
0.000000
0.000000
0.000000
0.000000
0.000000
0.000000
0.000000
0.000000
0.000000
0.000000
0.000000
0.000000
0.000000
0.000000
0.000000
0.000000
0.000000
0.000000
0.000000
0.000000
0.000000
0.000000
0.000000
0.000000
0.000000
0.000000
0.000000
0.000000
0.000000
0.000000
0.000000
0.000000
0.000000
0.000000
0.000000
0.000000
0.000000
0.000000
0.000000
0.000000
0.000000
0.000000
0.000000
0.000000
0.000000
0.000000
0.000000
0.000000
0.000000
0.000000
0.000000
0.000000
0.000000
0.000000
0.000000
0.000000
0.000000
0.000000
0.000000
0.000000
0.000000
0.000000
0.000000
0.000000
0.000000
0.000000
0.000000
0.000000
0.000000
0.000000
0.000000
0.000000
0.000000
0.000000
0.000000
0.000000
0.000000
0.000000
0.000000
0.000000
0.000000
0.000000
0.000000
0.000000
0.000000
0.000000
0.000000
0.000000
0.000000
0.000000
0.000000
0.000000
0.000000
0.000000
0.000000
0.000000
0.000000
0.000000
0.000000
0.000000
0.000000
0.000000
0.000000
0.000000
0.000000
