0.000000
0.361633
1.613956
1.021279
1.118384
1.714409
1.285807
1.610608
1.811515
1.737849
1.583820
1.778030
1.791424
1.828257
1.841651
1.895226
1.640743
1.841651
1.885181
1.915317
1.744545
1.848348
1.848348
1.922014
1.831605
1.838302
1.741197
1.821560
1.754591
1.767985
1.865090
1.781379
1.680925
1.925362
1.942104
2.029164
2.474509
2.260208
2.608447
2.799309
2.765825
3.083928
3.783755
3.047095
4.192267
3.549363
4.292721
4.219055
3.740226
3.984663
4.617521
4.068374
4.249191
4.446750
4.510370
4.483582
4.419962
4.563945
4.771550
4.661051
4.376432
4.563945
4.409917
4.289372
4.784944
4.717974
4.717975
4.580688
4.624218
4.473537
4.446750
4.707929
4.580688
4.610824
4.731369
4.523764
4.476886
4.510370
4.503673
4.540506
4.634263
4.440053
4.610824
4.376432
4.533809
4.383129
4.630915
4.470189
4.356341
4.440053
4.259236
4.553900
4.430007
4.567294
4.681141
4.490280
4.543855
4.681141
4.563945
4.460144
4.570642
4.520416
4.470189
4.466840
4.557249
4.741414
4.363039
4.406568
4.483583
4.393174
4.480235
4.640960
4.383129
4.369735
4.359690
4.222403
4.225751
4.215706
3.964572
3.509182
3.559409
3.402031
3.582848
3.452258
3.472349
3.167639
3.248003
2.903111
2.849536
3.010262
2.765825
2.852885
2.826097
2.648629
2.618493
2.280298
2.481206
2.400843
2.079391
2.099482
2.266905
2.169800
2.002377
1.955498
1.824908
2.223375
1.828257
1.744546
1.788076
1.858393
1.727803
1.747894
1.640743
1.563729
1.536941
1.657486
1.694319
1.674228
1.922014
1.553684
1.901923
1.389609
1.721106
1.945453
1.446533
1.587168
1.814863
1.687622
1.818212
1.757939
1.701016
1.754591
1.992331
1.650789
2.002377
1.717758
1.804818
1.821560
1.868438
1.848348
1.948802
2.052604
2.209981
2.122921
2.353965
2.350616
2.762476
2.608447
2.708901
2.879672
2.879672
2.996868
3.167639
3.365198
3.790452
3.395334
4.389826
3.887558
4.443401
4.249191
4.383129
4.312812
4.510370
4.386477
4.419962
4.486931
4.436704
4.533809
4.600778
4.376432
4.938972
4.567294
4.580688
4.590734
4.446750
4.543855
4.523764
4.286024
4.547204
4.540506
4.630915
4.774898
4.624218
4.624218
4.486931
4.507022
4.694535
4.463491
4.627566
4.476886
4.466840
4.466840
4.530461
4.781595
4.423310
4.594082
4.557249
4.604127
4.513719
4.496976
4.614172
4.527112
4.406568
4.563945
4.590734
4.379781
4.463491
4.657702
4.446750
4.366386
4.252539
4.684490
4.610824
4.550552
4.560597
4.463491
4.617521
4.205661
4.289372
4.383129
3.890906
4.088465
3.894254
3.810543
3.515879
3.395334
3.542667
3.318320
3.355153
3.338411
3.281487
2.953338
3.140852
2.638583
2.956687
2.769173
3.067186
3.030353
3.137503
2.926551
3.050443
3.073883
3.083928
2.953338
2.933248
3.110716
3.060489
3.080580
3.040398
3.197776
3.254699
3.810543
3.251351
3.998056
4.423310
3.679953
4.336250
4.148737
4.192267
4.182222
4.232449
4.463491
4.513719
4.490280
4.359690
4.396523
4.557249
4.309463
4.282675
4.085116
3.954527
3.860770
3.907648
3.532621
3.492440
3.412076
3.425471
3.043747
3.181033
3.254699
3.003565
2.846188
3.325017
3.358501
2.896415
2.494600
2.554872
2.340571
2.290344
2.504645
2.270253
2.260208
2.166451
2.230072
2.092785
2.069346
1.905272
2.096133
1.982286
2.065997
2.045907
2.049255
2.025816
1.999028
2.035861
2.119573
2.076043
2.236768
2.102830
2.203284
2.223375
2.216678
2.189890
2.199936
2.059300
1.992331
2.029164
1.908620
2.045907
2.012422
1.995680
1.828257
1.962195
2.072694
2.220026
2.122921
2.186542
2.025816
2.166451
1.965544
1.928711
2.025816
2.109527
1.995680
1.972241
1.932059
2.012422
1.855045
1.935408
1.992331
2.025816
1.911968
1.978938
2.002377
1.942104
2.059300
1.891878
2.022468
1.888529
1.945453
2.072694
2.250162
2.039210
2.049255
2.059300
2.132966
2.029164
2.092785
1.999028
2.005725
1.968892
2.032513
1.848348
1.925362
2.055952
2.166451
2.290344
2.407540
3.050443
2.611796
3.117413
2.849536
2.775870
2.923202
3.043747
2.816051
3.077231
3.197776
3.612984
3.415425
3.582848
4.610824
3.894254
4.637611
4.453446
4.282675
4.423310
4.111904
4.573991
4.205661
4.296069
4.480235
4.520416
4.597430
4.486931
4.517067
4.788292
4.861959
4.517067
4.758156
4.805034
4.697884
4.630915
4.610824
4.550552
4.661051
4.677793
4.483582
4.460144
4.507022
4.607476
4.496976
4.486931
4.446750
4.393174
4.316160
4.101859
4.329554
3.984663
3.944481
3.770362
3.663211
3.616333
3.546015
3.402031
3.291532
3.147549
3.067186
3.057140
2.953338
2.926551
2.739037
2.735689
2.544827
2.615144
2.588356
2.504645
2.581660
2.307086
2.317132
2.313783
2.233420
2.055952
2.196587
2.086088
1.988983
1.911968
2.032513
1.975589
1.932059
1.928711
2.206633
2.076043
2.240117
2.504645
2.926551
3.013611
2.769173
2.785915
2.819400
2.879672
2.732340
2.826097
2.889718
3.043747
3.177685
3.234608
3.489091
3.455607
3.492440
4.135344
3.894254
4.363038
4.135344
4.587385
4.138692
4.406568
4.540506
4.423310
4.436704
4.570642
4.543855
4.480234
4.513719
4.530461
4.647657
4.768201
4.517067
4.610824
4.620870
4.537158
4.744762
4.550552
4.791641
4.409917
4.573991
4.537158
4.651005
4.594082
4.423310
4.959064
4.342947
4.537158
4.573991
4.312812
4.389826
4.162131
4.225751
4.165480
4.075071
3.743574
3.633075
3.599590
3.693347
3.458955
3.479046
3.599590
3.321668
3.258048
3.124110
3.170988
3.033701
2.876324
2.203284
1.513502
1.389609
1.744546
2.002377
0.287967
1.413048
0.897386
2.444373
2.410888
0.411860
0.000000
0.000000
0.000000
0.000000
0.000000
0.000000
0.000000
0.000000
0.000000
0.000000
0.000000
0.000000
0.000000
0.000000
0.000000
0.000000
0.000000
0.000000
0.000000
0.000000
0.000000
0.000000
0.000000
0.000000
0.000000
0.000000
0.000000
0.000000
0.000000
0.000000
0.000000
0.000000
0.000000
0.000000
0.000000
0.000000
0.000000
0.000000
0.000000
0.000000
0.000000
0.000000
0.000000
0.000000
0.000000
0.000000
0.000000
0.000000
0.000000
0.000000
0.000000
0.000000
0.000000
0.000000
0.000000
0.000000
0.000000
0.000000
0.000000
0.000000
0.000000
0.000000
0.000000
0.000000
0.000000
0.000000
0.000000
0.000000
0.000000
0.000000
0.000000
0.000000
0.000000
0.000000
0.000000
0.000000
0.000000
0.000000
0.000000
0.000000
0.000000
0.000000
0.000000
0.000000
0.000000
0.000000
0.000000
0.000000
0.000000
0.000000
0.000000
0.000000
0.000000
0.000000
0.000000
0.000000
0.000000
0.000000
0.000000
0.000000
0.000000
0.000000
0.000000
0.000000
0.000000
0.000000
0.000000
0.000000
0.000000
0.000000
0.000000
0.000000
0.000000
0.000000
0.000000
0.000000
0.000000
0.000000
0.000000
0.000000
0.000000
0.000000
0.000000
0.000000
0.000000
0.000000
0.000000
0.000000
0.000000
0.000000
0.000000
0.000000
0.000000
0.000000
0.000000
0.000000
0.000000
0.000000
0.000000
0.000000
0.000000
0.000000
0.000000
0.000000
0.000000
0.000000
0.000000
0.000000
0.000000
0.000000
0.000000
0.000000
0.000000
0.000000
0.000000
0.000000
0.000000
0.000000
0.000000
0.000000
0.000000
0.000000
0.000000
0.000000
0.000000
0.000000
0.000000
0.000000
0.000000
0.000000
0.000000
0.000000
0.000000
0.000000
0.000000
0.000000
0.000000
0.000000
0.000000
0.000000
0.000000
0.000000
0.000000
0.000000
0.000000
0.000000
0.000000
0.000000
0.000000
0.000000
0.000000
0.000000
0.000000
0.000000
0.000000
0.000000
0.000000
0.000000
0.000000
0.000000
0.000000
0.000000
0.000000
0.000000
0.000000
0.000000
0.000000
0.000000
0.000000
0.000000
0.000000
0.000000
0.000000
0.000000
0.000000
0.000000
0.000000
0.000000
0.000000
0.000000
0.000000
0.000000
0.000000
0.000000
0.000000
0.000000
0.000000
0.000000
0.000000
0.000000
0.000000
0.000000
0.000000
0.000000
0.000000
0.000000
0.000000
0.000000
0.000000
0.000000
0.000000
0.000000
0.000000
0.000000
0.000000
0.000000
0.000000
0.000000
0.000000
0.000000
0.000000
0.000000
0.000000
0.000000
0.000000
0.000000
0.000000
0.000000
0.000000
0.000000
0.000000
0.000000
0.000000
0.000000
0.000000
0.000000
0.000000
0.000000
0.000000
0.000000
0.000000
0.000000
0.000000
0.000000
0.000000
0.000000
0.000000
0.000000
0.000000
0.000000
0.000000
0.000000
0.000000
0.000000
0.000000
0.000000
0.000000
0.000000
0.000000
0.000000
0.000000
0.000000
0.000000
0.000000
0.000000
0.000000
0.000000
0.000000
0.000000
0.000000
0.000000
0.000000
0.000000
0.000000
0.000000
0.000000
0.000000
0.000000
0.000000
0.000000
0.000000
0.000000
0.000000
0.000000
0.000000
0.000000
0.000000
0.000000
0.000000
0.000000
0.000000
0.000000
0.000000
0.000000
0.000000
0.000000
0.000000
0.000000
0.000000
0.000000
0.000000
0.000000
0.000000
0.000000
0.000000
0.000000
0.000000
0.000000
0.000000
0.000000
0.000000
0.000000
0.000000
0.000000
0.000000
0.000000
0.000000
0.000000
0.000000
0.000000
0.000000
0.000000
0.000000
0.000000
0.000000
0.000000
0.000000
0.000000
0.000000
0.000000
0.000000
0.000000
0.000000
0.000000
0.000000
0.000000
0.000000
0.000000
0.000000
0.000000
0.000000
0.000000
0.000000
0.000000
0.000000
0.000000
0.000000
0.000000
0.000000
0.000000
0.000000
0.000000
0.000000
0.000000
0.000000
0.000000
0.000000
0.000000
0.000000
0.000000
0.000000
0.000000
0.000000
0.000000
0.000000
0.000000
0.000000
0.000000
0.000000
0.000000
0.000000
0.000000
0.000000
0.000000
0.000000
0.000000
0.000000
0.000000
0.000000
0.000000
0.000000
0.000000
0.000000
0.000000
0.000000
0.000000
0.000000
0.000000
0.000000
0.000000
0.000000
0.000000
0.000000
0.000000
0.000000
0.000000
