0.301361
0.766796
1.714409
0.967704
1.480018
1.690970
1.701016
1.865090
1.962195
1.550335
1.841651
1.871787
1.851696
1.767985
1.734500
1.865090
1.757939
1.922014
1.955498
1.975589
1.891878
1.901923
1.895226
1.824908
1.868438
1.858393
1.908620
2.029164
1.814863
2.032513
1.972241
2.240117
2.538130
2.377404
2.531433
2.464464
3.318320
3.154246
3.073883
3.991359
3.214518
4.041586
3.418774
3.981314
4.185570
4.125298
4.095162
4.065026
4.075071
3.857421
3.840679
3.944481
4.309463
3.981314
4.044935
4.215706
3.730180
4.068374
4.225751
4.008102
4.138692
4.034890
4.021495
3.937784
3.777058
4.138691
4.054980
4.138691
4.038239
4.075071
4.131995
4.118601
4.155434
3.981314
4.165479
4.075071
3.860770
4.071723
4.068374
3.988011
4.135344
3.974617
4.038238
4.138691
3.864118
3.981314
4.021495
4.024844
4.299417
4.068374
3.890906
3.988011
4.121949
4.011450
3.890906
4.115252
3.971269
3.867467
4.105207
4.165479
3.971269
4.044935
3.961224
4.028193
4.215706
4.001405
4.128646
3.998056
3.934436
4.041586
3.924390
4.024844
4.128646
4.121949
3.934436
4.011450
4.131995
3.934436
3.907648
4.259236
4.162131
3.767013
4.058329
3.833982
3.797149
3.947830
4.014799
3.633075
3.837331
3.515879
3.438864
3.435516
3.278139
3.495788
3.083928
3.204472
2.926551
3.110716
2.946641
2.849536
2.909808
2.688810
2.685462
2.708901
2.672068
2.745734
2.564918
2.926551
2.507993
2.889718
2.913157
2.966732
2.832794
3.093973
1.362822
3.020307
2.049255
2.993520
2.273602
2.618493
2.464464
2.129618
2.410888
0.917477
1.279110
1.741197
3.114064
1.901923
2.159754
2.474509
2.688810
2.956687
2.437676
3.110716
2.022468
3.214518
2.836142
2.836142
3.535970
2.943293
4.098510
3.181033
3.649817
3.479046
3.730180
3.415425
3.991359
3.770362
4.560597
3.780407
4.075071
4.118601
4.108556
4.289372
4.131995
4.366386
4.677793
4.393174
3.857421
4.496976
4.299417
4.178873
4.356341
4.356341
4.145389
4.336250
4.239145
4.209009
4.021495
4.527112
4.363039
4.409917
4.239145
4.239145
4.272630
3.890906
4.242494
3.894254
4.101859
4.275979
4.054980
4.168828
4.212358
4.078419
4.215706
4.306114
4.034890
4.212358
4.088465
3.974617
4.165480
4.138692
3.971269
3.998056
4.255888
4.175525
3.746922
4.111904
3.977966
4.071723
3.937784
4.004754
3.964572
3.870815
4.004754
4.245842
4.031541
3.971269
4.148737
4.359690
3.961223
4.152085
3.880861
3.994708
3.833982
4.125298
3.991359
3.977966
3.870815
3.676605
3.746922
3.827285
3.626378
3.445561
3.469000
3.177685
3.160943
3.003565
3.043746
3.241305
3.077231
2.883021
2.872975
2.883021
2.822748
2.785916
2.795961
2.548175
2.591705
2.544827
2.752431
2.769173
2.759128
2.953338
3.445561
3.144200
4.101859
3.371895
4.158782
3.619681
3.921042
3.763665
3.402031
3.160943
3.884209
3.981314
4.018147
4.235797
3.368547
4.262585
3.599590
3.686650
3.676605
4.322857
3.519227
3.274790
3.438864
3.586196
3.418774
3.525924
2.893066
3.556061
3.395334
3.184381
2.913157
3.261396
2.980126
3.010262
2.913157
2.779218
2.949990
2.859581
2.651977
2.829445
2.414237
2.595053
2.531433
2.561569
2.605099
2.270253
2.568266
2.481206
2.631886
2.668720
2.457767
2.608447
2.514691
2.621841
2.430979
2.501297
2.444373
2.564917
2.377404
2.434328
2.524736
2.504645
2.507993
2.494600
2.534781
2.574963
2.467812
2.571614
2.410888
2.541478
2.454418
2.394146
2.518039
2.454418
2.541478
2.461115
2.414237
2.705553
2.635235
2.437676
2.487903
2.507993
2.538130
2.487903
2.481206
2.487903
2.494600
2.618493
2.544827
2.343919
2.487903
2.507993
2.621841
2.441025
2.464464
2.414237
2.504645
2.534781
2.417585
2.497948
2.625189
2.511342
2.484555
2.477857
2.504645
2.276950
2.467812
2.494600
2.501297
2.477857
2.615144
2.534781
2.675416
2.819400
2.980126
3.083928
3.428819
3.756968
3.442213
4.205661
3.522576
4.363038
3.659863
3.820589
3.790452
3.991359
3.730180
4.128646
3.904300
4.178873
4.065026
3.880861
4.001405
4.349645
4.058329
4.131995
4.008102
4.225751
4.212358
4.038239
4.115252
4.041586
4.185570
4.142040
3.961224
4.034890
4.142040
3.833982
4.001405
4.071723
4.044935
3.994708
4.091813
4.038239
4.148737
4.158782
4.065026
3.961223
3.934436
4.101859
4.182222
4.028193
3.984663
3.984663
3.850725
3.612984
3.519228
3.509182
3.402031
3.519227
3.415425
3.358502
3.197776
3.077231
3.100670
2.976778
2.939945
2.926551
2.842839
2.702204
2.732340
2.665371
2.554872
2.675416
2.595053
2.417585
2.544827
2.585008
2.377404
2.548175
2.554872
2.598402
2.759128
2.856233
3.063838
3.164291
3.268093
3.425471
3.977966
2.946641
3.351805
3.499136
4.399871
3.907648
3.941133
4.054980
3.977966
4.209009
3.345108
3.807194
4.202312
2.692159
3.073883
4.399871
2.641932
4.573991
3.100670
3.612984
0.000000
0.000000
0.000000
0.000000
0.000000
0.000000
0.000000
0.000000
0.000000
0.000000
0.000000
0.000000
0.000000
0.000000
0.000000
0.000000
0.000000
0.000000
0.000000
0.000000
0.000000
0.000000
0.000000
0.000000
0.000000
0.000000
0.000000
0.000000
0.000000
0.000000
0.000000
0.000000
0.000000
0.000000
0.000000
0.000000
0.000000
0.000000
0.000000
0.000000
0.000000
0.000000
0.000000
0.000000
0.000000
0.000000
0.000000
0.000000
0.000000
0.000000
0.000000
0.000000
0.000000
0.000000
0.000000
0.000000
0.000000
0.000000
0.000000
0.000000
0.000000
0.000000
0.000000
0.000000
0.000000
0.000000
0.000000
0.000000
0.000000
0.000000
0.000000
0.000000
0.000000
0.000000
0.000000
0.000000
0.000000
0.000000
0.000000
0.000000
0.000000
0.000000
0.000000
0.000000
0.000000
0.000000
0.000000
0.000000
0.000000
0.000000
0.000000
0.000000
0.000000
0.000000
0.000000
0.000000
0.000000
0.000000
0.000000
0.000000
0.000000
0.000000
0.000000
0.000000
0.000000
0.000000
0.000000
0.000000
0.000000
0.000000
0.000000
0.000000
0.000000
0.000000
0.000000
0.000000
0.000000
0.000000
0.000000
0.000000
0.000000
0.000000
0.000000
0.000000
0.000000
0.000000
0.000000
0.000000
0.000000
0.000000
0.000000
0.000000
0.000000
0.000000
0.000000
0.000000
0.000000
0.000000
0.000000
0.000000
0.000000
0.000000
0.000000
0.000000
0.000000
0.000000
0.000000
0.000000
0.000000
0.000000
0.000000
0.000000
0.000000
0.000000
0.000000
0.000000
0.000000
0.000000
0.000000
0.000000
0.000000
0.000000
0.000000
0.000000
0.000000
0.000000
0.000000
0.000000
0.000000
0.000000
0.000000
0.000000
0.000000
0.000000
0.000000
0.000000
0.000000
0.000000
0.000000
0.000000
0.000000
0.000000
0.000000
0.000000
0.000000
0.000000
0.000000
0.000000
0.000000
0.000000
0.000000
0.000000
0.000000
0.000000
0.000000
0.000000
0.000000
0.000000
0.000000
0.000000
0.000000
0.000000
0.000000
0.000000
0.000000
0.000000
0.000000
0.000000
0.000000
0.000000
0.000000
0.000000
0.000000
0.000000
0.000000
0.000000
0.000000
0.000000
0.000000
0.000000
0.000000
0.000000
0.000000
0.000000
0.000000
0.000000
0.000000
0.000000
0.000000
0.000000
0.000000
0.000000
0.000000
0.000000
0.000000
0.000000
0.000000
0.000000
0.000000
0.000000
0.000000
0.000000
0.000000
0.000000
0.000000
0.000000
0.000000
0.000000
0.000000
0.000000
0.000000
0.000000
0.000000
0.000000
0.000000
0.000000
0.000000
0.000000
0.000000
0.000000
0.000000
0.000000
0.000000
0.000000
0.000000
0.000000
0.000000
0.000000
0.000000
0.000000
0.000000
0.000000
0.000000
0.000000
0.000000
0.000000
0.000000
0.000000
0.000000
0.000000
0.000000
0.000000
0.000000
0.000000
0.000000
0.000000
0.000000
0.000000
0.000000
0.000000
0.000000
0.000000
0.000000
0.000000
0.000000
0.000000
0.000000
0.000000
0.000000
0.000000
0.000000
0.000000
0.000000
0.000000
0.000000
0.000000
0.000000
0.000000
0.000000
0.000000
0.000000
0.000000
0.000000
0.000000
0.000000
0.000000
0.000000
0.000000
0.000000
0.000000
0.000000
0.000000
0.000000
0.000000
0.000000
0.000000
0.000000
0.000000
0.000000
0.000000
0.000000
0.000000
0.000000
0.000000
0.000000
0.000000
0.000000
0.000000
0.000000
0.000000
0.000000
0.000000
0.000000
0.000000
0.000000
0.000000
0.000000
0.000000
0.000000
0.000000
0.000000
0.000000
0.000000
0.000000
0.000000
0.000000
0.000000
0.000000
0.000000
0.000000
0.000000
0.000000
0.000000
0.000000
0.000000
0.000000
0.000000
0.000000
0.000000
0.000000
0.000000
0.000000
0.000000
0.000000
0.000000
0.000000
0.000000
0.000000
0.000000
0.000000
0.000000
0.000000
0.000000
0.000000
0.000000
0.000000
0.000000
0.000000
0.000000
0.000000
0.000000
0.000000
0.000000
0.000000
0.000000
0.000000
0.000000
0.000000
0.000000
0.000000
0.000000
0.000000
0.000000
0.000000
0.000000
0.000000
0.000000
0.000000
0.000000
0.000000
0.000000
0.000000
0.000000
0.000000
0.000000
0.000000
0.000000
0.000000
0.000000
0.000000
0.000000
0.000000
0.000000
0.000000
0.000000
0.000000
0.000000
0.000000
0.000000
0.000000
0.000000
0.000000
0.000000
0.000000
0.000000
0.000000
0.000000
0.000000
0.000000
0.000000
0.000000
0.000000
0.000000
0.000000
0.000000
0.000000
0.000000
0.000000
0.000000
0.000000
0.000000
0.000000
0.000000
0.000000
0.000000
0.000000
0.000000
0.000000
0.000000
0.000000
0.000000
0.000000
0.000000
0.000000
0.000000
0.000000
0.000000
0.000000
0.000000
0.000000
0.000000
0.000000
0.000000
0.000000
0.000000
0.000000
0.000000
0.000000
0.000000
0.000000
0.000000
0.000000
0.000000
0.000000
0.000000
0.000000
0.000000
0.000000
0.000000
0.000000
0.000000
0.000000
0.000000
0.000000
0.000000
0.000000
0.000000
0.000000
