0.294664
0.662994
0.944265
1.794772
1.135127
1.416397
1.520199
1.895226
1.674228
1.932059
1.958847
1.741197
1.915317
1.968892
1.962195
1.791424
1.811515
1.908620
1.851696
1.690970
1.834954
1.925362
1.667531
1.530244
2.019119
2.015770
1.737849
1.687622
2.012422
1.811515
1.721106
1.855045
1.754591
2.062649
1.814863
1.664183
1.851696
2.029164
1.878484
1.754591
2.089437
1.784727
1.851696
1.844999
1.861742
2.062649
2.169800
1.975589
2.032513
2.474509
2.364010
2.159754
2.986823
2.802658
3.134155
3.941133
3.318320
4.034890
3.251351
3.850725
3.388638
3.931087
3.602939
3.961224
3.522576
3.787104
3.870816
3.820589
3.803846
5.293909
3.971269
4.021495
3.887558
4.336250
4.898791
4.617521
4.235797
4.791641
4.717975
4.651005
4.393174
4.466840
5.568482
4.831822
4.845216
5.190107
4.637612
4.784944
4.523764
4.808383
4.895442
4.430007
4.242494
4.205661
4.560597
4.597430
4.831822
4.701232
5.303955
4.657702
4.651005
4.781595
4.640960
4.865307
4.637612
4.667747
4.373084
4.456795
4.326205
4.172176
3.907648
4.118601
3.710089
3.790452
3.887558
3.458955
3.586196
3.894254
3.700044
3.576151
3.546015
3.693347
4.145389
3.750271
3.941133
3.790452
3.787104
3.673257
3.750271
3.522576
3.546015
3.783755
4.048284
3.472349
3.756968
3.720135
3.586196
3.586196
3.633075
3.167639
3.509182
3.438864
3.006914
3.314971
3.020307
3.100670
3.043747
2.611796
2.715598
2.739037
2.357313
2.564917
2.494600
2.220026
2.434328
2.273602
2.139663
2.159754
2.062649
1.985634
1.687622
1.958847
1.771333
1.965544
1.754591
1.741197
1.717758
1.674228
1.794772
1.885181
1.557032
1.476669
1.526896
1.520199
1.644092
1.543638
1.483366
1.778030
1.791424
2.022468
1.262368
2.042558
1.573774
2.089437
2.437676
1.935408
2.447721
2.209981
3.114064
2.792612
2.722295
3.371895
2.836142
3.689999
3.857421
3.335062
3.643120
3.482394
4.021495
3.495788
3.750271
3.579499
3.592893
3.626378
3.261396
3.458955
3.428819
3.271441
3.756968
4.168828
3.576151
4.296069
3.552712
3.740226
3.998057
3.800498
4.095162
4.185570
3.860770
4.724672
4.255888
4.222403
4.483582
4.209009
4.058329
4.031541
4.279327
4.034890
4.332902
3.971269
3.492440
3.700044
4.168828
4.091813
3.977966
4.339599
4.172176
3.964572
3.760316
3.653165
3.830634
3.669908
3.827285
3.519227
3.669908
4.202312
3.931087
4.185570
3.683301
3.977966
3.971269
3.884209
4.075071
3.756968
3.767013
3.653166
3.639772
3.596242
3.793800
3.706741
3.844027
3.840679
3.612984
3.314971
3.479046
3.626378
3.569454
4.051631
3.378592
4.306115
3.612984
4.162131
4.008102
4.493628
3.890906
4.065026
4.142040
4.128646
4.148737
3.974617
4.065026
3.857421
3.910997
3.961223
3.733529
3.150897
3.469001
3.154245
3.187730
2.849536
3.254699
2.792612
3.187730
3.077231
3.248003
2.564917
3.284835
2.986823
3.090625
2.973429
2.963384
2.829445
2.742386
2.933248
2.672068
1.858393
3.244654
2.909808
2.960035
3.013610
2.856233
2.990171
2.956687
3.345108
3.760316
3.294881
4.229100
3.124110
3.720135
3.418774
3.683302
4.209009
3.532621
3.807194
3.860770
3.947830
3.686650
3.974617
3.599590
2.099482
3.907648
3.733528
3.562757
3.910997
3.897603
3.556060
3.623030
3.760316
3.485743
3.465652
3.509182
3.251351
3.566106
1.687622
3.170988
3.281487
3.730180
2.990171
2.678765
2.799309
3.016959
3.060489
2.946641
3.254699
2.903111
2.849536
2.846188
2.822748
2.883021
2.518039
2.762476
3.100670
3.057141
2.816051
3.023656
3.013611
2.836143
3.083928
2.330525
2.286995
2.899763
1.637395
2.618493
2.749082
2.641932
3.281487
2.785916
2.960035
2.528084
2.859581
2.960035
2.712250
2.685462
2.588356
2.621841
2.970080
3.127458
2.872975
3.037050
2.819400
2.819400
2.789264
2.715598
2.658674
2.655326
2.695507
2.601750
2.233420
2.370707
2.528084
2.297041
2.146360
2.072694
2.032513
1.905272
2.012422
2.136315
2.049255
2.126270
2.290344
2.477857
2.953338
2.501297
3.184382
2.929899
3.455607
3.251351
3.057140
3.291532
2.990171
3.425471
4.188918
3.194427
3.780407
3.569454
3.760316
3.402031
4.048284
3.653166
3.803846
3.552712
3.730180
3.612984
3.579499
3.800498
4.188918
3.860770
3.656514
3.710089
4.111904
3.840679
3.572803
3.716786
3.656514
3.723484
3.659863
3.991359
3.723483
4.131995
4.001405
4.292721
4.413265
4.580688
4.239145
4.587385
4.560597
4.734717
4.647657
4.530461
4.553900
4.577340
4.369735
4.436704
4.383129
4.219055
4.336250
3.659863
3.643120
3.820589
3.529273
3.649817
3.298229
3.201124
3.328366
3.020307
3.067186
2.755780
2.725643
2.849536
2.725643
2.591705
2.591705
2.286995
2.471161
2.307086
2.370707
2.236768
2.226723
2.086088
1.834954
1.901923
1.918665
1.841651
1.771333
1.771333
1.727803
1.624001
1.774682
1.824908
2.035861
1.965544
2.250162
2.538130
2.246814
2.313783
2.437676
2.404191
2.668720
2.447721
2.497948
2.651977
2.755780
2.923202
3.318320
3.040398
3.027004
3.231260
3.345108
3.465652
3.227912
3.602939
3.656514
3.532621
3.566106
3.475698
3.331714
3.355153
3.284835
3.475697
3.629726
3.726831
3.743574
3.532621
3.318320
3.428819
3.552712
3.589545
3.803846
3.472349
3.341759
3.311623
3.726831
3.656514
3.629726
3.462303
3.502485
3.318320
3.767013
3.479046
3.988011
3.428819
4.065026
3.927739
4.111904
4.034890
4.450099
4.034890
4.279327
4.088465
4.038239
3.971269
3.870815
3.900951
3.947830
3.505834
3.756968
3.556060
3.689999
3.455607
3.341759
3.452258
3.224563
3.104019
3.114064
2.852885
2.802658
2.785915
2.715598
2.585008
2.591705
2.280298
2.484555
2.394146
2.360662
2.035861
1.858393
1.928711
1.908620
1.952150
1.761288
1.697667
1.640743
1.754591
1.583820
1.808166
1.704364
1.597214
1.620653
1.473321
1.640743
1.577123
1.587168
1.660834
1.526896
1.506805
1.958847
1.895226
1.781379
1.613956
1.670880
1.392958
1.754591
1.948802
1.932059
2.427631
2.283647
2.497948
3.000216
2.518039
3.003565
3.355153
2.986823
3.365198
3.579499
3.462303
3.941133
3.542667
4.697884
4.259236
3.961224
3.921042
3.780407
3.479046
4.165480
4.312812
5.742602
4.995896
3.967921
4.661051
4.058329
4.406568
4.316160
4.423310
4.466840
4.396523
4.235797
4.577340
4.349645
4.634263
4.644309
4.563945
3.854073
4.339599
5.170016
4.687839
4.734717
4.128646
5.136532
4.728020
5.119790
4.423310
2.394146
4.798337
4.888746
5.618709
4.125298
4.661051
5.042775
5.069562
5.113092
5.186759
4.982502
5.330742
5.156622
4.667748
4.309463
4.580688
4.865307
3.957875
4.339599
4.513719
4.091813
4.101859
4.098510
3.944481
3.760316
3.154245
3.244654
3.361850
3.291532
3.157594
2.929899
2.996868
2.685462
2.718946
2.585008
2.323828
2.507993
2.404191
1.932059
1.148520
1.952150
2.283647
2.320480
2.099482
1.985634
2.096133
1.824908
2.015770
2.035861
1.834954
1.824908
1.908620
2.022468
2.109527
2.045907
1.784727
1.955498
2.102830
1.891878
1.657486
1.938756
1.885181
1.727803
2.025816
1.975589
1.958847
1.814863
1.885181
1.945453
1.731152
1.791424
1.818212
2.179845
1.804818
1.834954
1.834954
2.112876
1.891878
2.082740
1.905272
1.798121
1.784727
1.985634
1.895226
1.891878
1.962195
1.841651
1.808166
1.908620
2.045907
1.922014
1.881832
1.801469
1.891878
1.727803
1.634047
1.881832
1.791424
2.092785
1.871787
1.948802
1.982286
2.002377
1.834954
1.891878
1.922014
1.955498
1.814863
1.567077
1.962195
2.206633
1.824908
1.891878
2.049255
1.999028
1.811515
1.965544
1.801469
1.764636
1.988983
1.841651
1.804818
1.757939
2.059300
1.938756
1.975589
1.885181
1.972241
1.828257
1.791424
1.962195
1.624001
1.885181
1.794772
1.851696
1.915317
1.948802
1.871787
1.968892
1.848348
1.881832
1.767985
1.630698
1.647440
1.788076
1.868438
1.650789
1.885181
1.881832
1.978938
1.821560
1.922014
1.781379
1.938756
1.925362
2.096133
1.945453
1.831605
1.915317
1.958847
1.965544
1.895226
1.891878
1.938756
1.942104
2.002377
1.915317
1.861742
1.871787
1.831606
1.895226
1.791424
1.858393
1.898575
1.784727
1.821560
1.754591
1.751243
1.690970
1.841651
1.818212
1.891878
1.711061
1.744546
1.811515
1.788076
1.754591
1.714409
1.727803
1.690970
1.804818
1.694319
1.784727
1.674228
1.811515
1.329337
1.781379
1.540290
1.483366
1.891878
1.674228
1.838302
2.019119
2.203284
2.410888
2.447721
2.504645
2.297041
2.481206
2.471161
2.233420
2.364010
2.464464
2.323828
2.163102
2.035861
1.962195
2.025816
1.855045
1.818211
1.938756
1.851696
1.811515
1.814863
1.550335
1.620653
1.654137
1.670879
1.583820
1.707713
1.620653
1.533593
1.714409
1.654137
1.928711
1.660834
1.834954
1.895226
1.851696
2.012422
2.169800
1.975589
2.116224
1.885181
2.156406
1.848348
2.042558
1.821560
1.901923
1.731152
1.721106
1.654137
1.788076
1.831605
1.707713
1.814863
1.540290
0.358285
1.757940
2.189890
1.503457
1.252323
1.486715
1.486715
1.895226
2.022468
2.049255
3.020307
2.220026
2.467812
2.806006
2.742386
2.923202
3.656514
3.043747
3.177685
3.904300
3.284835
3.921042
3.619681
3.435516
4.507022
3.519227
3.860770
3.643120
4.339599
3.485743
3.633075
3.924390
3.800498
3.683302
3.703392
3.773710
3.797149
3.475698
3.797149
3.636423
3.509182
3.515879
3.341759
3.405380
3.211170
3.184382
3.224563
2.970081
3.130806
2.822748
2.970080
3.013610
2.538130
2.625189
2.718946
2.521387
2.384101
2.320480
2.407540
2.213329
1.948802
2.136315
1.888529
1.958847
1.975589
1.851696
1.791424
1.711061
1.962195
1.764636
1.895226
1.814863
1.630698
1.684273
1.262368
1.744546
1.794772
1.824908
1.972241
1.848348
1.955498
1.774682
1.767985
1.868438
1.761288
1.540290
1.952150
1.875135
1.811515
1.617304
1.680925
1.788076
1.610607
1.674228
1.741197
1.577123
1.540290
1.731152
1.624001
2.243466
1.205444
1.881832
1.151869
1.714409
1.915317
1.577123
1.774682
1.764636
2.615144
1.885181
1.449881
1.701016
1.657486
1.677577
1.242277
1.861742
1.968892
1.791424
1.443184
1.811515
1.654137
1.329337
0.873947
1.734500
1.707713
0.565889
1.593865
1.935408
1.654137
2.186542
1.466624
1.704364
2.417585
1.613956
1.634047
1.838302
2.025816
1.895226
1.741197
1.443184
0.579283
1.677577
1.433139
2.390798
1.272413
1.932059
2.209981
1.178656
1.831605
1.999028
1.459927
1.741197
1.747894
2.163103
1.828257
1.660834
1.513502
2.384101
0.441996
2.102830
1.771333
2.283647
2.487903
1.613956
1.660834
1.958847
2.163102
1.808166
2.089437
1.573774
1.483366
2.250162
1.242277
2.149709
1.878484
1.821560
1.995680
2.005725
2.618493
1.610607
1.995680
1.831606
1.831605
2.176497
1.982286
2.025816
2.106179
1.999028
2.407540
2.065997
2.005725
2.092785
2.076043
2.012422
2.089437
2.059300
1.952150
1.982286
2.153057
2.076043
2.112876
2.246814
2.501297
2.518039
3.067186
3.566106
2.749082
3.268093
3.666559
3.348456
3.746922
3.415425
4.517067
3.402031
3.807194
3.847376
4.728020
4.071723
4.115252
4.172176
4.101859
4.573991
4.172176
4.349645
3.921042
4.855261
4.543855
5.099699
4.463491
4.289372
4.496976
4.573991
5.260424
4.754807
4.815080
4.604127
5.280515
5.015987
4.430007
5.076259
4.784944
4.764853
4.644309
4.701232
4.496976
4.065026
4.054980
3.683302
4.272630
3.951178
3.033701
3.482394
3.428819
3.298229
3.181033
2.939944
2.628538
2.872975
2.651977
2.528084
2.504645
2.410888
2.169800
2.256859
2.146360
1.818211
2.019119
2.069346
1.824908
1.834954
1.891878
1.908620
1.925362
1.988983
1.948801
1.975589
2.116224
0.867250
1.684273
2.089437
1.771333
1.778030
1.992331
1.794772
1.262368
2.534781
1.804818
1.747894
1.701016
1.965544
1.707713
1.918665
1.386261
1.962195
1.701016
2.159754
1.721106
2.461115
2.293693
2.062649
2.176497
2.092785
2.146360
2.126270
2.173148
2.039210
2.233420
2.029164
2.169800
2.012422
1.985634
2.009073
2.146360
1.955498
1.694319
1.734500
1.922014
1.875135
1.667531
1.774682
1.717758
2.005725
1.982286
2.193239
2.166451
2.176497
2.561569
2.491251
2.481206
2.913157
2.812703
2.722295
2.779218
2.966732
2.919854
2.451070
2.725643
2.795961
3.067186
2.725643
2.651977
2.581660
2.672068
2.601750
2.390798
2.380752
1.918665
1.396306
1.962195
1.459927
2.019119
1.804818
1.804818
1.945453
1.583820
1.764636
1.677577
1.650789
1.583820
1.711061
1.654137
1.630698
1.751243
1.627350
1.908620
1.918665
1.647440
2.079391
1.761288
1.965544
2.022468
2.337222
2.454418
2.501297
2.903111
2.960035
2.307086
2.852885
2.795961
3.080580
3.097322
3.268093
3.170988
3.067186
3.154246
2.933248
3.080580
3.006914
2.849536
3.067186
2.702204
2.903111
2.605099
2.511342
2.414237
2.377404
2.313783
2.250162
1.885181
1.992331
1.677577
1.694319
1.171960
1.798121
1.761288
1.674228
1.724455
1.727803
1.711061
1.359473
1.580471
1.965544
1.480018
1.647440
1.583820
1.382912
1.734500
1.831606
2.076043
1.590517
1.925362
1.747894
1.704364
1.895226
2.213329
2.585008
2.742385
2.477857
2.896415
3.391986
3.033701
3.492440
3.124110
3.130806
2.983474
1.419745
3.321668
3.047095
3.117413
3.087276
2.896415
2.849536
2.779218
2.842839
2.471160
2.571614
2.474509
2.236769
2.585008
2.176497
2.149709
1.804818
2.143012
1.771333
1.469972
1.811515
1.928711
1.831606
2.096133
1.654137
1.667531
1.553684
1.788076
1.419745
1.670880
1.560381
1.637395
1.962195
1.627350
1.754591
1.962195
1.844999
1.828257
1.741197
2.072694
2.106179
2.471161
2.682113
2.541478
3.057141
2.876324
2.718946
3.325017
2.956687
3.070534
3.241305
3.147549
2.996868
2.869627
2.862930
2.993520
3.077231
2.980126
3.040398
2.675416
2.695507
2.806006
2.521387
2.477857
2.501297
2.397495
2.518039
2.223375
1.978938
2.045907
1.875135
1.942105
1.727803
1.881832
1.818211
1.811515
1.767985
1.573774
1.563729
1.627350
1.714409
1.580471
1.717758
1.717758
1.510154
1.664183
1.794772
2.049255
1.597214
1.878484
1.737849
2.045907
2.076043
2.179845
2.578311
2.672068
2.779218
2.762476
3.211169
2.993520
3.050443
3.415425
2.906460
2.993520
3.211169
3.167639
3.184381
2.903111
2.879672
2.883021
2.819400
2.960035
2.779218
2.541478
2.625190
2.625190
2.585008
2.511342
2.333874
2.203284
1.660834
1.958847
1.834954
1.855045
2.022468
1.831605
1.757939
1.838302
1.711061
1.634047
1.510154
1.788076
1.634047
1.597214
1.600562
1.550335
1.808166
1.429791
1.824908
2.106179
1.704364
1.781379
1.881832
2.009073
2.186542
2.337222
2.662023
2.775870
2.826097
3.191079
2.953338
2.605099
3.097322
3.204472
3.408729
3.187730
2.086088
3.482394
3.197776
3.080580
3.100670
2.949990
2.980126
2.779218
2.725643
2.641932
2.467812
2.407540
2.290344
2.437676
2.260208
1.905272
1.446533
1.165263
1.356125
2.022467
1.734500
1.791424
1.938756
1.948802
1.590517
1.734500
1.603910
1.757940
1.496760
1.804818
1.473321
1.711061
1.747894
1.550335
1.490063
1.908620
1.603910
1.938756
1.439836
2.015770
1.901923
2.055952
2.203284
2.364010
2.561569
2.621841
2.802658
3.378592
3.361850
3.000216
3.562757
3.117413
3.184381
3.385289
3.047095
3.288184
2.852885
3.027004
2.903111
2.799309
2.725643
2.939945
2.618493
2.605099
2.414237
2.424282
2.521387
2.364010
2.126270
2.122921
1.915317
2.039210
1.808166
1.824908
1.942104
1.868438
1.858393
1.908620
1.141824
2.089437
1.580471
1.613956
1.684273
1.406352
1.791424
1.520199
1.818212
1.526896
1.617304
1.684273
1.932059
1.818212
2.119573
1.808166
2.230072
2.059300
2.662023
2.129618
2.313783
3.177685
2.785916
2.531433
3.047095
2.819400
3.482394
2.782567
3.120761
2.966732
3.090625
3.237957
2.993520
2.775870
2.993520
2.755780
2.698855
2.876324
2.802658
2.551523
2.672068
2.601750
2.266905
2.357313
2.022468
1.942104
1.818211
2.059300
1.660834
1.731152
1.808166
1.915317
1.744545
1.714409
1.567077
1.667531
1.644092
1.526896
1.610607
1.526896
1.687622
1.510154
1.202096
1.634047
1.844999
1.684273
1.667531
1.731152
1.761288
1.915317
2.045907
2.189890
2.427631
2.454418
2.564918
2.886369
3.328366
2.943293
3.669908
2.876324
3.659863
3.335062
3.053792
3.361850
3.073883
2.956687
2.990171
2.849536
2.846188
2.832794
2.571614
2.621841
2.551523
2.447721
2.528084
2.497948
2.179845
2.417585
2.082740
2.213329
1.908620
1.932059
1.992331
1.855045
1.811515
1.657486
1.356125
2.009073
2.045907
1.567077
1.888529
1.540290
1.667531
1.915317
1.928711
2.039210
2.384101
2.574963
2.598402
2.832794
2.715598
2.745734
3.187730
2.923202
2.839491
3.562757
3.311623
4.118601
3.174336
4.493628
3.147549
3.525924
3.509182
3.773710
3.770362
3.760316
3.529273
3.750271
3.880861
3.703392
3.706741
4.085116
3.937784
3.991359
4.018147
4.741414
4.078420
4.249191
4.373084
4.436704
4.858610
4.396523
4.530461
4.604127
4.446750
5.206849
5.899980
4.430007
4.520416
4.898791
5.109744
4.219055
4.661051
5.156622
4.982503
4.875352
4.644309
4.744762
4.570642
5.032730
4.640960
4.677793
4.855261
4.597430
4.697884
4.738065
4.363039
4.078420
4.630915
4.573991
4.513719
4.262585
4.496976
4.369735
4.403220
4.356341
4.142040
4.292721
4.071723
4.078420
3.783755
3.797149
3.773710
3.489091
3.321668
3.646469
3.415425
3.010262
3.194427
3.231260
3.073883
2.879672
3.271441
3.177685
3.408728
3.073883
3.020307
2.913157
3.117413
2.953338
2.996868
2.956687
3.117413
2.970080
2.956687
3.164291
3.073883
3.020307
3.114064
2.953338
3.006914
2.949990
2.976778
3.147549
2.869627
2.983474
3.124110
3.003565
3.040398
3.023656
2.903111
2.069346
2.976778
3.033701
3.063837
3.023656
3.455607
2.916505
2.983474
3.114064
2.933248
3.083928
3.114064
3.027004
2.970080
3.107367
3.043747
2.926551
2.943293
2.933248
2.990171
3.027004
2.953338
2.996868
2.953338
3.144200
3.093973
3.184382
2.946641
2.973429
3.063837
2.963384
3.067186
2.926551
3.258048
3.050443
2.785916
3.033701
3.117413
3.016959
3.047095
3.241306
2.946641
2.960035
3.117413
2.832794
3.090625
2.859581
2.695507
2.782567
2.541478
2.544827
2.377404
2.484555
2.370707
2.240117
2.333874
2.347268
2.179845
2.072694
2.045907
2.092785
1.925362
1.851696
1.841651
1.848348
0.000000
0.000000
0.000000
0.000000
0.000000
0.000000
0.000000
0.000000
0.000000
0.000000
0.000000
0.000000
0.000000
0.000000
0.000000
0.000000
0.000000
0.000000
0.000000
0.000000
0.000000
0.000000
0.000000
0.000000
0.000000
0.000000
0.000000
0.000000
0.000000
0.000000
0.000000
0.000000
0.000000
0.000000
0.000000
0.000000
0.000000
0.000000
0.000000
0.000000
0.000000
0.000000
0.000000
0.000000
0.000000
0.000000
0.000000
0.000000
0.000000
0.000000
0.000000
0.000000
0.000000
0.000000
0.000000
0.000000
0.000000
0.000000
0.000000
0.000000
0.000000
0.000000
0.000000
0.000000
0.000000
0.000000
0.000000
0.000000
0.000000
0.000000
0.000000
0.000000
0.000000
0.000000
0.000000
0.000000
0.000000
0.000000
0.000000
0.000000
0.000000
0.000000
0.000000
0.000000
0.000000
0.000000
0.000000
0.000000
0.000000
0.000000
0.000000
0.000000
0.000000
0.000000
0.000000
0.000000
0.000000
0.000000
0.000000
0.000000
0.000000
0.000000
0.000000
0.000000
0.000000
0.000000
0.000000
0.000000
0.000000
0.000000
0.000000
0.000000
0.000000
0.000000
0.000000
0.000000
0.000000
0.000000
0.000000
0.000000
0.000000
0.000000
0.000000
0.000000
0.000000
0.000000
0.000000
0.000000
0.000000
0.000000
0.000000
0.000000
0.000000
0.000000
0.000000
0.000000
0.000000
0.000000
0.000000
0.000000
0.000000
0.000000
0.000000
0.000000
0.000000
0.000000
0.000000
0.000000
0.000000
0.000000
0.000000
0.000000
0.000000
0.000000
0.000000
0.000000
0.000000
0.000000
0.000000
0.000000
0.000000
0.000000
0.000000
0.000000
0.000000
0.000000
0.000000
0.000000
0.000000
0.000000
0.000000
0.000000
0.000000
0.000000
0.000000
0.000000
0.000000
0.000000
0.000000
0.000000
0.000000
0.000000
0.000000
0.000000
0.000000
0.000000
0.000000
0.000000
0.000000
0.000000
0.000000
0.000000
0.000000
0.000000
0.000000
0.000000
0.000000
0.000000
0.000000
0.000000
0.000000
0.000000
0.000000
0.000000
0.000000
0.000000
0.000000
0.000000
0.000000
0.000000
0.000000
0.000000
0.000000
0.000000
0.000000
0.000000
0.000000
0.000000
0.000000
0.000000
0.000000
0.000000
0.000000
0.000000
0.000000
0.000000
0.000000
0.000000
0.000000
0.000000
0.000000
0.000000
0.000000
0.000000
0.000000
0.000000
0.000000
0.000000
0.000000
0.000000
0.000000
0.000000
0.000000
0.000000
0.000000
0.000000
0.000000
0.000000
0.000000
0.000000
0.000000
0.000000
0.000000
0.000000
0.000000
0.000000
0.000000
0.000000
0.000000
0.000000
0.000000
0.000000
0.000000
0.000000
0.000000
0.000000
0.000000
0.000000
0.000000
0.000000
0.000000
0.000000
0.000000
0.000000
0.000000
0.000000
0.000000
0.000000
0.000000
0.000000
0.000000
0.000000
0.000000
0.000000
0.000000
0.000000
0.000000
0.000000
0.000000
0.000000
0.000000
0.000000
0.000000
0.000000
0.000000
0.000000
0.000000
0.000000
0.000000
0.000000
0.000000
0.000000
0.000000
0.000000
0.000000
0.000000
0.000000
0.000000
0.000000
0.000000
0.000000
0.000000
0.000000
0.000000
0.000000
0.000000
0.000000
0.000000
0.000000
0.000000
0.000000
0.000000
0.000000
0.000000
0.000000
0.000000
0.000000
0.000000
0.000000
0.000000
0.000000
0.000000
0.000000
0.000000
0.000000
0.000000
0.000000
0.000000
0.000000
0.000000
0.000000
0.000000
0.000000
0.000000
0.000000
0.000000
0.000000
0.000000
0.000000
0.000000
0.000000
0.000000
0.000000
0.000000
0.000000
0.000000
0.000000
0.000000
0.000000
0.000000
0.000000
0.000000
0.000000
0.000000
0.000000
0.000000
0.000000
0.000000
0.000000
0.000000
0.000000
0.000000
0.000000
0.000000
0.000000
0.000000
0.000000
0.000000
0.000000
0.000000
0.000000
0.000000
0.000000
0.000000
0.000000
0.000000
0.000000
0.000000
0.000000
0.000000
0.000000
0.000000
0.000000
0.000000
0.000000
0.000000
0.000000
0.000000
0.000000
0.000000
0.000000
0.000000
0.000000
0.000000
0.000000
0.000000
0.000000
0.000000
0.000000
0.000000
0.000000
0.000000
0.000000
0.000000
0.000000
0.000000
0.000000
0.000000
0.000000
0.000000
0.000000
0.000000
0.000000
0.000000
0.000000
0.000000
0.000000
0.000000
0.000000
0.000000
0.000000
0.000000
0.000000
0.000000
0.000000
0.000000
0.000000
0.000000
0.000000
0.000000
0.000000
0.000000
0.000000
0.000000
0.000000
0.000000
0.000000
0.000000
0.000000
0.000000
0.000000
0.000000
0.000000
0.000000
0.000000
0.000000
0.000000
0.000000
0.000000
0.000000
0.000000
0.000000
0.000000
0.000000
0.000000
0.000000
0.000000
0.000000
0.000000
0.000000
0.000000
0.000000
0.000000
0.000000
0.000000
0.000000
0.000000
0.000000
0.000000
0.000000
0.000000
0.000000
0.000000
0.000000
0.000000
0.000000
0.000000
0.000000
0.000000
0.000000
0.000000
0.000000
0.000000
0.000000
0.000000
0.000000
0.000000
0.000000
0.000000
0.000000
0.000000
0.000000
0.000000
0.000000
0.000000
0.000000
0.000000
0.000000
0.000000
0.000000
0.000000
0.000000
0.000000
0.000000
0.000000
0.000000
0.000000
0.000000
0.000000
0.000000
0.000000
0.000000
0.000000
0.000000
0.000000
0.000000
0.000000
0.000000
0.000000
0.000000
0.000000
0.000000
0.000000
0.000000
0.000000
0.000000
0.000000
0.000000
0.000000
0.000000
0.000000
0.000000
0.000000
0.000000
0.000000
0.000000
0.000000
0.000000
0.000000
0.000000
0.000000
0.000000
0.000000
0.000000
0.000000
0.000000
0.000000
0.000000
0.000000
0.000000
0.000000
0.000000
0.000000
0.000000
0.000000
0.000000
0.000000
0.000000
0.000000
0.000000
0.000000
0.000000
0.000000
0.000000
0.000000
0.000000
0.000000
0.000000
0.000000
0.000000
0.000000
0.000000
0.000000
0.000000
0.000000
0.000000
0.000000
0.000000
0.000000
0.000000
0.000000
0.000000
0.000000
0.000000
0.000000
0.000000
0.000000
0.000000
0.000000
0.000000
0.000000
0.000000
0.000000
0.000000
0.000000
0.000000
0.000000
0.000000
0.000000
0.000000
0.000000
0.000000
0.000000
0.000000
0.000000
0.000000
0.000000
0.000000
0.000000
0.000000
0.000000
0.000000
0.000000
0.000000
0.000000
0.000000
0.000000
0.000000
0.000000
0.000000
0.000000
0.000000
0.000000
0.000000
0.000000
0.000000
0.000000
0.000000
0.000000
0.000000
0.000000
0.000000
0.000000
0.000000
0.000000
0.000000
0.000000
0.000000
0.000000
0.000000
0.000000
0.000000
0.000000
0.000000
0.000000
0.000000
0.000000
0.000000
0.000000
0.000000
0.000000
0.000000
0.000000
0.000000
0.000000
0.000000
0.000000
0.000000
0.000000
0.000000
0.000000
0.000000
0.000000
0.000000
0.000000
0.000000
0.000000
0.000000
0.000000
0.000000
0.000000
0.000000
0.000000
0.000000
0.000000
0.000000
0.000000
0.000000
0.000000
0.000000
0.000000
0.000000
0.000000
0.000000
0.000000
0.000000
0.000000
0.000000
0.000000
0.000000
0.000000
0.000000
0.000000
0.000000
0.000000
0.000000
0.000000
0.000000
0.000000
0.000000
0.000000
0.000000
0.000000
0.000000
0.000000
0.000000
0.000000
0.000000
0.000000
0.000000
0.000000
0.000000
0.000000
0.000000
0.000000
0.000000
0.000000
0.000000
0.000000
0.000000
0.000000
0.000000
0.000000
0.000000
0.000000
0.000000
0.000000
0.000000
0.000000
0.000000
0.000000
0.000000
0.000000
0.000000
0.000000
0.000000
0.000000
0.000000
0.000000
0.000000
0.000000
0.000000
0.000000
0.000000
0.000000
0.000000
0.000000
0.000000
0.000000
0.000000
0.000000
0.000000
0.000000
0.000000
0.000000
0.000000
0.000000
0.000000
0.000000
0.000000
0.000000
0.000000
0.000000
0.000000
0.000000
0.000000
0.000000
0.000000
0.000000
0.000000
0.000000
0.000000
0.000000
0.000000
0.000000
0.000000
0.000000
0.000000
0.000000
0.000000
0.000000
0.000000
0.000000
0.000000
0.000000
0.000000
0.000000
0.000000
0.000000
0.000000
0.000000
0.000000
0.000000
0.000000
0.000000
0.000000
0.000000
0.000000
0.000000
0.000000
0.000000
0.000000
0.000000
0.000000
0.000000
0.000000
0.000000
0.000000
0.000000
0.000000
0.000000
0.000000
0.000000
0.000000
0.000000
0.000000
0.000000
0.000000
0.000000
0.000000
0.000000
0.000000
0.000000
0.000000
0.000000
0.000000
0.000000
0.000000
0.000000
0.000000
0.000000
0.000000
0.000000
0.000000
0.000000
0.000000
0.000000
0.000000
0.000000
0.000000
0.000000
0.000000
0.000000
0.000000
0.000000
0.000000
0.000000
0.000000
0.000000
0.000000
0.000000
0.000000
0.000000
0.000000
0.000000
0.000000
0.000000
0.000000
0.000000
0.000000
0.000000
0.000000
0.000000
0.000000
0.000000
0.000000
0.000000
0.000000
0.000000
0.000000
0.000000
0.000000
0.000000
0.000000
0.000000
0.000000
0.000000
0.000000
0.000000
0.000000
0.000000
0.000000
0.000000
0.000000
0.000000
0.000000
0.000000
0.000000
0.000000
0.000000
0.000000
0.000000
0.000000
0.000000
0.000000
0.000000
0.000000
0.000000
0.000000
0.000000
0.000000
0.000000
0.000000
0.000000
0.000000
0.000000
0.000000
0.000000
0.000000
0.000000
0.000000
0.000000
0.000000
0.000000
0.000000
0.000000
0.000000
0.000000
0.000000
0.000000
0.000000
0.000000
0.000000
0.000000
0.000000
0.000000
0.000000
0.000000
0.000000
0.000000
0.000000
0.000000
0.000000
0.000000
0.000000
0.000000
0.000000
0.000000
0.000000
0.000000
0.000000
0.000000
0.000000
0.000000
0.000000
0.000000
0.000000
0.000000
0.000000
0.000000
0.000000
0.000000
0.000000
0.000000
0.000000
0.000000
0.000000
0.000000
0.000000
0.000000
0.000000
0.000000
0.000000
0.000000
0.000000
0.000000
0.000000
0.000000
0.000000
0.000000
0.000000
0.000000
0.000000
0.000000
0.000000
0.000000
0.000000
0.000000
0.000000
0.000000
0.000000
0.000000
0.000000
0.000000
0.000000
0.000000
0.000000
0.000000
0.000000
0.000000
0.000000
0.000000
0.000000
0.000000
0.000000
0.000000
0.000000
0.000000
0.000000
0.000000
0.000000
0.000000
0.000000
0.000000
0.000000
0.000000
0.000000
0.000000
0.000000
0.000000
0.000000
0.000000
0.000000
0.000000
0.000000
0.000000
0.000000
0.000000
0.000000
0.000000
0.000000
0.000000
0.000000
0.000000
0.000000
0.000000
0.000000
0.000000
0.000000
0.000000
0.000000
0.000000
0.000000
0.000000
0.000000
0.000000
0.000000
0.000000
0.000000
0.000000
0.000000
0.000000
0.000000
0.000000
0.000000
0.000000
0.000000
0.000000
0.000000
0.000000
0.000000
0.000000
0.000000
0.000000
0.000000
0.000000
0.000000
0.000000
0.000000
0.000000
0.000000
0.000000
0.000000
0.000000
0.000000
0.000000
0.000000
0.000000
0.000000
0.000000
0.000000
0.000000
0.000000
0.000000
0.000000
0.000000
0.000000
0.000000
0.000000
0.000000
0.000000
0.000000
0.000000
0.000000
0.000000
0.000000
0.000000
0.000000
0.000000
0.000000
0.000000
0.000000
0.000000
0.000000
0.000000
0.000000
0.000000
0.000000
0.000000
0.000000
0.000000
0.000000
0.000000
0.000000
0.000000
0.000000
0.000000
