2.909808
2.869627
3.033701
2.956687
3.154246
2.909808
3.107367
3.097322
3.013610
2.886369
2.926551
2.879672
2.883021
2.876324
2.909808
2.933248
2.963384
2.923202
3.047095
3.077231
3.093973
2.966732
2.906460
3.097322
2.943293
3.147549
3.013611
3.003565
3.167639
2.846188
3.170988
3.120761
2.960035
2.949990
2.993520
2.973429
2.852885
2.655326
2.772522
2.638583
2.595053
2.605099
2.062649
2.772521
2.956687
2.310435
2.481206
2.297041
2.173148
2.129618
1.881832
2.089437
2.059300
2.092785
2.022468
1.975589
1.955498
1.948802
1.958847
1.935408
2.122921
1.928711
2.126270
1.985634
2.025816
2.009074
1.858393
2.089437
2.025816
1.982286
2.149709
1.999028
1.878484
2.015770
2.042558
1.978938
1.972241
2.096133
2.055952
1.972241
2.059300
2.082740
1.908620
1.935408
2.025816
2.099482
2.009073
1.871787
2.029165
1.942104
1.838302
1.901923
2.065997
1.948802
1.978938
2.089437
2.035861
1.925362
2.029164
2.022468
2.082740
2.169800
2.009073
1.962195
2.035861
1.935408
2.039210
2.099482
2.035861
2.076043
2.049255
2.032513
1.952150
2.022468
2.009073
2.022468
1.982286
2.086088
2.035861
1.945453
1.828257
1.962195
2.112876
2.049255
1.767985
2.136315
2.035861
1.945453
2.022468
2.045907
2.029164
2.002377
2.169800
2.035861
1.938756
2.059300
2.062649
1.965544
1.915317
2.005725
2.035861
1.878484
1.975589
2.022468
1.898575
2.099482
1.948802
1.895226
1.958847
1.952150
2.089437
2.002377
1.925362
1.935408
1.928711
2.139663
1.965544
1.922014
2.042558
2.096133
1.982286
2.055952
2.096133
2.052604
2.122921
2.310435
2.407540
2.069346
2.156406
2.364010
2.102830
2.106179
2.260208
2.009073
1.978938
2.052604
2.022468
1.922014
1.901923
1.717758
1.881832
1.995680
1.911968
1.737849
1.834954
1.801469
1.915317
1.945453
1.560381
1.577123
1.791424
1.637395
1.597213
1.918665
1.978937
1.583820
2.059300
1.325989
2.213329
1.988983
1.523547
1.878484
1.593865
1.911968
1.908620
2.223375
1.747894
2.059300
2.146360
1.918665
2.099482
1.791424
2.260208
1.332685
1.958847
1.359473
1.677577
1.811515
1.587168
2.045907
1.403003
1.660834
0.796933
2.206633
1.128430
1.469972
2.045907
2.086088
1.426442
1.717758
2.457767
1.784727
1.751243
1.704364
2.139663
1.985634
2.092785
1.798121
2.002377
1.922014
1.821560
1.690970
2.065997
2.076043
2.377404
1.811515
2.333874
2.035861
1.680925
2.059300
1.553684
2.153057
1.965544
1.901923
2.317132
2.012422
2.337222
1.992331
2.330525
2.189890
2.122921
2.226723
2.052604
2.136315
2.099482
2.005725
2.052604
1.918665
1.965544
1.935408
1.962195
2.159754
1.885181
2.106179
2.025816
2.102830
2.233420
2.032513
1.982286
1.962195
2.146360
2.086088
2.169800
2.246814
2.276950
2.310435
2.759128
2.662023
2.728992
2.846188
2.960035
2.916505
3.060489
3.020307
3.080580
3.150897
3.020307
3.211169
3.073883
2.990171
3.093973
3.073883
3.030353
2.986823
3.244654
3.050443
2.923202
3.144200
3.063837
3.023656
3.144200
2.919853
3.037049
3.073883
3.047095
2.993520
2.856233
3.016959
2.795961
3.067186
2.960035
2.970080
3.063837
3.087276
3.134155
3.100670
3.107367
3.083928
3.120761
3.060489
2.976778
2.986823
3.174336
2.986823
3.037050
2.916505
3.043747
3.080580
3.063837
3.114064
2.943293
2.883021
2.949990
2.832794
2.909808
2.976778
2.755780
2.635235
2.648629
2.638583
2.631886
2.494600
2.481206
2.357313
2.317132
2.129618
2.166451
2.253511
2.102831
2.076043
2.109527
1.938756
1.804818
1.824908
1.741197
1.667531
1.630698
1.727803
1.670880
1.587168
1.972241
1.640743
1.567077
1.717758
1.801469
1.798121
1.878484
1.801469
1.824908
1.687622
1.707713
1.613956
1.644092
1.781379
1.801469
1.938756
1.560381
1.680925
1.680925
1.838302
1.781379
1.734500
2.002377
1.868438
1.747894
1.821560
1.814863
1.741197
1.955498
1.895226
1.999028
1.975589
1.664183
2.106179
1.925362
1.999028
1.861742
1.985634
1.798121
2.119573
1.677577
2.032513
2.136315
1.543638
1.767985
1.590517
1.811515
1.818211
1.778030
1.861742
1.865090
2.076043
1.918665
1.952150
2.002377
2.159754
2.079391
2.089437
2.132966
1.962195
2.126270
2.086088
2.441025
2.461115
2.497948
2.628538
2.514691
2.377404
2.444373
2.260208
2.451070
2.467812
2.407540
2.240117
2.240117
2.059300
2.270253
1.824908
1.734500
1.054764
1.774682
1.992331
1.597213
1.707713
1.667531
1.657486
1.543638
1.483366
1.818211
1.690970
1.707713
1.935408
1.051415
1.533593
2.136315
1.520199
1.697667
1.905271
1.744546
1.821560
1.848348
1.831606
1.727803
1.985634
1.871787
1.995680
2.300389
2.045907
1.932059
2.015770
2.042558
2.035861
1.988983
2.233420
2.086088
1.995680
2.122921
2.283647
2.350616
2.554872
2.461115
2.541478
2.601750
2.665371
2.705553
2.829445
2.631886
2.628538
2.424282
2.474509
2.384101
2.407540
2.297041
2.330525
2.116224
1.875135
1.968892
1.838302
1.975589
1.844999
1.818212
1.858393
1.711061
1.711061
1.583820
1.627350
1.637395
1.851696
1.510154
1.707713
1.938756
2.019119
1.546987
1.737849
1.734500
1.781379
1.754591
1.747894
1.972241
1.858393
1.861742
2.022468
1.861742
1.647440
1.878484
1.888529
1.948802
2.186542
1.972241
2.005725
1.905272
2.143012
2.119573
2.226723
2.233420
2.364010
2.531433
2.615144
2.574963
2.641932
2.685462
2.568266
2.705553
2.625189
2.507993
2.538130
2.578311
2.451070
2.377404
2.297041
2.022468
2.293693
1.978938
2.076043
1.855045
2.042558
1.811515
1.784727
1.767985
1.644092
1.677577
1.627350
1.707713
1.744545
1.781379
1.798121
1.516851
1.734500
2.029164
1.674228
2.005725
1.583820
1.804818
1.670879
1.754591
1.858393
1.888529
1.811515
1.824908
2.025816
1.811515
1.982286
1.922014
1.911968
1.948802
1.978938
1.958847
2.076043
2.102830
2.126270
2.220026
2.169800
2.203284
2.297041
2.467812
2.739037
2.618493
2.601750
2.705553
2.762476
2.581660
2.554872
2.407540
2.558220
2.420934
2.561569
2.370707
2.199936
2.712249
1.473321
1.245626
1.918665
2.072694
1.727803
2.290344
1.657486
1.891878
1.687622
1.761288
1.590517
1.540290
1.500108
1.734500
1.523548
1.881832
1.704364
1.858393
1.841651
1.798121
1.778030
2.012422
1.988983
1.794772
1.978938
1.955498
1.885181
1.928711
1.932059
1.881832
2.009073
2.109527
1.891878
1.945453
2.079391
1.982286
2.069346
2.199936
1.928711
1.988983
2.189890
2.173148
2.618493
2.507993
2.595053
2.531433
2.648629
2.551523
2.621841
2.591705
2.501297
2.628538
2.534781
2.380752
2.414237
2.390798
2.273602
2.122921
2.015770
2.079391
1.841651
1.804818
1.761288
1.590517
1.707713
1.761288
1.644092
1.697667
1.600562
1.724455
1.687622
1.727803
1.881832
1.851696
1.610607
1.677577
1.741197
1.701016
1.761288
1.778030
1.808166
1.861742
1.744545
1.851696
1.972241
1.838302
1.935408
2.032513
2.055952
2.112876
1.995680
2.069346
2.116224
2.129618
2.079391
2.266905
2.216678
2.112876
2.280298
2.655326
2.641932
2.585008
2.672068
2.564917
2.558220
2.534781
2.528084
2.286995
2.548175
2.548175
2.524736
2.464464
2.357313
2.260208
1.821560
2.203284
1.988983
1.918665
1.905272
1.841651
1.741197
1.757939
1.627350
1.694319
1.433139
1.593865
1.570426
1.804818
1.972241
1.737849
1.593865
2.025816
1.781379
1.453230
1.811515
1.620653
1.694319
1.761288
1.757939
1.861742
2.132967
1.878484
1.771333
1.848348
1.925362
1.942104
1.962195
2.002377
1.935408
2.029164
2.062649
2.062649
2.042558
2.102830
2.273602
2.303738
2.303738
2.651977
2.655326
2.494600
2.662023
2.688810
2.558220
2.662023
2.283647
2.487903
2.524736
2.454418
2.404191
2.521387
2.290344
2.303738
1.851696
2.156406
1.808166
1.828257
1.851696
1.754591
1.895226
1.868438
1.808166
1.634047
1.694319
1.801469
1.603910
1.580471
1.734500
1.684273
1.848348
1.901923
1.747894
1.557032
1.774682
1.654137
1.610607
1.741197
1.791424
1.828257
1.911968
1.861742
1.824908
1.888529
1.928711
1.881832
1.958847
2.035861
2.213329
2.166451
2.169800
2.055952
2.102830
1.988983
1.978938
2.256859
2.153057
2.283647
2.528084
2.491251
2.518039
2.708901
2.524736
2.722295
2.394146
2.497948
2.688810
2.521387
2.504645
2.317132
2.337222
2.333874
1.982286
2.122921
1.911968
1.962195
1.898575
1.838302
1.721106
1.784727
1.670880
1.607259
1.697667
1.590517
1.674228
1.567077
1.657486
1.593865
1.875135
2.132967
1.627350
2.059300
1.694319
1.717758
1.767985
1.888529
1.764636
1.901923
1.955498
1.885181
1.848348
2.029164
1.915317
1.895226
1.965544
1.999028
1.901923
1.978938
1.942104
2.106179
2.052604
2.069346
2.086088
2.276950
2.250162
2.380752
2.943293
2.551523
2.628538
2.651977
2.806006
2.631886
2.665371
2.708901
2.534781
2.501297
2.441025
2.357313
2.564917
2.390798
2.266905
1.995680
2.106179
1.955498
1.885181
2.025816
1.788076
1.818212
1.583820
1.744545
1.677577
1.717758
1.737849
1.942104
1.821560
1.744546
1.791424
1.717758
1.868438
1.992331
1.975589
1.918665
1.992331
2.045907
2.089437
2.116224
1.958847
2.092785
2.186542
2.347268
2.528084
2.601750
2.980126
2.903111
2.745734
2.852885
3.023656
2.816051
3.073883
2.966732
3.037049
2.993520
3.033701
3.020307
3.130806
3.251351
3.090625
3.258048
3.027004
3.204473
2.943293
3.201124
2.939944
3.150897
3.000216
2.916505
3.027004
2.859581
3.040398
3.174336
2.936596
3.037050
3.006913
3.020307
3.037049
3.033701
3.080580
3.063837
3.080580
2.996868
2.983474
3.117413
2.933248
3.100670
2.970080
2.943293
2.953338
3.063838
3.057140
3.110716
2.859581
3.067186
2.869627
2.980126
2.953338
3.013611
2.953338
2.963384
3.030353
2.909808
3.100670
2.926551
2.973429
