0.364982
0.904083
1.520199
1.074854
1.409700
1.583820
1.654137
1.694319
1.747894
1.851696
1.965544
1.707713
2.052604
1.788076
1.992331
1.988983
1.978938
1.918665
1.841651
1.747894
1.972241
2.079391
1.972241
1.801469
2.009073
2.086088
1.791424
1.737849
1.908620
1.918665
1.865090
1.922014
1.978938
1.888529
1.851696
1.794772
1.861742
1.908620
1.811515
1.878484
1.774682
1.526896
1.711061
1.855045
1.908620
1.918665
1.778030
1.707713
1.942104
1.694319
1.767985
1.791424
1.972241
1.878484
1.918665
1.821560
1.734500
2.032513
1.761288
1.851696
1.918665
1.731152
1.851696
1.821560
1.878484
1.804818
1.701016
1.898575
1.761288
1.734500
1.727803
1.704364
1.838302
1.587168
1.851696
1.911968
1.818212
1.771333
1.958847
1.841651
1.891878
1.690970
1.624001
1.741197
1.794772
1.620653
1.774682
1.811515
1.781379
1.791424
1.640743
1.814863
1.764636
1.721106
1.838302
1.667531
1.945453
1.831605
1.657486
1.788076
1.834954
1.767985
1.781379
1.654137
1.587168
1.624001
1.831606
1.767985
1.891878
1.714409
1.694319
1.670879
1.801469
1.741197
1.751243
1.761288
1.808166
1.821560
1.831606
1.687622
1.878484
1.694319
1.781379
1.828257
1.774682
1.865090
1.895226
1.855045
1.865090
1.624001
1.811515
2.035861
1.895226
1.771333
1.952150
1.942104
1.878484
1.804818
1.771333
1.744546
1.667531
1.613956
1.818212
1.808166
1.737849
1.838302
1.560381
1.794772
1.781379
1.925362
2.072694
1.885181
1.808166
1.875135
1.731152
1.764636
1.865090
1.875135
1.834954
1.972241
1.942104
1.714409
1.781379
1.811515
1.865090
1.958847
1.680925
1.657486
1.764636
1.922014
1.801469
1.791424
1.871787
1.948802
1.617304
1.657486
1.875135
1.757940
1.747894
1.500108
1.868438
1.804818
1.824908
1.657486
1.570426
1.911968
1.881832
1.824908
1.878484
1.734500
1.945453
1.855045
1.818212
1.885181
1.680925
1.660834
1.680925
1.724455
1.928711
1.851696
1.942104
1.704364
1.583820
1.855045
1.831606
1.767985
1.734500
1.774682
1.918665
1.972241
1.744546
1.707713
1.942104
1.644092
1.747894
1.975589
1.848348
1.791424
2.035861
1.707713
1.838302
1.600562
1.824908
1.928711
1.731152
1.794772
1.871787
1.734500
1.861742
1.707713
1.915317
1.871787
1.928711
1.838302
1.831606
1.851696
1.731152
1.925362
1.650789
1.818212
1.881832
1.767985
1.731152
1.888529
1.811515
1.878484
1.908620
1.684273
1.881832
1.841651
1.754591
1.895226
1.885181
1.878484
1.717758
1.881832
1.751243
1.717758
1.784727
1.687622
1.707713
1.851696
1.767985
1.831606
1.851696
1.875135
1.624001
1.841651
1.811515
1.858393
1.744546
1.844999
1.891878
1.778030
1.871787
1.640743
1.781379
1.788076
1.764636
1.704364
1.764636
1.707713
1.828257
1.731152
1.901923
1.469972
1.945453
1.577123
1.684273
1.711061
1.617304
1.871787
1.798121
1.868438
1.868438
1.804818
1.684273
1.781379
1.841651
1.888529
1.838302
1.878484
1.824908
1.834954
2.005725
2.042558
1.848348
1.865090
1.928711
1.838302
1.747894
1.838302
1.784727
2.089437
1.721106
1.858393
1.640743
1.824908
1.781379
1.942104
1.898575
1.707713
1.855045
1.737849
1.644092
1.831606
1.898575
1.938756
1.603910
1.754591
1.660834
1.841651
1.844999
1.885181
1.995680
1.844999
1.744546
2.025816
1.701016
1.764636
1.737849
1.905271
1.834954
1.627350
1.942104
1.818212
1.788076
1.865090
1.808166
1.721106
1.911968
1.764636
1.905272
1.717758
1.878484
1.814863
1.734500
1.935408
1.634047
1.881832
1.754591
1.734500
1.865090
1.657486
1.627350
1.814863
2.059300
1.958847
1.841651
1.922014
1.794772
1.737849
1.905272
1.808166
1.774682
1.757939
1.918665
1.918665
1.741197
1.818212
1.717758
1.737849
1.737849
1.834954
1.690970
1.905272
1.754591
1.741197
1.895226
1.747894
1.855045
1.942104
1.704364
1.727803
1.901923
1.724455
2.002377
1.915317
1.734500
1.962195
1.754591
1.881832
1.774682
1.674228
1.922014
1.747894
1.824908
1.958847
1.757940
1.999028
1.597214
1.731152
1.865090
1.660834
1.922014
1.791424
1.577123
1.851696
1.911968
1.831606
1.844999
1.690970
1.831606
1.731152
1.881832
1.791424
2.045907
1.764636
1.781379
1.978938
1.741197
1.717758
2.025816
1.844999
1.791424
1.918665
1.858393
1.791424
1.858393
1.657486
1.891878
1.788076
1.945453
1.690970
1.690970
1.821560
1.687622
1.647440
1.865090
1.778030
1.185353
1.831605
1.828257
1.771333
1.952150
1.761288
1.774682
1.724455
1.751243
2.042558
2.005725
1.704364
1.834954
1.670880
2.045907
1.791424
1.911968
1.861742
1.788076
1.865090
1.798121
1.818211
1.932059
1.697667
1.878484
1.624001
1.888529
1.858393
1.670879
1.824908
1.721106
1.540290
1.945453
1.767985
1.881832
1.667531
1.727803
1.865090
1.798121
2.005725
1.714409
1.684273
1.804818
1.798121
1.690970
1.657486
1.834954
1.784727
1.811515
1.858393
1.747894
1.878484
1.791424
1.697667
1.808166
1.600562
1.885181
1.898575
1.821560
1.911968
1.818212
1.784727
1.844999
1.814863
1.630698
1.721106
1.747894
1.778030
1.734500
1.788076
1.868438
1.858393
1.978938
1.851696
1.891878
1.747894
1.861742
1.701016
1.818211
1.908620
1.885181
1.808166
1.881832
1.701016
1.747894
1.824908
1.804818
1.741197
1.767985
1.891878
1.928711
1.741197
1.855045
1.674228
1.875135
1.868438
1.721106
1.687622
1.761288
1.938756
1.841651
1.888529
1.724455
1.814863
1.734500
1.915317
1.640743
1.744545
1.794772
1.680925
1.778030
1.721106
1.707713
1.731152
1.707713
1.781379
1.757940
1.888529
1.808166
1.781379
1.935408
1.607259
1.778030
1.881832
1.814863
1.871787
1.858393
1.764636
1.714409
1.801469
1.801469
1.911968
1.644092
1.767985
1.794772
1.664183
1.767985
1.677577
1.804818
1.851696
1.871787
1.687622
1.637395
1.680925
1.831606
1.650789
1.804818
1.767985
1.811515
1.885181
1.744546
2.029164
1.814863
1.808166
1.717758
1.734500
1.871787
1.727803
1.774682
1.844999
1.784727
1.774682
1.865090
1.794772
1.804818
1.680925
1.844999
1.801469
1.694319
1.754591
1.985634
1.861742
1.808166
1.828257
1.861742
1.821560
1.911968
1.821560
1.811515
1.563729
1.868438
1.895226
1.721106
1.764636
1.690970
1.918665
1.791424
1.771333
1.858393
1.757940
1.781379
1.861742
1.868438
1.784727
1.680925
1.898575
1.731152
1.814863
1.714409
1.955498
1.734500
1.788076
1.737849
1.885181
1.670880
1.861742
1.731152
1.881832
1.707713
1.814863
1.784727
1.727803
1.714409
1.781379
1.761288
1.858393
1.771333
1.737849
1.798121
1.818211
1.657486
1.764636
1.814863
1.801469
1.965544
1.834954
1.647440
1.801469
1.838302
1.794772
1.905272
1.834954
1.808166
1.741197
1.861742
1.774682
1.868438
1.721106
1.901923
1.851696
1.851696
1.838302
1.848348
1.821560
1.761288
1.808166
1.737849
1.757940
1.972241
1.905272
1.801469
1.764636
1.774682
1.851696
1.674228
1.727803
1.932059
1.500108
1.818211
1.861742
2.019119
1.841651
1.761288
1.794772
1.697667
1.814863
1.697667
1.824908
1.788076
1.801469
1.741197
1.620653
1.754591
1.774682
1.771333
1.791424
1.945453
1.761288
1.771333
1.818211
1.660834
1.788076
1.968892
1.721106
1.794772
1.734500
1.804818
1.871787
1.744546
1.781379
1.798121
1.798121
1.711061
1.788076
1.721106
1.908620
1.814863
1.764636
1.824908
1.794772
1.754591
1.741197
1.781379
1.657486
1.751243
1.824908
1.808166
1.855045
1.751243
1.814863
1.751243
1.721106
1.838302
1.774682
1.721106
1.935408
1.875135
1.761288
1.831606
1.844999
1.855045
1.751243
1.778030
1.851696
1.821560
1.834954
1.764636
1.828257
1.724455
1.818211
1.972241
1.875135
1.690970
1.767985
1.754591
1.895226
1.881832
1.680925
1.804818
1.858393
1.818211
1.838302
1.855045
1.677577
1.891878
1.650789
1.634047
1.727803
1.868438
1.788076
1.851696
1.868438
1.922014
1.677577
1.988983
1.754591
1.905272
1.861742
1.711061
1.915317
1.811515
1.751243
1.778030
1.834954
1.958847
1.871787
1.794772
1.707713
1.754591
1.737849
1.891878
1.834954
1.851696
1.851696
1.804818
1.932059
1.958847
1.828257
1.925362
1.794772
1.871787
1.848348
1.855045
1.660834
1.885181
1.834954
1.935408
1.844999
1.881832
1.955498
1.794772
1.911968
1.794772
1.875135
1.707713
1.788076
1.945453
1.838302
1.824908
1.784727
1.647440
1.757940
1.885181
1.764636
1.751243
1.727803
1.851696
1.801469
1.828257
1.828257
1.881832
1.747894
1.881832
1.747894
1.788076
1.737849
1.744546
1.761288
1.804818
1.824908
1.798121
1.851696
1.895226
1.798121
1.868438
1.747894
1.674228
1.858393
1.868438
1.791424
1.757939
1.875135
1.788076
1.724455
1.634047
1.721106
1.824908
1.831606
1.978938
2.019119
1.751243
1.751243
1.687622
1.761288
1.774682
1.878484
1.915317
1.798121
1.821560
1.771333
1.922014
1.764636
1.922014
2.042558
1.761288
1.637395
1.697667
1.798121
1.721106
1.727803
1.851696
1.754591
1.557032
1.781379
1.865090
1.885181
1.841651
1.784727
1.915317
1.791424
1.731152
1.674228
1.838302
1.731152
1.962195
1.627350
1.724455
1.781379
1.664183
1.747894
1.674228
1.791424
1.724455
1.717758
1.814863
1.881832
1.865090
1.731152
1.801469
1.794772
1.831605
1.778030
1.855045
1.747894
1.744545
1.928711
1.778030
1.774682
1.801469
1.911968
1.878484
1.617304
1.513502
1.818212
1.838302
1.814863
1.878484
1.757939
1.778030
1.767985
1.814863
1.905271
1.774682
1.958847
1.767985
1.851696
1.844999
1.878484
1.841651
1.717758
1.788076
1.778030
1.690970
1.724455
1.757939
1.908620
1.647440
1.791424
1.791424
1.778030
1.674228
1.895226
1.831605
1.794772
1.868438
1.677577
1.784727
1.895226
1.774682
2.169800
1.801469
1.828257
1.915317
1.794772
1.794772
1.747894
1.814863
1.861742
1.757940
1.868438
1.764636
1.724455
1.988983
1.844999
1.714409
1.734500
1.962195
1.905272
1.737849
1.858393
1.744545
1.938756
1.771333
1.784727
1.875135
2.012422
1.734500
1.875135
1.767985
1.761288
1.851696
1.781379
1.804818
1.895226
1.747894
1.925362
1.784727
1.607259
1.761288
1.557032
1.808166
1.610608
1.734500
1.814863
1.644092
1.624001
1.603910
1.510154
1.339382
1.727803
1.516851
2.092785
1.968892
1.530244
1.794772
1.583820
1.684273
1.798121
1.804818
1.865090
1.868438
1.942104
1.868438
1.761288
2.072694
1.764636
1.932059
1.922014
1.707713
1.811515
1.875135
1.898575
1.844999
1.978938
1.958847
1.992331
1.948802
1.955498
1.911968
1.861742
1.858393
1.761288
1.988983
1.834954
1.908620
2.005725
1.781379
1.821560
2.109527
1.677577
1.938756
1.891878
1.764636
1.757939
1.717758
1.851696
1.788076
1.741197
1.844999
1.851696
1.952150
1.911968
1.821560
1.697667
1.858393
1.731152
1.828257
1.891878
1.751243
1.834954
1.848348
1.938756
1.885181
1.804818
1.834954
1.754591
1.911968
1.808166
1.731152
1.767985
1.741197
1.791424
1.711061
1.828257
1.824908
1.811515
1.741197
1.834954
1.868438
1.737849
1.757940
1.804818
1.724455
1.774682
1.952150
1.711061
1.791424
1.828257
1.875135
1.788076
1.895226
1.831606
1.751243
1.624001
1.814863
1.871787
1.895226
1.751243
1.804818
1.737849
1.841651
1.932059
1.788076
1.865090
1.764636
1.814863
2.022468
1.811515
1.811515
1.858393
1.831606
1.754591
1.781379
1.791424
1.801469
1.965544
1.885181
1.831605
1.788076
1.851696
1.727803
1.731152
1.784727
1.818211
1.834954
1.925362
1.794772
1.985634
1.855045
1.697667
1.965544
1.794772
1.891878
1.881832
1.761288
1.630698
1.677577
1.771333
1.824908
1.610607
1.778030
1.711061
1.741197
1.677577
1.968892
1.731152
1.804818
1.714409
2.012422
1.798121
1.821560
1.771333
1.948802
1.838302
1.727803
1.747894
1.687622
1.955498
1.791424
1.781379
1.654137
1.925362
1.798121
1.895226
1.767985
1.690970
1.634047
1.727803
1.747894
1.901923
1.764636
1.778030
1.747894
1.905272
1.747894
1.734500
1.677577
1.811515
2.025816
1.861742
1.704364
1.871787
1.757940
1.911968
1.704364
1.905271
1.875135
1.814863
1.660834
1.791424
1.888529
1.794772
1.737849
1.801469
1.704364
1.724455
1.610607
1.794772
1.814863
1.747894
1.932059
1.868438
1.757939
1.875135
1.922014
1.778030
1.811515
1.814863
1.818212
1.774682
1.955498
1.747894
1.761288
1.707713
1.711061
1.875135
1.828257
1.788076
1.620653
1.898575
1.754591
1.855045
1.888529
1.741197
1.771333
1.767985
1.811515
1.754591
1.865090
1.724455
1.794772
1.737849
1.764636
1.915317
1.798121
1.888529
1.704364
1.838302
1.757940
1.704364
1.875135
1.764636
1.908620
1.828257
1.828257
1.955498
1.761288
1.757940
1.875135
1.855045
1.751243
1.831606
1.734500
1.711061
1.838302
1.771333
1.754591
1.794772
1.918665
1.818212
1.737849
1.821560
1.764636
1.784727
1.898575
1.908620
1.697667
1.794772
1.781379
1.610607
1.818212
1.711061
1.717758
1.788076
1.878484
1.731152
1.727803
1.741197
1.660834
1.821560
1.737849
1.761288
1.831605
1.781379
1.771333
1.764636
1.794772
1.811515
1.754591
1.901923
1.754591
1.844999
1.808166
1.824908
1.627350
1.774682
1.834954
1.895226
1.794772
1.731152
1.814863
1.761288
1.674228
1.794772
1.711061
1.650789
1.757939
1.848348
1.841651
1.771333
1.774682
1.751243
1.844999
1.814863
1.711061
1.654137
1.838302
1.784727
1.781379
1.844999
1.804818
1.875135
1.891878
1.861742
1.727803
1.828257
1.801469
1.794772
1.818212
1.721106
1.717758
1.831605
1.958847
1.771333
1.607259
1.717758
1.694319
1.824908
1.771333
1.851696
1.925362
1.911968
1.958847
1.667531
1.757940
1.687622
1.871787
1.881832
1.774682
1.784727
1.824908
1.801469
1.821560
1.757939
1.778030
1.670880
1.808166
1.711061
1.630698
1.911968
1.613956
1.948802
1.583820
1.898575
1.640743
1.774682
1.707713
1.814863
1.838302
1.885181
1.808166
1.744546
1.865090
1.767985
1.664183
1.744545
1.942104
1.868438
1.982286
1.881832
1.757940
1.801469
1.687622
1.784727
1.925362
1.834954
1.861742
1.818212
1.938756
1.778030
1.851696
1.744546
1.771333
1.741197
1.674228
1.523548
1.607259
1.714409
1.831606
1.610607
1.818212
1.617304
1.908620
1.516851
1.754591
1.607259
1.764636
2.009074
1.838302
1.784727
1.771333
1.965544
1.818212
1.885181
1.781379
1.865090
1.885181
1.935408
1.804818
1.694319
1.804818
1.721106
1.865090
1.751243
1.195399
1.185353
1.804818
1.590517
1.932059
1.607259
1.717758
1.747894
1.938756
1.965544
1.905272
1.915317
1.865090
1.978938
1.901923
1.834954
2.069346
2.102830
1.922014
1.942104
1.751243
1.794772
1.911968
1.788076
1.985634
1.975589
1.774682
1.908620
1.855045
2.002377
1.858393
1.881832
1.905271
1.711061
1.918665
1.764636
1.828257
1.747894
1.861742
1.808166
1.838302
1.865090
1.925362
1.891878
1.831606
1.942104
1.757940
1.878484
1.757939
1.754591
1.814863
2.009074
1.794772
1.838302
1.851696
1.767985
1.801469
1.801469
1.875135
1.841651
1.794772
1.784727
1.871787
1.798121
1.690970
1.875135
1.801469
1.928711
1.754591
1.811515
1.734500
1.999028
1.654137
1.821560
1.804818
1.881832
1.781379
1.844999
1.808166
1.761288
1.741197
1.945453
1.788076
1.861742
1.851696
1.771333
1.744546
1.764636
1.798121
1.751243
1.878484
1.808166
1.848348
1.764636
1.791424
1.865090
1.781379
1.865090
1.818211
1.751243
1.778030
1.670880
1.794772
1.784727
1.680925
1.868438
1.818211
1.560381
1.674228
1.841651
1.767985
1.791424
1.677577
1.851696
1.747894
1.791424
1.778030
1.881832
1.875135
1.687622
1.828257
1.851696
1.774682
1.814863
1.828257
1.717758
1.767985
1.714409
1.704364
1.634046
1.694319
1.657486
1.895226
0.368330
1.299201
1.965544
1.938756
1.573774
1.620653
1.717758
1.754591
1.687622
0.753403
1.546987
1.798121
2.019119
1.513502
1.818211
1.567077
1.848348
1.245626
1.747894
-0.056924
1.928711
1.898575
1.828257
1.570426
1.041370
1.834954
2.159754
1.838302
1.774682
1.908620
2.132967
1.567077
2.139663
1.319292
1.737849
1.824908
1.928711
1.761288
1.781379
2.196587
1.808166
1.932059
1.791424
1.978937
1.844999
1.751243
1.901923
1.757940
1.798121
1.597214
2.039210
1.228883
2.146360
1.865090
2.079391
1.724455
1.831606
1.855045
1.731152
1.690970
1.922014
1.801469
1.885181
1.677577
1.754591
1.771333
1.955498
1.831605
1.724455
1.851696
1.620653
1.885181
1.711061
1.978938
1.794772
2.065997
1.624001
1.687622
1.781379
1.932059
1.801469
1.978938
1.865090
1.801469
2.042558
1.901923
1.942104
1.868438
1.938756
1.905271
1.844999
1.978937
1.972241
1.975589
1.982286
1.988983
1.925362
2.009074
1.898575
1.985634
1.865090
1.972241
1.861742
1.999028
1.932059
1.811515
1.938756
1.841651
1.798121
1.794772
2.019119
1.784727
1.985634
1.831606
1.788076
1.965544
1.891878
1.794772
1.932059
1.868438
1.952150
1.898575
1.918665
1.798121
1.975589
1.908620
1.774682
1.878484
1.901923
1.761288
1.834954
1.741197
1.975589
1.928711
1.771333
1.925362
1.861742
1.788076
1.788076
1.855045
1.928711
1.754591
1.737849
1.831606
1.761288
1.804818
1.881832
1.751243
1.714409
1.875135
1.744545
1.784727
1.788076
1.945453
1.798121
1.855045
1.774682
1.855045
1.714409
1.975589
1.838302
1.932059
1.828257
1.844999
1.764636
1.791424
1.741197
1.741197
1.908620
1.690970
1.794772
1.697667
1.895226
1.838302
1.861742
1.955498
1.727803
1.778030
1.600562
1.838302
1.848348
1.922014
1.677577
1.841651
1.687622
1.804818
1.667531
1.838302
1.804818
1.898575
1.875135
1.834954
1.751243
1.885181
1.764636
1.942104
1.875135
1.918665
1.821560
1.861742
2.009073
1.885181
1.778030
1.901923
1.664183
1.838302
1.717758
1.788076
1.905271
1.794772
1.848348
1.781379
1.714409
1.627350
1.667531
1.737849
1.844999
1.831606
1.767985
1.831606
1.821560
1.855045
1.771333
1.744545
1.754591
1.714409
1.861742
1.831606
1.875135
1.814863
1.781379
1.881832
1.774682
1.774682
1.784727
1.741197
1.737849
1.858393
1.794772
1.801469
1.851696
1.704364
1.754591
1.657486
1.751243
1.747894
1.908620
1.513502
1.590517
2.076043
1.724455
1.761288
1.948802
1.741197
1.543638
1.878484
1.593865
1.667531
1.627350
1.798121
1.922014
1.573774
1.834954
1.597213
1.724455
1.701016
1.794772
1.757939
1.922014
2.032513
1.978937
1.938756
1.911968
1.908620
1.962195
1.865090
2.022468
1.938756
1.828257
1.922014
1.818212
1.888529
1.814863
1.737849
1.848348
1.804818
1.855045
1.680925
1.878484
1.838302
1.613956
1.808166
1.731152
1.824908
1.818211
1.911968
1.928711
1.851696
1.958847
1.992331
1.804818
1.724455
1.865090
1.747894
1.905271
1.788076
1.828257
1.855045
1.841651
1.784727
1.838302
1.888529
1.871787
1.761288
1.801469
1.794772
1.824908
1.754591
1.855045
1.791424
1.898575
1.975589
1.767985
1.647440
1.885181
1.781379
1.744546
1.851696
1.878484
1.898575
1.791424
1.821560
1.717758
1.654137
1.701016
1.751243
1.774682
1.711061
1.680925
1.717758
1.945453
1.737849
1.704364
1.476669
2.019119
1.811515
1.597214
1.553684
1.644092
1.918665
1.684273
1.751243
1.747894
2.032513
1.911968
1.834954
1.838302
1.908620
1.784727
1.858393
1.764636
1.935408
1.838302
1.751243
1.493411
1.339382
2.163102
1.841651
1.918665
1.858393
1.701016
1.721106
1.764636
1.757940
1.751243
1.985634
1.724455
1.647440
1.804818
1.851696
1.804818
1.637395
1.690970
1.818212
1.757940
1.834954
1.972241
1.918665
1.871787
1.818211
1.868438
1.895226
1.664183
1.751243
1.711061
1.670880
1.714409
1.791424
1.573774
1.644092
1.540290
1.744546
1.684273
1.674228
1.898575
1.650789
1.734500
1.891878
1.533593
1.968892
1.406351
1.684273
1.516851
1.741197
1.778030
1.861742
1.848348
1.948802
1.778030
1.885181
1.798121
1.978938
2.025816
1.968892
1.922014
1.901923
1.875135
1.962195
1.781379
1.871787
1.888529
1.798121
1.764636
1.828257
1.948802
1.915317
1.901923
2.005725
1.999028
1.844999
1.838302
1.821560
1.727803
1.737849
1.831606
1.774682
1.828257
1.831605
1.704364
1.838302
1.821560
1.744546
1.865090
1.824908
1.771333
1.690970
1.818212
1.831606
1.871787
1.855045
1.858393
1.855045
1.838302
1.834954
1.841651
1.701016
1.657486
1.600562
1.878484
1.546987
1.644092
1.851696
1.751243
1.644092
1.553684
1.861742
1.580471
1.650789
1.694319
1.905272
1.962195
2.005725
1.888529
1.968892
1.938756
1.855045
1.938756
1.841651
1.788076
2.002377
1.767985
1.925362
2.059300
1.798121
1.898575
1.838302
1.831605
1.871787
1.747894
1.784727
1.784727
1.727803
1.831606
1.891878
1.788076
1.952150
1.801469
1.828257
1.684273
1.938756
1.948802
1.808166
1.945453
1.895226
1.757940
1.978938
1.905271
1.908620
1.972241
1.818212
1.888529
1.804818
1.734500
1.724455
1.741197
1.734500
1.734500
1.764636
1.704364
1.657486
1.714409
1.637395
1.774682
1.654137
1.844999
1.794772
1.737849
1.895226
1.701016
1.932059
1.392958
1.520199
1.553684
1.707713
1.868438
1.744546
1.878484
1.908620
1.918665
1.834954
1.858393
1.851696
1.844999
1.794772
1.928711
1.988983
1.915317
1.778030
1.791424
1.948802
1.898575
1.771333
1.818212
2.082740
1.767985
1.948802
1.778030
1.811515
1.888529
1.761288
1.878484
1.704364
1.798121
1.811515
1.821560
1.925362
1.711061
1.761288
1.781379
1.637395
1.821560
1.711061
1.784727
1.778030
1.888529
1.778030
1.801469
1.838302
1.844999
1.737849
1.794772
1.767985
1.865090
1.757939
1.764636
1.784727
1.701016
1.684273
1.687622
1.674228
1.697667
1.667531
1.881832
1.731152
1.744545
1.727803
1.587168
1.794772
1.674228
1.908620
1.774682
1.848348
1.922014
1.911968
1.838302
0.790236
1.942104
1.992331
1.885181
1.945453
1.875135
1.938756
1.834954
1.818211
1.885181
1.922014
1.808166
1.811515
1.791424
1.637395
1.908620
1.881832
1.798121
1.717758
1.861742
1.804818
1.801469
1.932059
1.834954
1.761288
1.881832
1.788076
1.774682
1.834954
1.778030
1.754591
1.911968
1.855045
1.932059
1.747894
1.774682
1.818211
1.761288
1.824908
1.744546
1.811515
1.664183
1.778030
1.657486
1.747894
1.784727
1.697667
1.707713
1.563729
1.922014
1.379564
1.838302
1.831605
1.875135
1.952150
1.292504
1.399655
1.550335
1.664183
1.751243
1.915317
1.928711
1.858393
1.808166
1.918665
1.908620
1.965544
2.015770
1.995680
1.915317
1.942104
1.928711
1.958847
1.908620
1.968892
1.918665
1.831606
1.804818
1.744545
1.905272
1.811515
1.905272
1.784727
1.811515
1.831606
1.861742
1.878484
1.771333
1.844999
1.701016
1.908620
1.791424
1.851696
1.881832
1.697667
1.818212
1.794772
1.737849
1.784727
1.838302
1.741197
1.911968
1.778030
1.844999
1.764636
1.881832
1.958847
1.915317
1.908620
1.366170
1.690970
1.824908
1.721106
1.520199
1.624001
1.550335
1.711061
1.647440
1.724455
1.911968
1.731152
1.865090
1.697667
1.811515
1.781379
1.731152
1.871787
1.925362
1.844999
1.972241
1.875135
1.891878
1.911968
1.918665
1.834954
1.955498
1.985634
1.731152
1.891878
1.680925
1.885181
1.905272
1.838302
1.654137
1.925362
1.958847
1.540290
1.764636
1.794772
1.721106
1.865090
1.778030
1.788076
1.871787
1.754591
1.778030
1.610607
1.828257
1.674228
1.778030
1.895226
1.744546
1.778030
1.952150
1.908620
1.660834
1.915317
1.737849
1.724455
1.801469
1.774682
1.734500
1.764636
1.731152
1.687622
1.610608
1.684273
1.828257
1.694319
1.650789
1.804818
1.734500
1.677577
1.865090
2.049255
1.587168
1.466624
1.449881
1.774682
1.620653
1.727803
1.838302
1.905272
1.828257
1.808166
1.895226
1.898575
1.811515
1.878484
1.962195
1.938756
1.834954
1.915317
1.898575
1.918665
1.918665
1.824908
1.888529
1.915317
1.774682
1.878484
1.824908
1.778030
1.888529
1.855045
1.858393
1.868438
1.801469
1.801469
1.871787
1.711061
1.788076
1.757939
1.731152
1.878484
1.958847
1.754591
1.875135
1.855045
1.714409
1.798121
1.888529
1.761288
1.855045
1.838302
1.794772
1.784727
1.808166
1.798121
1.747894
1.814863
1.818211
1.640743
1.905272
1.724455
1.798121
1.881832
1.761288
1.781379
1.704364
1.811515
1.992331
1.831606
1.771333
1.988983
1.844999
1.764636
1.878484
1.871787
1.881832
1.781379
1.818212
1.737849
1.821560
1.885181
1.774682
1.774682
1.701016
1.707713
1.794772
1.744546
1.915317
1.781379
1.764636
1.881832
1.844999
1.684273
1.821560
1.814863
1.855045
1.938756
1.774682
1.871787
1.881832
1.737849
1.955498
1.788076
1.875135
1.798121
1.721106
1.834954
1.968892
1.824908
1.767985
1.841651
1.774682
1.754591
1.707713
1.754591
1.844999
1.942104
1.804818
1.818212
1.922014
1.838302
1.945453
1.965544
1.828257
1.801469
1.814863
1.858393
1.834954
1.791424
1.751243
1.697667
1.781379
1.814863
1.617304
2.022468
1.734500
1.814863
1.684273
2.012422
1.791424
1.838302
1.767985
1.737849
1.878484
1.804818
2.022468
1.778030
1.670880
1.801469
1.734500
1.908620
1.784727
1.694319
1.737849
1.764636
1.858393
1.875135
1.680925
1.844999
1.868438
1.911968
2.042558
1.855045
1.831606
1.677577
1.801469
1.781379
1.771333
1.767985
1.757940
1.781379
1.844999
1.891878
1.694319
1.731152
1.918665
1.724455
1.821560
1.858393
1.948802
1.895226
1.804818
1.838302
1.895226
1.771333
1.690970
1.774682
1.901923
1.701016
1.657486
1.747894
1.761288
1.707713
1.597214
1.764636
1.999028
1.824908
1.771333
1.617304
1.834954
1.764636
1.831605
1.814863
1.657486
1.891878
1.992331
1.848348
1.737849
1.774682
1.714409
1.875135
1.757940
1.818211
1.781379
1.778030
1.734500
1.901923
1.761288
1.721106
1.848348
1.928711
1.694319
1.952150
2.002377
1.778030
1.747894
1.855045
1.814863
1.791424
1.824908
1.908620
1.908620
1.761288
1.915317
1.861742
1.905272
1.925362
1.824908
1.721106
1.754591
1.814863
1.767985
1.811515
1.778030
1.757940
1.714409
1.824908
1.751243
1.794772
1.774682
1.922014
1.767985
1.881832
1.824908
1.922014
1.824908
1.801469
1.871787
1.841651
2.052604
1.851696
1.721106
1.764636
1.660834
1.764636
1.657486
1.814863
1.680925
1.701016
1.855045
1.624001
1.834954
1.838302
1.855045
2.022468
1.804818
1.962195
1.747894
1.888529
1.808166
1.905272
1.757939
1.828257
1.808166
1.888529
1.680925
1.844999
1.794772
1.707713
1.858393
1.694319
1.918665
1.831605
1.922014
1.721106
1.908620
1.988983
1.824908
1.724455
1.848348
1.938756
1.660834
1.814863
1.778030
1.751243
1.911968
1.704364
1.915317
1.694319
1.948802
1.885181
1.667531
1.727803
1.915317
1.878484
1.757939
1.714409
1.798121
1.808166
1.751243
1.798121
1.737849
1.928711
1.855045
1.714409
1.690970
1.999028
1.798121
1.821560
1.640743
1.885181
1.761288
1.821560
1.878484
1.727803
1.895226
1.711061
1.788076
1.821560
1.751243
1.741197
1.831606
1.737849
1.881832
1.791424
1.707713
1.811515
1.865090
1.808166
1.875135
1.707713
1.999028
1.590517
1.838302
1.724455
1.811515
1.711061
1.667531
1.871787
1.814863
1.955498
1.972241
1.690970
1.339383
1.901923
1.828257
2.059300
1.684273
1.563729
1.834954
1.697667
1.838302
1.871787
1.757939
1.687622
1.791424
1.804818
1.955498
1.731152
1.888529
1.764636
1.824908
1.858393
1.680925
1.848348
1.824908
1.831605
1.911968
1.747894
1.875135
1.905272
1.828257
1.885181
1.717758
1.741197
1.895226
1.727803
1.784727
1.694319
1.687622
1.834954
1.734500
1.757939
1.751243
1.824908
1.751243
0.000000
0.000000
0.000000
0.000000
0.000000
0.000000
0.000000
0.000000
0.000000
0.000000
0.000000
0.000000
0.000000
0.000000
0.000000
0.000000
0.000000
0.000000
0.000000
0.000000
0.000000
0.000000
0.000000
0.000000
0.000000
0.000000
0.000000
0.000000
0.000000
0.000000
0.000000
0.000000
0.000000
0.000000
0.000000
0.000000
0.000000
0.000000
0.000000
0.000000
0.000000
0.000000
0.000000
0.000000
0.000000
0.000000
0.000000
0.000000
0.000000
0.000000
0.000000
0.000000
0.000000
0.000000
0.000000
0.000000
0.000000
0.000000
0.000000
0.000000
0.000000
0.000000
0.000000
0.000000
0.000000
0.000000
0.000000
0.000000
0.000000
0.000000
0.000000
0.000000
0.000000
0.000000
0.000000
0.000000
0.000000
0.000000
0.000000
0.000000
0.000000
0.000000
0.000000
0.000000
0.000000
0.000000
0.000000
0.000000
0.000000
0.000000
0.000000
0.000000
0.000000
0.000000
0.000000
0.000000
0.000000
0.000000
0.000000
0.000000
0.000000
0.000000
0.000000
0.000000
0.000000
0.000000
0.000000
0.000000
0.000000
0.000000
0.000000
0.000000
0.000000
0.000000
0.000000
0.000000
0.000000
0.000000
0.000000
0.000000
0.000000
0.000000
0.000000
0.000000
0.000000
0.000000
0.000000
0.000000
0.000000
0.000000
0.000000
0.000000
0.000000
0.000000
0.000000
0.000000
0.000000
0.000000
0.000000
0.000000
0.000000
0.000000
0.000000
0.000000
0.000000
0.000000
0.000000
0.000000
0.000000
0.000000
0.000000
0.000000
0.000000
0.000000
0.000000
0.000000
0.000000
0.000000
0.000000
0.000000
0.000000
0.000000
0.000000
0.000000
0.000000
0.000000
0.000000
0.000000
0.000000
0.000000
0.000000
0.000000
0.000000
0.000000
0.000000
0.000000
0.000000
0.000000
0.000000
0.000000
0.000000
0.000000
0.000000
0.000000
0.000000
0.000000
0.000000
0.000000
0.000000
0.000000
0.000000
0.000000
0.000000
0.000000
0.000000
0.000000
0.000000
0.000000
