0.257831
0.525708
1.272413
1.851696
1.141824
1.523548
2.132967
1.644092
1.995680
1.818212
2.243466
1.938756
1.955498
1.988983
1.818212
2.082740
2.146360
2.012422
2.132967
2.276950
2.394146
2.461115
2.598402
2.752431
2.812703
2.909808
3.308275
3.529273
3.532621
4.054980
3.689999
4.182222
3.666559
4.034890
3.730180
4.580688
4.014799
4.369735
3.897603
4.312812
4.470189
4.557249
4.517067
4.520416
5.180061
4.815080
4.543855
5.116441
5.454635
4.955715
5.129835
4.928927
5.149925
5.327394
5.789481
5.699072
5.575179
5.642149
6.288401
5.451286
6.552928
6.643337
6.767230
6.686866
5.337439
6.040615
5.776087
5.417802
6.593110
6.422338
5.729208
6.248219
5.779435
5.926767
5.615361
5.762692
5.501513
5.622057
5.538346
5.618709
5.548392
5.350832
5.062865
5.320696
5.213546
4.691187
4.563945
4.597430
4.694535
4.363038
4.229100
3.900951
4.108556
3.857421
3.857421
3.870816
3.860770
3.542667
3.251351
3.412076
3.626378
3.335062
3.271441
3.080580
3.124110
2.939944
2.983474
2.742386
2.739037
2.631886
2.608447
2.417585
2.588356
2.474509
2.394146
2.330525
2.367358
2.313783
2.310435
2.333874
2.005725
1.988983
2.015770
2.015770
1.952150
1.925362
1.958847
2.005725
1.814863
1.844999
1.871787
1.751243
1.895226
1.734500
2.099482
2.076043
1.778030
2.280298
1.500108
2.116224
1.587168
1.885181
2.015770
1.804818
2.012422
2.417585
2.193239
2.779218
3.030353
2.598402
2.862930
3.090625
3.318320
3.529273
3.726831
3.787104
4.825125
3.777058
5.297257
4.125298
3.870816
4.255888
4.359690
5.407756
4.557249
5.230289
4.855261
5.196804
4.872004
5.612013
5.106396
5.354181
5.635451
5.297257
5.066214
5.437893
5.849753
5.444590
5.625406
5.300606
6.000433
6.007130
5.705769
5.565134
6.040615
6.017176
6.472566
6.097539
6.033918
6.184598
6.435733
6.526141
6.070751
6.321886
6.449126
6.439081
6.382157
6.509398
6.278355
6.422338
6.174552
5.869843
5.571831
5.849753
5.357530
5.615361
5.474726
5.247031
5.163319
4.838519
4.701232
4.754808
4.728020
4.309463
4.393174
4.172176
4.259236
3.964572
3.599590
3.750271
3.639772
3.328366
3.345108
3.391986
3.211170
3.194427
3.227912
2.574963
2.695507
3.368547
3.083928
3.087277
3.124110
3.241305
3.097322
3.157594
3.170988
3.177685
3.167639
2.862930
3.077231
3.408728
3.090625
3.328366
3.170988
3.308275
3.355153
3.207821
3.268093
3.217866
3.351804
3.546015
3.612984
4.105207
3.770362
4.520416
3.616332
4.222403
3.770362
4.259236
4.034890
4.215706
4.135343
4.205661
3.870815
4.162131
3.894254
3.659863
3.767013
3.676605
3.683301
3.385289
3.318320
3.217866
3.291532
3.177685
3.174336
3.224563
3.499136
3.027004
2.886369
2.956687
2.996868
3.154246
2.986823
2.983474
2.976778
3.150897
3.016959
3.016959
3.043746
3.204473
3.027004
2.949990
3.134155
2.953338
3.110716
2.886369
2.983474
2.953338
3.093973
3.063837
2.986823
2.916505
3.264745
3.160943
3.053792
2.956687
3.043746
2.976778
2.919854
3.073883
2.966732
3.083928
3.080580
3.030353
3.040398
3.067186
3.134155
2.963384
2.956687
3.211169
3.043746
3.003565
3.010262
3.057140
3.043746
2.986823
3.114064
2.953338
3.043747
3.063837
3.033701
2.879672
2.949990
2.739037
3.043747
3.013611
3.020307
2.929899
3.361850
3.157594
3.562757
3.278139
3.743574
3.726831
3.850725
3.767013
3.760316
3.840679
3.910997
3.864118
3.679953
3.706741
3.515879
3.689999
3.512530
3.562757
3.847376
3.894254
4.138691
4.363038
4.188918
4.329554
4.242494
4.513719
5.709117
4.620870
4.955715
4.517067
4.959064
4.979154
5.123137
5.129835
5.019336
4.882049
4.949018
4.778246
4.557249
4.694535
4.523764
4.239145
4.279327
4.071723
4.051631
3.900951
3.914345
3.639772
3.844028
3.268093
3.529273
3.261396
3.422122
3.191079
3.194427
3.217866
3.050443
2.976778
2.913157
2.755780
2.765825
2.648629
2.695507
2.407540
2.581660
2.374055
2.441025
2.290344
2.176497
2.340571
2.199936
2.156406
2.035861
2.022468
1.982286
2.039210
1.942104
1.988983
1.995680
2.136315
1.992331
2.189890
2.276950
2.427631
2.430979
2.461115
2.759128
2.347268
2.598402
2.424282
2.651977
2.685462
2.772521
3.027004
3.150897
3.371895
3.422122
3.592893
3.542667
3.549363
3.770362
4.416614
3.797149
4.138691
4.115252
4.620870
3.998056
5.257076
4.493628
4.597430
4.798337
4.363038
5.049472
4.905488
4.617521
5.170016
6.107584
6.194643
4.054980
5.287212
5.086305
4.661051
4.674445
4.761505
4.674445
4.892095
5.240334
4.925579
4.748110
4.557249
4.500325
4.446750
4.577340
4.393174
4.118601
4.021495
4.155434
3.743574
4.008102
3.656514
3.375244
3.284835
3.264745
3.489091
3.137503
3.130806
3.104019
2.765825
2.869627
2.678765
2.705553
2.611796
2.571614
2.420934
2.330525
2.387449
2.203284
2.143012
2.069346
2.022468
2.089437
1.895226
2.143012
1.848348
1.701016
1.881832
1.744545
1.788076
1.737849
1.868438
2.112876
1.764636
1.818212
2.534781
1.831605
1.794772
2.186542
1.734500
1.942104
1.965544
2.209981
2.159754
2.578311
2.528084
2.943293
3.181033
3.130806
3.097322
3.090625
3.509182
3.418774
3.586196
3.827285
3.850724
4.610824
3.753619
4.078420
4.326205
4.634263
4.905488
5.166668
4.764853
4.882049
4.510370
5.752647
4.865307
4.510370
5.210197
5.257076
5.260424
4.895443
5.263773
5.190107
5.936813
5.364227
5.243682
5.257076
5.856450
5.608664
5.287212
6.023872
5.715815
5.719163
4.915534
5.360878
6.362066
5.779435
5.762692
5.695724
5.879889
5.689027
5.578528
5.320696
5.437892
5.357530
5.096350
4.805035
4.885397
4.570642
4.466840
4.587385
4.225751
4.242494
3.988011
3.743574
3.971269
3.502485
3.666559
3.301578
3.519227
3.308275
3.077231
2.956687
3.037050
2.806006
2.672068
2.651977
2.558220
2.561569
2.310435
2.343919
1.865090
2.474509
2.106179
2.320480
2.186542
2.220026
2.203284
2.310435
2.280298
1.523548
2.156406
2.065997
1.968892
2.106179
2.220026
2.153057
2.116224
2.199936
2.186542
2.042558
1.985634
2.109527
2.069346
2.062649
2.253511
2.139663
2.035861
2.126270
2.203284
2.149709
2.015770
2.122921
2.156406
2.096133
2.032513
2.096133
2.146360
2.176497
2.176497
2.122921
2.223375
2.035861
1.932059
2.076043
1.948802
1.952150
2.300389
2.122921
2.283647
2.092785
2.136315
2.253511
2.216678
2.086088
2.062649
2.169800
2.099482
2.143012
2.032513
2.019119
2.230072
2.199936
2.012422
1.992331
2.082740
2.173148
2.176497
2.156406
2.002377
2.149709
2.156406
2.213329
2.179845
2.156406
2.082740
2.076043
2.002377
2.076043
2.012422
2.166451
2.156406
2.146360
2.129618
1.985634
2.317132
2.102830
2.059300
2.049255
2.102831
2.089437
2.186542
2.166451
2.156406
2.273602
2.049255
2.082740
2.139663
2.129618
2.015770
2.035861
1.965544
2.052604
2.206633
2.236768
2.300389
2.457767
2.256859
2.390798
2.404191
2.260208
2.203284
2.276950
2.156406
2.193239
2.025816
1.962195
2.109527
2.126270
2.059300
1.942104
2.079391
1.918665
1.995680
2.049255
1.938756
2.039210
2.015770
1.888529
1.952150
2.025816
1.965544
1.945453
1.911968
1.717758
1.925362
1.744546
1.834954
1.761288
1.891878
1.942104
2.199936
1.557032
1.992331
1.791424
1.808166
1.821560
1.848348
1.985634
2.035861
2.089437
2.116224
2.156406
2.203284
2.330525
2.718946
2.414237
2.497948
2.504645
2.484555
2.487903
2.501297
2.487903
2.203284
2.370707
2.096133
1.965544
2.015770
2.276950
2.173148
1.818211
1.958847
1.925362
1.895226
1.774682
1.734500
1.349428
2.183193
1.767985
1.791424
1.881832
1.911968
1.985634
1.978938
2.049255
1.992331
2.049255
2.136315
2.159754
2.143012
2.149709
2.243466
2.065997
2.069346
1.968892
1.918665
1.992331
1.901923
1.891878
1.855045
1.918665
1.928711
1.372867
1.694319
1.804818
1.861742
1.952150
2.122921
1.985634
2.102830
2.059300
2.340571
2.504645
2.816051
2.963384
2.960035
3.391986
3.073883
3.777058
3.422122
3.716786
3.981314
3.502485
3.743574
3.462303
3.519227
3.458955
3.653166
3.552712
3.559409
3.395334
3.485743
3.686650
3.375244
3.341759
3.525924
3.432167
3.398683
3.703392
3.448910
3.606287
3.274790
3.522576
3.485743
3.231260
3.345108
3.341759
3.214518
3.063838
2.946641
3.104019
3.100670
2.883021
2.862930
2.762476
2.749082
2.668720
2.497948
2.574963
2.390798
2.424282
2.441025
2.457767
2.183193
2.206632
2.096133
1.925362
2.126270
1.918665
2.015770
1.965544
1.908620
1.972241
2.015770
1.962195
2.039210
2.092785
1.999028
2.209981
2.009073
1.774682
2.052604
1.885181
1.888529
2.082740
2.035861
1.885181
1.948802
1.855045
1.851696
1.865090
1.844999
1.764636
1.871787
1.747894
1.617304
1.603910
1.376215
1.911968
1.389609
1.791424
1.868438
0.957658
1.225535
1.908620
1.346079
1.999028
2.045907
2.447721
1.978937
2.444373
1.945453
1.627350
2.223375
1.372867
1.125081
2.310435
2.199936
1.590517
1.999028
1.513502
1.483366
1.992331
2.143012
1.841651
1.707713
1.901923
2.173148
2.122921
2.300389
2.307086
2.156406
2.126270
1.918665
2.059300
2.233420
2.179845
2.166451
2.444373
2.072694
2.112876
1.972241
2.260208
2.313783
1.711061
1.808166
2.253511
1.871787
1.225535
0.971052
2.430979
1.801469
1.972241
2.297041
1.908620
1.928711
0.539101
2.544827
1.667531
2.645280
1.359473
2.106179
2.457767
2.300389
2.223375
1.915317
2.240117
2.531433
2.216678
2.799309
1.329337
1.687622
2.641932
1.463275
1.011234
2.116224
1.530244
1.690970
1.767985
2.250162
2.333874
2.343919
2.812703
2.273602
2.457767
2.461115
2.380752
2.913157
2.504645
2.795961
2.829445
3.104019
2.102830
3.268093
3.880861
3.345108
3.314971
3.566106
4.028193
3.519228
2.759128
3.770362
2.832794
3.221215
3.726831
3.281487
4.657702
3.509182
4.322857
3.850725
3.720135
4.065026
4.158782
4.778246
4.008102
4.952367
4.383129
4.081768
4.691187
5.709117
4.801686
5.022684
4.918882
4.697884
4.761505
4.848564
5.421150
5.183410
4.868655
4.406568
4.942321
4.898791
4.624218
4.734717
4.446750
4.463491
4.349645
3.860770
3.539318
3.904300
3.877512
3.612984
3.023656
3.422122
3.154246
2.966732
3.027004
3.003565
2.775870
2.605099
2.585008
2.588356
2.364010
2.397495
2.484555
2.209981
2.240117
2.410888
2.156406
2.169800
2.149709
2.092785
2.176497
2.176497
2.062649
2.290344
2.069346
2.065997
2.059300
1.935408
1.995680
1.922014
2.112876
2.367358
2.126270
2.283647
2.320480
2.136315
1.942104
2.220026
2.045907
2.223375
2.169800
1.982286
1.985634
1.915317
1.714409
2.019119
2.005725
1.958847
2.213329
2.092785
2.012422
1.958847
1.935408
2.153057
2.149709
2.223375
2.397495
2.595053
2.785916
2.779218
2.307086
2.742385
1.674228
0.562541
1.530244
1.664183
2.286995
1.503457
1.480018
3.003565
2.377404
1.329337
0.398466
1.372867
1.459927
0.629510
0.190862
0.371679
1.034673
0.579283
1.285807
1.148520
1.128430
1.523548
1.714409
1.557032
2.042558
2.749082
2.082740
2.035861
1.918665
1.901923
1.366170
1.218838
0.803630
3.318320
1.999028
2.273602
0.000000
0.000000
0.000000
0.000000
0.000000
0.000000
0.000000
0.000000
0.000000
0.000000
0.000000
0.000000
0.000000
0.000000
0.000000
0.000000
0.000000
0.000000
0.000000
0.000000
0.000000
0.000000
0.000000
0.000000
0.000000
0.000000
0.000000
0.000000
0.000000
0.000000
0.000000
0.000000
0.000000
0.000000
0.000000
0.000000
0.000000
0.000000
0.000000
0.000000
0.000000
0.000000
0.000000
0.000000
0.000000
0.000000
0.000000
0.000000
0.000000
0.000000
0.000000
0.000000
0.000000
0.000000
0.000000
0.000000
0.000000
0.000000
0.000000
0.000000
0.000000
0.000000
0.000000
0.000000
0.000000
0.000000
0.000000
0.000000
0.000000
0.000000
0.000000
0.000000
0.000000
0.000000
0.000000
0.000000
0.000000
0.000000
0.000000
0.000000
0.000000
0.000000
0.000000
0.000000
0.000000
0.000000
0.000000
0.000000
0.000000
0.000000
0.000000
0.000000
0.000000
0.000000
0.000000
0.000000
0.000000
0.000000
0.000000
0.000000
0.000000
0.000000
0.000000
0.000000
0.000000
0.000000
0.000000
0.000000
0.000000
0.000000
0.000000
0.000000
0.000000
0.000000
0.000000
0.000000
0.000000
0.000000
0.000000
0.000000
0.000000
0.000000
0.000000
0.000000
0.000000
0.000000
0.000000
0.000000
0.000000
0.000000
0.000000
0.000000
0.000000
0.000000
0.000000
0.000000
0.000000
0.000000
0.000000
0.000000
0.000000
0.000000
0.000000
0.000000
0.000000
0.000000
0.000000
0.000000
0.000000
0.000000
0.000000
0.000000
0.000000
0.000000
0.000000
0.000000
0.000000
0.000000
0.000000
0.000000
0.000000
0.000000
0.000000
0.000000
0.000000
0.000000
0.000000
0.000000
0.000000
0.000000
0.000000
0.000000
0.000000
0.000000
0.000000
0.000000
0.000000
0.000000
0.000000
0.000000
0.000000
0.000000
0.000000
0.000000
0.000000
0.000000
0.000000
0.000000
0.000000
0.000000
0.000000
0.000000
0.000000
0.000000
0.000000
0.000000
0.000000
0.000000
0.000000
0.000000
0.000000
0.000000
0.000000
0.000000
0.000000
0.000000
0.000000
0.000000
0.000000
0.000000
0.000000
0.000000
0.000000
0.000000
0.000000
0.000000
0.000000
0.000000
0.000000
0.000000
0.000000
0.000000
0.000000
0.000000
0.000000
0.000000
0.000000
0.000000
0.000000
0.000000
0.000000
0.000000
0.000000
0.000000
0.000000
0.000000
0.000000
0.000000
0.000000
0.000000
0.000000
0.000000
0.000000
0.000000
0.000000
0.000000
0.000000
0.000000
0.000000
0.000000
0.000000
0.000000
0.000000
0.000000
0.000000
0.000000
0.000000
0.000000
0.000000
0.000000
0.000000
0.000000
0.000000
0.000000
0.000000
0.000000
0.000000
0.000000
0.000000
0.000000
0.000000
0.000000
0.000000
0.000000
0.000000
0.000000
0.000000
0.000000
0.000000
0.000000
0.000000
0.000000
0.000000
0.000000
0.000000
0.000000
0.000000
0.000000
0.000000
0.000000
0.000000
0.000000
0.000000
0.000000
0.000000
0.000000
0.000000
0.000000
0.000000
0.000000
0.000000
0.000000
0.000000
0.000000
0.000000
0.000000
0.000000
0.000000
0.000000
0.000000
0.000000
0.000000
0.000000
0.000000
0.000000
0.000000
0.000000
0.000000
0.000000
0.000000
0.000000
0.000000
0.000000
0.000000
0.000000
0.000000
0.000000
0.000000
0.000000
0.000000
0.000000
0.000000
0.000000
0.000000
0.000000
0.000000
0.000000
0.000000
0.000000
0.000000
0.000000
0.000000
0.000000
0.000000
0.000000
0.000000
0.000000
0.000000
0.000000
0.000000
0.000000
0.000000
0.000000
0.000000
0.000000
0.000000
0.000000
0.000000
0.000000
0.000000
0.000000
0.000000
0.000000
0.000000
0.000000
0.000000
0.000000
0.000000
0.000000
0.000000
0.000000
0.000000
0.000000
0.000000
0.000000
0.000000
0.000000
0.000000
0.000000
0.000000
0.000000
0.000000
0.000000
0.000000
0.000000
0.000000
0.000000
0.000000
0.000000
0.000000
0.000000
0.000000
0.000000
0.000000
0.000000
0.000000
0.000000
0.000000
0.000000
0.000000
0.000000
0.000000
0.000000
0.000000
0.000000
0.000000
0.000000
0.000000
0.000000
0.000000
0.000000
0.000000
0.000000
0.000000
0.000000
0.000000
0.000000
0.000000
0.000000
0.000000
0.000000
0.000000
0.000000
0.000000
0.000000
0.000000
0.000000
0.000000
0.000000
0.000000
0.000000
0.000000
0.000000
0.000000
0.000000
0.000000
0.000000
0.000000
0.000000
0.000000
0.000000
0.000000
0.000000
0.000000
0.000000
0.000000
0.000000
0.000000
0.000000
0.000000
0.000000
0.000000
0.000000
0.000000
0.000000
0.000000
0.000000
0.000000
0.000000
0.000000
0.000000
0.000000
0.000000
0.000000
0.000000
0.000000
0.000000
0.000000
0.000000
0.000000
0.000000
0.000000
0.000000
0.000000
0.000000
0.000000
0.000000
0.000000
0.000000
0.000000
0.000000
0.000000
0.000000
0.000000
0.000000
0.000000
0.000000
0.000000
0.000000
0.000000
0.000000
0.000000
0.000000
0.000000
0.000000
0.000000
0.000000
0.000000
0.000000
0.000000
0.000000
0.000000
0.000000
0.000000
0.000000
0.000000
0.000000
0.000000
0.000000
0.000000
0.000000
0.000000
0.000000
0.000000
0.000000
0.000000
0.000000
0.000000
0.000000
0.000000
0.000000
0.000000
0.000000
0.000000
0.000000
0.000000
0.000000
0.000000
0.000000
0.000000
0.000000
0.000000
0.000000
0.000000
0.000000
0.000000
0.000000
0.000000
0.000000
0.000000
0.000000
0.000000
0.000000
0.000000
0.000000
0.000000
0.000000
0.000000
0.000000
0.000000
0.000000
0.000000
0.000000
0.000000
0.000000
0.000000
0.000000
0.000000
0.000000
0.000000
0.000000
0.000000
0.000000
0.000000
0.000000
0.000000
0.000000
0.000000
0.000000
0.000000
0.000000
0.000000
0.000000
0.000000
0.000000
0.000000
0.000000
0.000000
0.000000
0.000000
0.000000
0.000000
0.000000
0.000000
0.000000
0.000000
0.000000
0.000000
0.000000
0.000000
0.000000
0.000000
0.000000
0.000000
0.000000
0.000000
0.000000
0.000000
0.000000
0.000000
0.000000
0.000000
0.000000
0.000000
0.000000
0.000000
0.000000
0.000000
0.000000
0.000000
0.000000
0.000000
0.000000
0.000000
0.000000
0.000000
0.000000
0.000000
0.000000
0.000000
0.000000
0.000000
0.000000
0.000000
0.000000
0.000000
0.000000
0.000000
0.000000
0.000000
0.000000
0.000000
0.000000
0.000000
0.000000
0.000000
0.000000
0.000000
0.000000
0.000000
0.000000
0.000000
0.000000
0.000000
0.000000
0.000000
0.000000
0.000000
0.000000
0.000000
0.000000
0.000000
0.000000
0.000000
0.000000
0.000000
0.000000
0.000000
0.000000
0.000000
0.000000
0.000000
0.000000
0.000000
0.000000
0.000000
0.000000
0.000000
0.000000
0.000000
0.000000
0.000000
0.000000
0.000000
0.000000
0.000000
0.000000
0.000000
0.000000
0.000000
0.000000
0.000000
0.000000
0.000000
0.000000
0.000000
0.000000
0.000000
0.000000
0.000000
0.000000
0.000000
0.000000
0.000000
0.000000
0.000000
0.000000
0.000000
0.000000
0.000000
0.000000
0.000000
0.000000
0.000000
0.000000
0.000000
0.000000
0.000000
0.000000
0.000000
0.000000
0.000000
0.000000
0.000000
0.000000
0.000000
0.000000
0.000000
0.000000
0.000000
0.000000
0.000000
0.000000
0.000000
0.000000
0.000000
0.000000
0.000000
0.000000
0.000000
0.000000
0.000000
0.000000
0.000000
0.000000
0.000000
0.000000
0.000000
0.000000
0.000000
0.000000
0.000000
0.000000
0.000000
0.000000
0.000000
0.000000
0.000000
0.000000
0.000000
0.000000
0.000000
0.000000
0.000000
0.000000
0.000000
0.000000
0.000000
0.000000
0.000000
0.000000
0.000000
0.000000
0.000000
0.000000
0.000000
0.000000
0.000000
0.000000
0.000000
0.000000
0.000000
0.000000
0.000000
0.000000
0.000000
0.000000
0.000000
0.000000
0.000000
0.000000
0.000000
0.000000
0.000000
0.000000
0.000000
0.000000
0.000000
0.000000
0.000000
0.000000
0.000000
0.000000
0.000000
0.000000
0.000000
0.000000
0.000000
0.000000
0.000000
0.000000
0.000000
0.000000
0.000000
0.000000
0.000000
0.000000
0.000000
0.000000
0.000000
0.000000
0.000000
0.000000
0.000000
0.000000
0.000000
0.000000
0.000000
0.000000
0.000000
0.000000
0.000000
0.000000
0.000000
0.000000
0.000000
0.000000
0.000000
0.000000
0.000000
0.000000
0.000000
0.000000
0.000000
0.000000
0.000000
0.000000
0.000000
0.000000
0.000000
0.000000
0.000000
0.000000
0.000000
0.000000
0.000000
0.000000
0.000000
0.000000
0.000000
0.000000
0.000000
0.000000
0.000000
0.000000
0.000000
0.000000
0.000000
0.000000
0.000000
0.000000
0.000000
0.000000
0.000000
0.000000
0.000000
0.000000
0.000000
0.000000
0.000000
0.000000
0.000000
0.000000
0.000000
0.000000
0.000000
0.000000
0.000000
0.000000
0.000000
0.000000
0.000000
0.000000
0.000000
0.000000
0.000000
0.000000
0.000000
0.000000
0.000000
0.000000
0.000000
0.000000
0.000000
0.000000
0.000000
0.000000
0.000000
0.000000
0.000000
0.000000
0.000000
0.000000
0.000000
0.000000
0.000000
0.000000
0.000000
0.000000
0.000000
0.000000
0.000000
0.000000
0.000000
0.000000
0.000000
0.000000
0.000000
0.000000
0.000000
0.000000
0.000000
0.000000
0.000000
0.000000
0.000000
0.000000
0.000000
0.000000
0.000000
0.000000
0.000000
0.000000
0.000000
0.000000
0.000000
0.000000
0.000000
0.000000
0.000000
0.000000
0.000000
0.000000
0.000000
0.000000
0.000000
0.000000
0.000000
0.000000
0.000000
0.000000
0.000000
0.000000
0.000000
0.000000
0.000000
0.000000
0.000000
0.000000
0.000000
0.000000
0.000000
0.000000
0.000000
0.000000
0.000000
0.000000
0.000000
0.000000
0.000000
0.000000
0.000000
0.000000
0.000000
0.000000
0.000000
0.000000
0.000000
0.000000
0.000000
0.000000
0.000000
0.000000
0.000000
0.000000
0.000000
0.000000
0.000000
0.000000
0.000000
0.000000
0.000000
0.000000
0.000000
0.000000
0.000000
0.000000
0.000000
0.000000
0.000000
0.000000
0.000000
0.000000
0.000000
0.000000
0.000000
0.000000
0.000000
0.000000
0.000000
0.000000
0.000000
0.000000
0.000000
0.000000
0.000000
0.000000
0.000000
0.000000
0.000000
0.000000
0.000000
0.000000
0.000000
0.000000
0.000000
0.000000
0.000000
0.000000
0.000000
0.000000
0.000000
0.000000
0.000000
0.000000
0.000000
0.000000
0.000000
0.000000
0.000000
0.000000
0.000000
0.000000
0.000000
0.000000
0.000000
0.000000
0.000000
0.000000
0.000000
0.000000
0.000000
0.000000
0.000000
0.000000
0.000000
0.000000
0.000000
0.000000
0.000000
0.000000
0.000000
0.000000
0.000000
0.000000
0.000000
0.000000
0.000000
0.000000
0.000000
0.000000
0.000000
0.000000
0.000000
0.000000
0.000000
0.000000
0.000000
0.000000
0.000000
0.000000
0.000000
0.000000
0.000000
0.000000
0.000000
0.000000
0.000000
0.000000
0.000000
0.000000
0.000000
0.000000
0.000000
0.000000
0.000000
0.000000
0.000000
0.000000
0.000000
0.000000
0.000000
0.000000
0.000000
0.000000
0.000000
0.000000
0.000000
0.000000
0.000000
0.000000
0.000000
0.000000
0.000000
0.000000
0.000000
0.000000
0.000000
0.000000
0.000000
0.000000
0.000000
0.000000
0.000000
0.000000
0.000000
0.000000
0.000000
0.000000
0.000000
0.000000
0.000000
0.000000
0.000000
0.000000
0.000000
0.000000
0.000000
0.000000
0.000000
0.000000
0.000000
0.000000
0.000000
0.000000
0.000000
0.000000
0.000000
0.000000
0.000000
0.000000
0.000000
0.000000
0.000000
0.000000
0.000000
0.000000
0.000000
0.000000
0.000000
0.000000
0.000000
0.000000
0.000000
0.000000
0.000000
0.000000
0.000000
0.000000
0.000000
0.000000
0.000000
0.000000
0.000000
0.000000
0.000000
0.000000
0.000000
0.000000
0.000000
0.000000
0.000000
0.000000
0.000000
0.000000
0.000000
0.000000
0.000000
0.000000
0.000000
0.000000
0.000000
0.000000
0.000000
0.000000
0.000000
0.000000
0.000000
0.000000
0.000000
0.000000
0.000000
0.000000
0.000000
0.000000
0.000000
0.000000
0.000000
0.000000
0.000000
0.000000
0.000000
0.000000
0.000000
0.000000
0.000000
0.000000
0.000000
0.000000
0.000000
0.000000
0.000000
0.000000
0.000000
0.000000
0.000000
0.000000
0.000000
0.000000
0.000000
0.000000
0.000000
0.000000
0.000000
0.000000
0.000000
0.000000
0.000000
0.000000
0.000000
0.000000
0.000000
0.000000
0.000000
0.000000
0.000000
0.000000
0.000000
0.000000
0.000000
0.000000
0.000000
0.000000
0.000000
0.000000
0.000000
0.000000
0.000000
0.000000
0.000000
0.000000
0.000000
0.000000
0.000000
0.000000
0.000000
0.000000
0.000000
0.000000
0.000000
0.000000
0.000000
0.000000
0.000000
0.000000
0.000000
0.000000
0.000000
0.000000
0.000000
0.000000
0.000000
0.000000
0.000000
0.000000
0.000000
0.000000
0.000000
0.000000
0.000000
0.000000
0.000000
0.000000
0.000000
0.000000
0.000000
0.000000
0.000000
0.000000
0.000000
0.000000
0.000000
0.000000
0.000000
0.000000
0.000000
0.000000
0.000000
0.000000
0.000000
0.000000
0.000000
0.000000
0.000000
0.000000
0.000000
0.000000
0.000000
0.000000
0.000000
0.000000
0.000000
0.000000
0.000000
0.000000
0.000000
0.000000
0.000000
0.000000
0.000000
0.000000
0.000000
0.000000
0.000000
0.000000
0.000000
0.000000
0.000000
0.000000
0.000000
0.000000
0.000000
0.000000
0.000000
0.000000
0.000000
0.000000
0.000000
0.000000
0.000000
0.000000
0.000000
0.000000
0.000000
0.000000
0.000000
0.000000
0.000000
0.000000
0.000000
0.000000
0.000000
0.000000
0.000000
0.000000
0.000000
0.000000
0.000000
0.000000
0.000000
0.000000
0.000000
0.000000
0.000000
0.000000
0.000000
0.000000
0.000000
0.000000
0.000000
0.000000
0.000000
0.000000
0.000000
0.000000
0.000000
0.000000
0.000000
0.000000
0.000000
0.000000
0.000000
0.000000
0.000000
0.000000
0.000000
0.000000
0.000000
0.000000
0.000000
0.000000
0.000000
0.000000
0.000000
0.000000
0.000000
0.000000
0.000000
0.000000
0.000000
0.000000
0.000000
0.000000
0.000000
0.000000
0.000000
0.000000
0.000000
0.000000
0.000000
0.000000
0.000000
0.000000
0.000000
0.000000
0.000000
0.000000
0.000000
0.000000
0.000000
0.000000
0.000000
0.000000
0.000000
0.000000
0.000000
0.000000
0.000000
0.000000
0.000000
0.000000
0.000000
0.000000
0.000000
0.000000
0.000000
0.000000
0.000000
0.000000
0.000000
0.000000
0.000000
0.000000
0.000000
0.000000
0.000000
0.000000
0.000000
0.000000
0.000000
0.000000
0.000000
0.000000
0.000000
0.000000
0.000000
0.000000
0.000000
0.000000
0.000000
0.000000
0.000000
0.000000
0.000000
0.000000
0.000000
0.000000
0.000000
0.000000
0.000000
0.000000
0.000000
0.000000
0.000000
0.000000
0.000000
0.000000
0.000000
0.000000
0.000000
0.000000
0.000000
0.000000
0.000000
0.000000
0.000000
0.000000
0.000000
0.000000
0.000000
0.000000
0.000000
0.000000
0.000000
0.000000
0.000000
0.000000
0.000000
0.000000
0.000000
0.000000
0.000000
0.000000
0.000000
0.000000
0.000000
0.000000
0.000000
0.000000
0.000000
0.000000
0.000000
0.000000
0.000000
0.000000
0.000000
0.000000
0.000000
0.000000
0.000000
0.000000
0.000000
0.000000
0.000000
0.000000
0.000000
0.000000
0.000000
0.000000
0.000000
0.000000
0.000000
0.000000
0.000000
0.000000
0.000000
0.000000
0.000000
0.000000
0.000000
0.000000
0.000000
0.000000
0.000000
0.000000
0.000000
0.000000
0.000000
0.000000
0.000000
0.000000
0.000000
0.000000
0.000000
0.000000
0.000000
0.000000
0.000000
0.000000
0.000000
0.000000
0.000000
0.000000
0.000000
0.000000
0.000000
0.000000
0.000000
0.000000
0.000000
0.000000
0.000000
0.000000
0.000000
0.000000
0.000000
0.000000
0.000000
0.000000
0.000000
0.000000
0.000000
0.000000
0.000000
0.000000
0.000000
0.000000
0.000000
0.000000
0.000000
0.000000
0.000000
0.000000
0.000000
0.000000
0.000000
0.000000
0.000000
0.000000
0.000000
0.000000
0.000000
0.000000
0.000000
0.000000
0.000000
0.000000
0.000000
0.000000
0.000000
0.000000
0.000000
0.000000
0.000000
0.000000
0.000000
0.000000
0.000000
0.000000
0.000000
0.000000
0.000000
0.000000
0.000000
0.000000
0.000000
0.000000
0.000000
0.000000
0.000000
0.000000
0.000000
0.000000
0.000000
0.000000
0.000000
0.000000
0.000000
0.000000
0.000000
0.000000
0.000000
0.000000
0.000000
0.000000
0.000000
0.000000
0.000000
0.000000
0.000000
0.000000
0.000000
0.000000
0.000000
0.000000
0.000000
0.000000
0.000000
0.000000
0.000000
0.000000
0.000000
0.000000
0.000000
0.000000
0.000000
0.000000
0.000000
0.000000
0.000000
0.000000
0.000000
0.000000
0.000000
0.000000
0.000000
0.000000
0.000000
0.000000
0.000000
0.000000
0.000000
0.000000
0.000000
0.000000
0.000000
0.000000
0.000000
0.000000
0.000000
0.000000
0.000000
0.000000
0.000000
0.000000
0.000000
0.000000
0.000000
0.000000
0.000000
0.000000
0.000000
0.000000
0.000000
0.000000
0.000000
0.000000
0.000000
0.000000
0.000000
0.000000
0.000000
0.000000
0.000000
0.000000
0.000000
0.000000
0.000000
0.000000
0.000000
0.000000
0.000000
0.000000
0.000000
0.000000
0.000000
0.000000
0.000000
0.000000
0.000000
0.000000
0.000000
0.000000
0.000000
0.000000
0.000000
0.000000
0.000000
0.000000
0.000000
0.000000
0.000000
0.000000
0.000000
0.000000
0.000000
0.000000
0.000000
0.000000
0.000000
0.000000
0.000000
0.000000
0.000000
0.000000
0.000000
0.000000
0.000000
0.000000
0.000000
0.000000
0.000000
0.000000
0.000000
0.000000
0.000000
0.000000
0.000000
0.000000
0.000000
0.000000
0.000000
0.000000
0.000000
0.000000
0.000000
0.000000
0.000000
0.000000
0.000000
0.000000
0.000000
0.000000
0.000000
0.000000
0.000000
0.000000
0.000000
0.000000
0.000000
0.000000
0.000000
0.000000
0.000000
0.000000
0.000000
0.000000
0.000000
0.000000
0.000000
0.000000
0.000000
0.000000
0.000000
0.000000
0.000000
0.000000
0.000000
0.000000
0.000000
0.000000
0.000000
0.000000
0.000000
0.000000
0.000000
0.000000
0.000000
0.000000
0.000000
0.000000
0.000000
0.000000
0.000000
0.000000
0.000000
0.000000
0.000000
0.000000
0.000000
0.000000
0.000000
0.000000
0.000000
0.000000
0.000000
0.000000
0.000000
0.000000
0.000000
0.000000
0.000000
0.000000
0.000000
0.000000
0.000000
0.000000
0.000000
0.000000
0.000000
