1.697667
1.885181
1.891878
1.687622
1.831606
1.911968
1.791424
1.818212
1.834954
1.704364
1.620653
1.895226
1.744545
1.761288
1.747894
1.855045
1.925362
1.744546
1.811515
1.593865
1.908620
1.697667
1.838302
1.905272
1.891878
1.778030
1.861742
1.717758
1.764636
1.784727
1.818212
1.788076
1.767985
1.908620
1.801469
1.704364
1.784727
1.855045
1.764636
1.952150
1.667531
1.727803
1.808166
1.737849
1.613956
1.972241
1.808166
1.751243
1.858393
1.617304
1.774682
1.952150
1.707713
1.637395
1.841651
1.885181
1.878484
1.620653
1.841651
1.801469
1.891878
1.751243
1.791424
1.824908
1.871787
1.754591
1.724455
1.808166
1.747894
1.640743
1.791424
1.841651
1.848348
1.744545
1.744545
1.925362
1.885181
1.885181
1.861742
1.928711
1.764636
1.834954
1.717758
1.724455
1.784727
1.922014
1.567077
1.597214
1.804818
1.844999
1.781379
1.922014
1.828257
1.875135
1.808166
1.868438
1.801469
1.774682
1.704364
1.727803
1.855045
1.754591
1.781379
1.781379
1.801469
1.657486
1.751243
1.968892
1.573774
1.811515
1.784727
1.831605
1.858393
1.938756
1.794772
1.878484
1.791424
1.831606
1.855045
1.814863
1.821560
1.831606
1.818211
1.978938
1.865090
1.634047
1.838302
1.791424
1.744546
1.905272
1.925362
1.952150
1.637395
1.657486
1.834954
1.908620
1.613956
1.778030
1.838302
1.811515
2.025816
1.821560
1.844999
1.687622
1.781379
1.868438
1.804818
1.747894
1.784727
1.818211
1.781379
1.771333
1.932059
1.918665
1.794772
1.721106
1.593865
1.804818
1.727803
2.055952
1.707713
1.761288
1.811515
1.624001
1.751243
1.851696
1.915317
1.868438
1.778030
1.747894
1.831605
1.791424
1.761288
1.834954
1.781379
1.667531
1.644092
1.721106
1.791424
1.694319
1.781379
1.781379
1.828257
1.798121
1.711061
1.858393
1.848348
1.694319
1.855045
1.905272
1.757939
1.744545
1.778030
1.764636
1.844999
1.647440
1.711061
1.778030
1.821560
1.985634
1.868438
1.898575
1.778030
1.814863
1.610607
1.804818
1.754591
1.754591
1.774682
1.885181
1.697667
1.647440
2.052604
1.778030
1.707713
1.754591
1.804818
1.701016
1.824908
1.741197
1.865090
1.707713
1.647440
1.801469
2.055952
1.851696
1.754591
1.754591
1.898575
1.767985
1.804818
1.721106
1.778030
1.875135
1.767985
1.486714
1.647440
1.674228
1.650789
1.667531
1.600562
1.670880
1.744546
1.724455
1.654137
1.754591
1.788076
1.811515
1.885181
1.744545
1.731152
1.731152
1.697667
1.781379
1.868438
1.781379
1.731152
1.901923
1.875135
1.865090
1.818212
1.945453
1.794772
1.747894
1.922014
1.744545
1.838302
1.788076
1.848348
1.878484
1.868438
1.848348
1.824908
1.717758
1.945453
2.009073
1.848348
1.868438
1.613956
1.895226
1.664183
1.871787
1.667531
1.801469
1.868438
1.808166
1.911968
1.754591
1.865090
1.804818
1.784727
1.701016
1.908620
1.811515
1.804818
1.744545
1.724455
1.767985
1.764636
1.747894
1.855045
1.757940
1.831606
1.928711
1.814863
2.015770
1.704364
1.751243
1.734500
1.684273
1.761288
1.634047
1.821560
1.553684
1.804818
1.660834
1.627350
1.798121
1.834954
1.915317
1.955498
1.871787
1.841651
1.968892
1.757939
1.958847
1.972241
1.928711
1.841651
2.076043
1.798121
1.824908
1.701016
1.778030
1.711061
1.690970
1.751243
1.771333
1.774682
1.657486
1.754591
1.727803
1.844999
1.778030
1.841651
1.814863
1.741197
2.012422
1.801469
1.804818
1.888529
1.737849
1.721106
1.751243
1.831606
1.905272
1.828257
1.650789
1.624001
1.757940
1.701016
1.727803
1.737849
1.814863
2.025816
1.701016
1.838302
1.915317
1.791424
1.771333
1.707713
1.714409
1.721106
1.536941
1.680925
1.794772
1.788076
1.767985
1.905272
1.741197
1.895226
1.674228
1.687622
1.747894
1.808166
1.690970
1.828257
1.664183
1.657486
1.724455
1.811515
1.640743
1.881832
1.737849
1.911968
1.704364
1.844999
1.546987
1.687622
1.687622
1.865090
1.811515
1.851696
1.737849
1.962195
1.834954
1.935408
1.891878
1.905272
1.778030
2.019119
1.901923
2.186542
1.968892
1.881832
1.855045
1.808166
1.821560
1.895226
1.757940
2.096133
1.938756
1.834954
1.724455
1.788076
1.875135
1.734500
1.828257
1.620653
1.764636
1.878484
1.778030
1.824908
1.821560
1.901923
1.814863
1.714409
1.610608
1.808166
1.844999
1.798121
1.757939
1.928711
1.908620
1.791424
1.724455
1.781379
1.734500
1.704364
1.771333
1.714409
1.644092
1.690970
1.637395
1.784727
1.583820
1.570426
1.778030
1.667531
1.962195
1.751243
1.456578
1.784727
1.613956
1.657486
1.834954
1.737849
1.794772
1.801469
1.922014
1.818211
1.828257
1.717758
1.757940
1.935408
1.794772
1.844999
2.022468
2.035861
1.848348
1.824908
1.965544
1.911968
1.982286
1.891878
1.848348
1.915317
1.915317
1.761288
1.965544
1.898575
1.905272
1.771333
1.861742
1.865090
1.925362
1.774682
1.818211
1.928711
1.871787
1.922014
2.132967
2.005725
1.928711
1.781379
1.881832
1.804818
1.774682
1.861742
1.814863
1.771333
1.717758
1.895226
1.701016
1.637395
1.727803
1.724455
1.664183
1.634047
1.644092
1.711061
1.684273
1.774682
2.109527
1.238929
2.055952
1.299201
1.851696
1.362822
1.546987
1.630698
1.600562
1.767985
1.838302
1.985634
1.881832
1.875135
1.868438
1.824908
1.965544
1.965544
1.871787
1.875135
1.844999
1.915317
1.901923
1.844999
1.824908
1.925362
1.834954
1.794772
1.875135
1.660834
1.928711
1.865090
1.844999
1.811515
1.891878
1.828257
1.831605
1.798121
1.771333
1.714409
1.764636
1.798121
1.868438
1.744545
1.788076
1.848348
1.985634
1.801469
1.804818
1.788076
1.811515
1.801469
1.988983
1.834954
1.597213
1.771333
1.747894
1.741197
1.644092
1.701016
1.801469
1.654137
1.831605
1.660834
1.650789
1.891878
2.086088
1.560381
2.042558
1.690970
1.560381
1.433139
1.637395
1.600562
1.764636
1.724455
1.767985
1.858393
1.855045
1.764636
1.875135
1.962195
2.049255
1.955498
1.898575
1.818211
1.855045
1.808166
2.009074
1.824908
1.767985
1.901923
1.861742
1.798121
2.042558
1.875135
1.962195
1.788076
1.861742
1.727803
1.744545
1.844999
1.791424
1.821560
1.814863
1.737849
1.727803
1.757940
1.952150
1.744545
1.654137
2.035861
1.898575
1.868438
1.885181
1.999028
1.808166
1.757939
1.808166
1.808166
1.771333
1.767985
1.697667
1.624001
1.694319
1.724455
1.607259
1.704364
1.647440
1.577123
1.701016
1.744546
1.640743
1.905272
1.737849
1.580471
2.012422
1.764636
1.731152
1.818212
1.818211
1.828257
1.808166
1.838302
1.888529
1.891878
1.868438
2.025816
1.935408
1.908620
1.932059
1.844999
1.828257
1.878484
1.831605
1.932059
1.684273
1.828257
1.848348
1.751243
1.677577
1.918665
1.834954
1.871787
1.942104
1.751243
1.875135
1.764636
1.798121
1.834954
1.801469
1.868438
1.670880
1.764636
1.948802
1.895226
1.881832
1.885181
1.794772
1.831606
1.828257
1.717758
2.055952
1.741197
1.701016
1.764636
1.704364
1.701016
1.694319
1.657486
1.727803
1.747894
1.677577
1.855045
1.824908
2.042558
1.613956
1.687622
1.942104
1.834954
1.426442
1.536941
1.664183
1.617304
1.788076
1.972241
1.801469
1.821560
1.891878
1.855045
1.811515
1.858393
1.932059
1.898575
1.851696
1.868438
1.918665
1.767985
1.895226
1.851696
1.881832
2.019119
1.828257
1.734500
1.868438
1.684273
1.767985
1.881832
1.798121
1.861742
1.834954
1.881832
1.757940
1.637395
1.798121
1.804818
1.811515
1.828257
1.898575
1.734500
1.600562
1.834954
1.814863
1.855045
1.744545
1.831605
1.818212
1.851696
1.764636
1.905272
1.774682
1.781379
1.721106
1.694319
1.891878
1.670880
1.677577
1.707713
1.697667
1.744546
1.570426
1.901923
1.510154
2.002377
1.483366
1.814863
1.543638
1.546987
1.620653
1.724455
1.801469
1.985634
1.901923
1.875135
1.871787
1.965544
1.955498
1.858393
1.918665
1.871787
1.955498
2.112876
1.908620
1.831606
1.767985
1.881832
1.875135
1.744546
1.684273
1.771333
1.788076
1.788076
1.911968
1.761288
1.747894
1.995680
1.670879
1.962195
1.885181
1.932059
1.952150
1.885181
1.630698
1.747894
1.697667
1.841651
1.717758
1.828257
1.754591
1.754591
1.791424
1.915317
1.855045
1.788076
1.858393
1.737849
1.711061
1.784727
1.751243
1.781379
1.533593
1.737849
1.694319
1.667531
1.684273
1.563729
1.667531
1.624001
1.540290
1.714409
1.858393
1.570426
1.737849
1.831606
1.778030
1.767985
1.821560
1.717758
1.958847
1.948802
1.861742
1.895226
2.005725
1.811515
1.928711
1.911968
1.778030
1.855045
1.975589
1.818211
1.871787
2.029164
1.925362
1.587168
1.885181
1.808166
1.925362
1.868438
1.727803
1.905272
1.771333
1.928711
2.009074
1.757940
1.670879
1.781379
1.791424
1.767985
1.741197
1.908620
1.871787
1.767985
1.674228
1.711061
1.778030
1.821560
1.865090
1.814863
1.828257
1.751243
1.804818
1.784727
1.664183
1.754591
1.794772
1.834954
1.784727
1.774682
1.727803
1.737849
1.741197
1.865090
1.851696
1.851696
1.918665
1.955498
1.821560
1.844999
1.855045
1.741197
1.767985
1.824908
1.908620
1.791424
1.831606
1.603910
1.707713
1.711061
1.737849
1.888529
1.895226
1.831606
1.898575
1.791424
1.707713
1.761288
1.824908
1.778030
1.878484
1.771333
1.754591
1.607259
1.657486
1.932059
1.667531
1.918665
1.828257
1.858393
1.741197
1.922014
1.858393
1.684273
1.784727
1.808166
1.901923
1.794772
1.781379
1.878484
1.952150
1.788076
1.878484
1.761288
1.801469
1.838302
1.704364
1.694319
1.771333
1.727803
1.898575
1.761288
1.888529
1.607259
1.761288
1.697667
1.637395
1.680925
1.828257
1.841651
1.751243
1.771333
1.804818
1.848348
1.808166
1.844999
1.707713
1.767985
1.875135
1.771333
1.784727
1.727803
1.717758
1.690970
1.915317
1.741197
1.788076
1.922014
1.828257
