0.344891
0.676388
1.834954
1.550335
1.279110
1.533593
1.764636
1.737849
2.079391
1.798121
1.985634
1.871787
1.848348
1.794772
1.878484
1.855045
1.764636
1.908620
1.747894
1.978938
1.664183
1.794772
1.888529
1.952150
1.965544
1.911968
1.754591
1.778030
1.717758
1.932059
1.821560
1.567077
1.885181
1.690970
1.734500
1.590517
1.577123
1.972241
1.737849
1.781379
1.831606
1.721106
1.968892
1.754591
1.838302
1.848348
1.908620
1.704364
1.684273
1.962195
1.861742
1.834954
1.667531
2.055952
1.784727
1.771333
1.610607
1.858393
1.932059
1.881832
1.570426
2.042558
1.654137
1.644092
1.848348
1.767985
1.834954
1.788076
1.674228
1.968892
1.764636
1.948802
1.707713
1.473321
1.818211
1.871787
1.838302
1.593865
1.721106
1.808166
1.911968
1.690970
1.784727
1.744546
1.915317
1.808166
1.721106
1.865090
1.881832
1.811515
1.808166
1.821560
1.898575
1.895226
1.918665
1.684273
1.982286
1.704364
1.784727
1.938756
2.039210
1.647440
1.734500
1.962195
1.895226
1.838302
1.885181
1.841651
1.697667
1.808166
1.644092
1.774682
1.613956
1.814863
1.932059
1.935408
1.814863
1.764636
1.995680
1.915317
1.637395
1.851696
1.727803
1.503457
1.838302
1.754591
1.901923
1.898575
1.778030
1.905272
1.747894
1.841651
1.767985
1.767985
1.778030
1.781379
1.754591
1.985634
1.737849
1.861742
2.019119
1.925362
1.590517
1.711061
1.603910
1.704364
1.858393
1.995680
1.741197
1.851696
1.567077
1.664183
1.677577
1.982286
1.988983
1.878484
1.975589
1.674228
1.674228
1.664183
1.644092
1.895226
1.754591
2.029165
1.868438
1.935408
1.834954
2.062649
1.855045
1.680925
1.855045
1.804818
1.747894
1.516851
1.674228
1.737849
1.741197
1.834954
1.546987
1.865090
1.911968
1.684273
1.818212
1.774682
2.062649
1.781379
1.640743
1.741197
1.908620
1.617304
1.774682
1.848348
1.624001
1.570426
1.751243
1.637395
1.721106
1.674228
1.982286
1.838302
1.530244
1.774682
1.667531
1.818211
1.751243
1.851696
1.711061
1.567077
1.901923
1.620653
1.593865
1.878484
1.824908
1.664183
1.881832
1.727803
1.751243
1.898575
1.794772
1.717758
1.858393
1.684273
1.814863
1.778030
1.754591
1.784727
1.687622
1.788076
1.764636
1.570426
1.798121
1.774682
1.624001
1.918665
1.617304
1.590517
1.821560
1.891878
1.875135
1.701016
1.838302
1.928711
1.657486
1.667531
1.734500
1.871787
1.721106
1.908620
1.885181
1.607259
1.925362
1.684273
1.687622
1.831605
1.771333
1.848348
1.942104
1.881832
1.670879
1.660834
1.533593
1.717758
1.834954
1.958847
1.747894
1.767985
1.711061
1.962195
1.818211
1.858393
2.012422
1.670880
1.814863
1.811515
1.804818
1.761288
1.654137
1.721106
1.767985
1.677577
1.731152
1.784727
1.821560
1.751243
1.734500
1.660834
1.600562
1.637395
1.714409
2.106179
1.490063
1.958847
1.962195
1.533593
1.627350
1.741197
1.858393
1.774682
1.982286
1.901923
1.841651
2.129618
1.999028
1.898575
1.855045
1.801469
1.761288
1.855045
1.885181
1.674228
1.721106
1.798121
1.727803
1.992331
1.714409
1.935408
1.798121
1.714409
1.982286
1.848348
1.834954
1.814863
1.664183
1.694319
1.898575
1.771333
1.818212
1.737849
1.774682
1.828257
1.694319
1.858393
1.855045
1.938756
1.711061
1.875135
1.855045
1.804818
1.918665
1.784727
1.878484
1.818211
1.891878
1.747894
1.824908
1.717758
1.707713
1.824908
1.731152
1.757940
1.741197
1.597213
1.788076
1.841651
1.600562
1.764636
1.875135
1.922014
1.717758
1.891878
1.935408
1.798121
2.132967
1.767985
1.737849
1.778030
1.704364
1.737849
1.942104
1.875135
1.808166
1.881832
1.838302
1.962195
1.714409
1.664183
1.851696
1.784727
1.851696
1.875135
1.701016
1.764636
1.875135
1.875135
1.885181
1.808166
1.851696
1.911968
1.901923
1.620653
1.751243
1.798121
1.841651
1.814863
1.824908
1.935408
1.794772
1.784727
1.670879
1.814863
1.737849
1.905272
1.851696
1.848348
1.888529
1.911968
1.821560
1.707713
1.644092
1.784727
1.858393
1.801469
1.791424
1.701016
2.035861
1.767985
1.741197
1.922014
1.607259
1.895226
1.721106
1.660834
1.757940
1.848348
1.761288
1.932059
1.583820
1.804818
1.841651
1.647440
1.754591
1.784727
1.868438
1.747894
1.620653
1.771333
1.908620
1.878484
1.687622
1.958847
1.808166
1.781379
1.955498
1.731152
1.774682
1.865090
1.711061
1.868438
1.701016
1.821560
1.677577
1.831606
1.878484
1.744546
1.905272
1.761288
1.818211
1.751243
1.865090
1.761288
1.808166
1.821560
1.858393
1.838302
1.734500
1.744545
1.844999
1.660834
1.660834
1.624001
1.911968
1.694319
1.657486
1.727803
1.784727
2.032513
1.714409
1.670879
1.922014
1.767985
1.995680
1.982286
1.905271
1.744545
1.717758
1.754591
1.895226
1.868438
1.781379
1.848348
1.851696
1.831605
1.784727
1.781379
1.841651
1.747894
1.664183
1.848348
1.868438
1.855045
1.798121
1.811515
1.821560
1.895226
1.881832
1.714409
1.995680
2.102831
1.808166
2.009073
1.942104
1.818212
1.841651
1.781379
1.697667
1.901923
1.942104
1.841651
1.644092
1.928711
1.824908
1.677577
1.791424
1.724455
1.741197
1.731152
1.721106
2.045907
1.911968
1.915317
1.644092
1.814863
1.938756
1.865090
1.932059
1.751243
1.828257
1.784727
1.717758
1.942104
1.851696
1.828257
1.871787
1.858393
1.791424
1.778030
1.891878
1.828257
2.022468
1.798121
1.901923
1.784727
1.727803
1.778030
1.878484
1.573774
1.771333
1.627350
1.982286
1.838302
1.838302
1.754591
1.942104
1.945453
1.804818
1.657486
2.002377
1.731152
1.620653
1.935408
1.885181
1.875135
1.834954
1.844999
1.767985
1.932059
1.704364
1.754591
1.818212
1.808166
1.674228
1.808166
1.694319
1.741197
1.868438
1.801469
1.687622
2.009074
1.798121
1.754591
1.898575
2.022468
1.855045
1.784727
1.667531
1.834954
1.865090
1.536942
1.707713
1.801469
1.841651
1.771333
1.858393
1.757940
1.818211
1.831606
1.767985
1.761288
1.848348
1.704364
2.002377
1.968892
1.828257
1.667531
1.804818
1.784727
1.741197
1.982286
1.811515
1.928711
1.828257
1.774682
1.737849
1.841651
1.694319
1.932059
1.610607
1.811515
1.841651
1.701016
1.945453
1.814863
1.771333
1.861742
1.811515
1.848348
1.888529
1.804818
1.985634
1.771333
1.808166
1.905272
1.861742
1.707713
1.831606
1.717758
1.734500
1.741197
1.617304
1.721106
1.891878
1.727803
1.814863
1.848348
1.767985
1.794772
1.824908
1.821560
1.798121
1.888529
1.667531
1.781379
1.958847
1.737849
1.794772
1.834954
1.757940
1.868438
1.774682
1.781379
1.757939
1.811515
1.878484
1.855045
1.915317
1.938756
1.664183
2.022468
1.808166
1.875135
1.757939
1.737849
1.794772
1.794772
1.657486
1.901923
1.925362
1.861742
1.828257
1.684273
1.767985
1.801469
1.734500
1.821560
1.888529
1.747894
1.711061
1.761288
1.811515
1.767985
1.834954
1.670879
1.895226
1.764636
1.657486
1.798121
1.915317
1.771333
1.694319
1.684273
1.885181
1.587168
1.741197
1.911968
1.965544
1.737849
1.895226
1.734500
1.751243
1.761288
1.851696
1.764636
1.634047
2.089437
1.654137
1.834954
1.831606
1.925362
1.838302
1.791424
1.898575
1.784727
2.015770
1.647440
1.968892
1.808166
1.844999
1.801469
1.824908
1.724455
1.791424
1.530244
1.935408
1.727803
1.771333
1.774682
1.664183
1.838302
1.563729
1.607259
2.012422
1.818212
1.824908
1.727803
1.654137
1.982286
2.005725
1.922014
1.952150
1.697667
1.828257
1.804818
1.778030
1.844999
1.757940
1.958847
1.734500
1.694319
1.999028
1.714409
1.744545
1.992331
1.881832
1.965544
1.590517
1.804818
1.824908
1.885181
1.915317
1.875135
1.848348
1.747894
1.784727
1.972241
1.824908
1.885181
1.808166
1.928711
1.831606
1.838302
1.881832
1.600562
1.798121
1.844999
1.804818
1.600562
1.764636
1.888529
1.714409
1.754591
1.891878
1.794772
1.925362
1.757939
1.861742
1.834954
1.908620
1.697667
1.804818
1.687622
1.898575
1.724455
1.868438
1.928711
1.928711
1.603910
1.938756
1.831605
1.811515
1.717758
1.744546
1.714409
1.761288
1.788076
1.654137
1.811515
1.707713
1.888529
1.690970
1.704364
1.841651
1.932059
1.627350
1.754591
1.885181
1.814863
1.667531
1.590517
1.962195
1.711061
1.754591
1.791424
2.029164
1.905272
1.791424
1.637395
1.771333
1.617304
1.731152
1.781379
1.767985
1.995680
1.942104
1.905272
1.821560
1.831606
1.918665
1.737849
1.844999
1.865090
1.754591
1.741197
1.667531
1.788076
1.734500
1.687622
1.737849
1.784727
1.788076
1.798121
1.791424
1.895226
1.694319
1.439836
1.781379
1.781379
1.831605
1.965544
1.841651
1.680925
1.834954
1.838302
1.975589
1.640743
1.828257
1.865090
1.721106
1.922014
1.570426
1.717758
1.811515
1.922014
1.754591
1.737849
1.808166
1.540290
1.674228
1.824908
1.801469
1.781379
1.831606
1.781379
1.858393
1.908620
1.858393
1.694319
1.885181
1.925362
1.831606
1.865090
1.861742
1.861742
1.791424
1.798121
1.962195
1.838302
1.788076
1.855045
1.690970
1.754591
1.794772
1.794772
1.801469
1.684273
1.935408
1.727803
1.784727
1.757939
1.925362
1.778030
1.814863
1.690970
1.938756
1.878484
1.764636
1.737849
1.848348
1.915317
1.714409
1.831606
1.737849
1.771333
1.697667
1.798121
1.828257
1.694319
1.637395
1.794772
1.791424
1.684273
1.761288
1.828257
1.999028
1.905272
1.851696
1.687622
1.982286
1.757940
1.928711
1.784727
1.834954
1.761288
1.654137
1.734500
1.841651
1.868438
1.741197
1.778030
1.724455
1.724455
1.891878
1.911968
1.680925
1.808166
1.583820
1.704364
1.865090
1.778030
1.771333
1.751243
1.922014
1.888529
1.818211
1.888529
1.784727
1.978938
1.781379
1.848348
1.670879
1.818212
1.881832
1.855045
1.744545
1.684273
1.828257
1.804818
1.717758
2.045907
1.871787
1.774682
1.791424
1.680925
1.928711
1.861742
1.821560
1.988983
1.680925
1.915317
1.600562
1.694319
1.767985
1.694319
1.788076
1.721106
1.624001
1.875135
1.838302
1.761288
1.637395
1.747894
2.019119
1.861742
1.664183
1.751243
1.804818
1.791424
1.794772
2.029164
1.771333
1.767985
1.747894
1.851696
1.654137
1.891878
1.724455
1.838302
1.731152
1.848348
1.784727
1.684273
1.704364
1.443185
1.654137
1.680925
1.684273
2.665371
1.483366
1.654137
1.848348
1.459927
1.630698
1.767985
1.751243
1.771333
1.751243
1.975589
1.694319
2.005725
1.975589
1.814863
2.156406
1.918665
1.925362
1.834954
1.550335
1.841651
1.838302
1.734500
1.871787
1.640743
1.764636
1.814863
1.975589
1.831606
1.814863
1.848348
1.754591
1.828257
1.844999
1.767985
1.791424
1.771333
1.834954
1.811515
1.714409
1.834954
1.808166
1.697667
1.620653
1.717758
1.901923
1.834954
1.751243
1.751243
1.898575
1.881832
1.851696
1.965544
2.055952
1.968892
1.687622
1.965544
1.865090
1.895226
1.968892
1.855045
1.999028
1.834954
1.824908
1.868438
1.838302
1.798121
1.751243
1.901923
1.855045
1.804818
1.851696
1.968892
1.674228
1.737849
2.035861
1.774682
2.005725
1.757940
1.727803
1.888529
1.821560
1.878484
1.603910
1.761288
1.958847
1.945453
1.553684
1.888529
1.697667
1.898575
1.891878
1.958847
1.811515
1.811515
1.855045
1.644092
1.788076
1.928711
1.855045
1.891878
1.757940
1.761288
1.824908
1.985634
1.751243
1.788076
1.781379
1.985634
1.778030
1.824908
1.831605
1.925362
1.704364
1.701016
1.784727
1.731152
1.791424
1.764636
1.570426
1.778030
1.707713
1.717758
1.855045
1.650789
1.798121
1.734500
1.781379
1.734500
1.734500
1.771333
1.724455
1.861742
1.811515
1.865090
1.788076
1.798121
1.764636
1.778030
1.801469
1.875135
1.701016
1.844999
1.965544
1.868438
1.731152
1.962195
1.831606
1.506805
1.684273
1.891878
1.844999
1.664183
1.721106
1.690970
1.778030
1.871787
1.851696
1.834954
1.901923
1.925362
1.935408
1.711061
2.086088
1.818212
1.922014
1.597214
1.814863
1.828257
1.707713
1.637395
1.704364
1.660834
1.821560
1.932059
2.005725
1.925362
1.737849
1.935408
1.871787
1.831606
1.771333
1.680925
1.831605
1.844999
1.865090
1.771333
1.844999
1.982286
1.871787
1.670879
1.721106
1.868438
1.727803
1.841651
1.851696
1.834954
1.804818
1.757940
1.885181
1.697667
1.831605
1.824908
1.757940
1.958847
1.607259
1.727803
1.834954
1.828257
1.818212
1.774682
1.737849
2.005725
1.851696
1.831605
1.701016
1.925362
1.717758
1.788076
1.788076
1.717758
1.761288
1.841651
1.784727
1.737849
1.898575
1.855045
1.794772
1.711061
1.911968
1.898575
1.801469
1.694319
1.908620
1.754591
1.888529
1.814863
1.821560
1.664183
1.922014
1.737849
1.751243
1.771333
1.821560
1.747894
1.844999
1.781379
1.788076
1.694319
1.751243
1.868438
1.881832
1.885181
1.881832
1.838302
1.767985
1.881832
1.865090
1.764636
1.774682
1.831606
1.871787
1.701016
1.811515
1.757940
1.928711
1.774682
1.858393
1.844999
1.751243
1.714409
1.848348
1.861742
1.871787
1.875135
1.831606
1.784727
1.757940
1.848348
1.888529
1.938756
1.680925
1.881832
1.801469
1.811515
1.731152
1.814863
1.865090
1.647440
1.707713
1.791424
1.891878
1.888529
1.801469
1.721106
1.814863
1.878484
1.834954
1.771333
1.711061
1.674228
1.942104
1.808166
1.844999
1.798121
1.811515
1.828257
1.901923
1.764636
1.754591
1.757940
1.868438
1.888529
1.824908
1.865090
1.831606
1.834954
1.868438
1.855045
1.828257
1.714409
1.764636
1.821560
1.794772
1.804818
1.791424
1.808166
1.717758
1.848348
1.978938
1.841651
1.881832
1.788076
1.828257
1.838302
1.898575
1.674228
1.905272
1.791424
1.804818
1.660834
1.814863
1.731152
1.627350
1.821560
1.858393
1.898575
1.888529
1.834954
1.865090
1.751243
1.650789
1.778030
1.794772
1.711061
1.808166
1.697667
1.798121
1.647440
1.844999
1.717758
1.888529
1.654137
1.677577
1.771333
1.888529
1.975589
1.821560
1.741197
1.784727
1.908620
1.821560
1.905272
1.898575
1.821560
1.851696
1.737849
2.119573
1.747894
1.694319
1.747894
1.727803
1.814863
1.721106
1.878484
1.828257
1.871787
1.784727
1.757939
1.724455
1.831605
1.727803
1.707713
1.650789
1.650789
1.701016
1.593865
1.543638
1.660834
1.670880
1.714409
1.674228
1.717758
1.721106
1.828257
1.757940
1.831605
1.855045
1.818212
1.865090
1.814863
1.855045
1.855045
1.801469
1.814863
1.814863
1.925362
1.814863
1.727803
1.664183
1.721106
1.711061
1.751243
2.032513
1.503457
1.694319
1.911968
1.590517
1.888529
1.811515
1.881832
1.798121
1.814863
1.878484
1.751243
1.844999
1.841651
1.932059
1.895226
1.724455
1.975589
1.824908
1.865090
1.834954
1.898575
1.754591
2.136315
1.821560
1.905272
1.731152
1.888529
1.895226
1.935408
1.798121
1.985634
1.828257
1.945453
1.751243
1.945453
1.761288
1.801469
1.778030
1.714409
1.620653
1.918665
1.778030
1.814863
2.029164
1.868438
1.848348
1.670879
1.871787
1.660834
1.978938
1.828257
1.747894
1.868438
1.898575
1.694319
1.754591
1.968892
1.731152
1.865090
1.587168
1.794772
1.972241
1.811515
1.814863
1.701016
1.774682
1.828257
1.634047
1.888529
1.861742
1.704364
1.667531
1.731152
1.674228
2.022468
1.844999
1.794772
1.821560
1.764636
1.838302
1.821560
1.818211
1.670879
1.650789
1.774682
1.962195
1.724455
1.640743
1.704364
1.600562
1.751243
1.995680
1.684273
1.794772
1.828257
1.764636
1.767985
1.861742
1.885181
1.778030
1.828257
1.711061
1.972241
1.778030
1.721106
1.774682
1.875135
1.814863
1.891878
1.620653
1.778030
1.721106
1.751243
1.788076
1.861742
1.791424
1.811515
1.851696
1.794772
1.808166
1.744546
1.794772
1.834954
1.778030
1.814863
1.617304
1.711061
1.624001
1.624001
1.761288
1.747894
0.636207
1.543638
1.617304
2.129618
1.543638
1.784727
1.751243
1.737849
1.978938
1.687622
1.858393
1.610607
1.707713
1.741197
1.875135
1.958847
1.721106
1.640743
1.640743
1.711061
1.747894
1.844999
1.657486
1.630698
2.330525
1.392958
2.126270
2.189890
1.356125
2.112876
1.550335
1.885181
1.878484
1.613956
2.049255
1.600562
1.295853
1.804818
1.751243
1.841651
1.747894
1.717758
1.875135
1.744546
1.791424
1.603910
1.717758
2.102830
1.372867
0.927522
1.463275
2.092785
1.838302
1.406351
2.179845
1.563729
1.530244
2.076043
1.603910
1.878484
1.600562
1.721106
2.109527
1.680925
1.915317
1.821560
1.895226
2.116224
1.590517
1.932059
2.189890
1.781379
1.948802
1.510154
2.089437
1.580471
1.583820
1.674228
1.727803
1.794772
1.915317
1.898575
1.992331
2.035861
2.086088
1.834954
2.015771
1.858393
2.009073
1.841651
1.905271
1.965544
1.978938
2.015770
1.834954
1.778030
1.811515
1.844999
1.915317
1.804818
1.901923
1.935408
2.045907
1.999028
1.865090
2.042558
1.915317
1.975589
1.798121
1.948802
1.838302
1.657486
2.092785
2.102830
1.898575
1.744545
1.901923
2.009073
1.794772
1.808166
2.072694
1.885181
1.922014
1.610607
1.670880
1.690970
1.754591
1.603910
1.858393
1.694319
1.811515
1.737849
1.764636
1.918665
1.637395
2.022468
1.851696
1.741197
1.784727
1.831605
1.714409
1.627350
1.707713
1.747894
1.644092
1.724455
1.908620
1.844999
1.861742
1.707713
1.707713
1.774682
1.791424
1.901923
1.613956
1.898575
1.858393
1.828257
1.757939
1.711061
1.778030
1.731152
1.942104
1.834954
1.798121
1.821560
1.794772
1.607259
1.855045
1.955498
1.624001
1.798121
1.741197
1.798121
1.721106
1.801469
1.838302
1.667531
1.774682
1.617304
1.617304
1.831606
1.644092
1.868438
1.644092
1.888529
1.761288
1.701016
1.754591
1.784727
1.717758
1.888529
1.978938
1.891878
1.898575
1.885181
1.674228
1.935408
1.891878
1.824908
1.731152
2.015770
1.888529
1.694319
1.590517
1.995680
1.794772
1.818212
1.891878
1.801469
1.818211
1.737849
1.697667
1.788076
1.734500
1.804818
1.741197
1.798121
1.868438
1.888529
1.808166
1.868438
1.771333
1.734500
1.563729
1.717758
1.844999
1.670879
1.801469
1.814863
1.714409
1.855045
1.767985
1.737849
1.841651
1.798121
1.861742
1.801469
1.808166
1.811515
1.818212
1.811515
1.821560
1.694319
2.042558
1.637395
1.831605
1.908620
1.577123
1.975589
1.617304
1.798121
1.751243
1.687622
1.938756
1.637395
1.751243
1.737849
1.784727
1.711061
1.784727
1.788076
1.794772
1.774682
1.895226
1.868438
1.918665
1.831606
1.855045
1.794772
1.834954
1.778030
1.731152
1.841651
1.818212
1.858393
1.851696
1.922014
1.938756
1.754591
1.791424
1.741197
1.620653
1.747894
1.624001
1.858393
1.684273
1.834954
1.650789
1.798121
1.791424
1.734500
1.694319
1.865090
1.895226
1.848348
1.778030
1.724455
1.741197
1.855045
1.764636
1.680925
1.808166
1.821560
1.761288
1.677577
1.764636
1.855045
2.029164
1.925362
1.858393
1.674228
1.747894
1.764636
1.861742
1.965544
1.697667
1.824908
1.684273
1.978938
1.878484
1.811515
1.781379
1.804818
1.781379
1.711061
1.794772
1.818212
1.881832
1.714409
1.808166
1.764636
1.724455
1.711061
1.721106
1.674228
1.707713
1.727803
1.657486
2.005725
1.684273
2.045907
1.021279
1.741197
1.580471
1.577123
1.657486
1.697667
1.754591
1.978938
1.788076
1.794772
1.891878
1.865090
2.025816
2.143012
1.881832
1.858393
1.978938
1.848348
1.985634
1.406352
1.851696
1.804818
1.985634
1.824908
1.898575
1.972241
1.670879
1.942104
1.824908
1.878484
2.122921
1.968892
1.824908
1.727803
1.844999
1.905272
1.814863
1.794772
1.734500
1.798121
1.767985
1.778030
1.871787
2.065997
1.865090
1.781379
1.794772
1.808166
1.727803
1.751243
1.711061
1.784727
1.771333
1.741197
1.680925
1.734500
1.878484
1.885181
1.731152
1.570426
1.627350
1.717758
1.891878
1.503457
1.724455
1.550335
1.690970
1.677577
1.868438
2.012422
1.747894
1.885181
1.834954
1.848348
1.808166
1.881832
1.965544
1.922014
1.888529
1.978938
1.948802
1.955498
1.885181
1.694319
1.838302
1.848348
1.697667
1.734500
2.025816
1.747894
1.945453
1.891878
1.942104
1.788076
1.721106
1.861742
1.834954
1.885181
1.891878
1.774682
1.818212
1.935408
1.694319
1.911968
1.995680
1.932059
1.834954
1.801469
1.791424
1.851696
1.861742
1.844999
1.767985
1.818212
1.767985
1.794772
1.761288
1.741197
1.707712
1.680925
1.757939
1.657486
1.654137
1.607259
1.801469
1.744546
1.871787
1.704364
1.995680
1.540290
1.670880
1.734500
1.878484
1.901923
1.848348
1.871787
1.804818
1.935408
1.821560
1.717758
1.955498
1.875135
1.922014
1.834954
1.711061
2.002377
1.737849
1.848348
1.834954
2.035861
1.841651
1.654137
1.881832
1.818212
1.801469
1.784727
1.808166
1.757940
1.968892
1.841651
1.714409
2.009074
1.771333
1.932059
1.804818
1.875135
2.032513
1.972241
1.841651
1.711061
1.811515
1.644092
1.851696
1.848348
1.868438
1.868438
1.794772
1.737849
1.841651
1.764636
1.704364
1.674228
1.747894
1.737849
1.617304
1.687622
1.690970
1.741197
1.701016
1.741197
1.771333
1.794772
1.476669
1.677577
1.828257
1.908620
1.885181
1.801469
1.895226
1.824908
1.741197
1.925362
1.955498
1.831605
1.794772
1.721106
1.925362
1.945453
1.757939
1.727803
1.848348
1.811515
1.761288
2.022468
1.898575
1.858393
1.955498
1.922014
1.597213
1.868438
1.727803
1.637395
1.834954
1.831605
1.891878
1.798121
1.784727
1.911968
1.878484
1.841651
1.767985
1.871787
1.831606
1.684273
1.771333
1.724455
1.891878
1.734500
1.754591
1.841651
1.938756
1.771333
1.727803
1.741197
1.711061
1.861742
1.757939
1.714409
1.714409
1.737849
1.546987
1.834954
1.734500
2.250162
1.667531
1.841651
1.493411
1.717758
1.798121
1.838302
1.841651
1.871787
1.945453
1.865090
1.935408
1.804818
1.774682
1.985634
1.958847
1.704364
1.767985
1.680925
1.938756
1.781379
1.985634
1.781379
1.781379
1.767985
1.774682
1.721106
1.865090
1.694319
1.828257
1.861742
1.878484
1.881832
1.895226
1.895226
1.965544
1.821560
1.911968
1.774682
1.855045
1.928711
1.627350
1.781379
1.844999
1.751243
2.059300
1.828257
1.844999
1.794772
1.898575
1.841651
1.858393
1.811515
1.808166
1.824908
1.731152
1.701016
1.848348
1.808166
1.526896
1.707713
1.798121
1.597213
1.617304
2.042558
1.523548
1.342731
1.540290
1.781379
1.634047
1.875135
1.744546
1.932059
2.129618
1.908620
1.731152
1.811515
1.972241
1.855045
2.069346
1.808166
2.032513
1.701016
1.898575
1.824908
1.855045
1.841651
1.855045
1.761288
1.891878
1.754591
1.888529
1.948802
1.717758
1.721106
1.784727
1.821560
1.764636
1.784727
1.962195
1.670879
1.734500
1.968892
1.778030
1.724455
1.798121
1.972241
1.995680
1.895226
1.875135
1.764636
1.841651
1.794772
1.831606
1.791424
1.844999
1.824908
1.751243
1.861742
1.650789
1.650789
1.778030
1.660834
1.627350
1.784727
1.714409
1.741197
1.868438
1.634047
2.035861
1.664183
1.851696
1.640743
1.704364
1.747894
1.771333
1.838302
1.952150
1.724455
1.901923
1.741197
1.922014
1.885181
1.978938
2.166451
1.794772
1.767985
1.908620
2.005725
1.875135
1.865090
1.841651
1.858393
1.711061
1.831606
1.885181
1.828257
1.767985
1.781379
1.674228
1.774682
1.711061
1.948802
1.834954
1.855045
1.714409
1.875135
1.761288
1.821560
1.965544
1.711061
1.831606
1.664183
1.908620
1.838302
1.851696
1.844999
1.791424
1.818212
1.875135
1.590517
1.741197
1.861742
1.714409
1.721106
1.731152
1.640743
1.674228
1.838302
1.721106
1.804818
1.995680
1.690970
1.958847
1.473321
1.680925
1.761288
1.637395
1.727803
1.761288
1.985634
1.690970
1.888529
1.841651
1.814863
2.119573
1.851696
1.848348
1.988983
1.891878
1.868438
1.928711
1.911968
1.918665
1.838302
1.871787
2.059300
1.757940
1.848348
1.821560
1.778030
1.781379
1.975589
1.788076
1.878484
1.848348
1.965544
1.808166
1.888529
2.002377
1.701016
1.861742
1.861742
1.811515
1.774682
1.942104
1.640743
1.975589
1.794772
1.885181
1.764636
1.757940
1.701016
1.717758
1.804818
1.747894
1.945453
1.711061
1.831605
1.814863
1.801469
1.714409
1.841651
1.717758
1.784727
1.875135
1.821560
1.834954
1.778030
1.707713
1.808166
1.831606
1.707713
1.714409
1.858393
1.841651
1.781379
1.871787
1.955498
1.721106
1.881832
1.838302
1.818211
1.838302
1.888529
1.634047
1.871787
1.791424
1.878484
1.848348
1.687622
1.731152
1.942104
1.801469
2.012422
1.734500
1.791424
1.724455
1.901923
1.898575
1.734500
1.701016
1.754591
1.794772
1.834954
1.624001
1.747894
1.801469
1.831605
1.955498
1.875135
1.737849
1.834954
1.674228
1.838302
1.781379
1.774682
1.811515
1.587168
1.808166
1.851696
1.620653
1.814863
1.901923
1.888529
1.821560
1.734500
1.828257
1.721106
1.871787
1.677577
1.764636
1.861742
1.844999
1.781379
1.610608
1.988983
1.855045
1.848348
1.942104
2.032513
1.844999
1.844999
1.680925
1.861742
1.851696
1.761288
1.711061
1.848348
1.784727
1.560381
1.707713
1.928711
1.861742
1.841651
1.727803
1.938756
1.928711
1.828257
1.881832
1.908620
1.848348
1.958847
1.640743
1.844999
1.841651
1.898575
1.851696
1.878484
1.834954
1.895226
1.774682
1.982286
1.714409
1.784727
1.744546
1.798121
1.988983
1.727803
1.724455
1.660834
1.851696
1.968892
1.778030
1.938756
1.975589
1.798121
1.955498
1.687622
1.868438
1.687622
1.895226
1.744546
1.697667
1.844999
1.925362
1.737849
1.821560
1.808166
1.881832
1.824908
1.731152
1.610608
1.824908
1.784727
1.952150
1.834954
1.570426
1.801469
1.590517
1.938756
1.701016
1.811515
1.988983
1.828257
1.707713
1.784727
1.573774
1.607259
1.848348
1.553684
1.881832
1.721106
1.764636
1.881832
1.804818
1.811515
1.875135
1.593865
1.871787
1.868438
1.667531
1.707713
1.784727
1.801469
1.868438
1.727803
1.958847
1.814863
1.895226
1.834954
1.791424
1.754591
1.744546
1.878484
1.901923
1.821560
1.741197
1.811515
1.607259
1.767985
1.814863
1.881832
1.801469
1.848348
1.911968
1.774682
1.868438
1.741197
1.747894
1.523547
1.741197
1.667531
1.724455
1.674228
1.855045
1.811515
1.711061
1.935408
1.905271
1.801469
1.975589
1.988983
1.741197
1.928711
1.747894
1.624001
1.999028
1.834954
1.895226
1.757939
1.711061
1.757939
1.764636
1.734500
1.711061
1.798121
1.747894
1.751243
1.841651
1.731152
1.771333
1.684273
1.821560
1.747894
1.905272
1.701016
1.607259
1.814863
2.005725
1.818212
1.774682
1.865090
1.747894
1.747894
2.012422
1.905271
1.784727
1.721106
1.875135
1.707713
1.844999
1.791424
1.731152
1.798121
1.798121
1.774682
1.704364
1.828257
1.881832
1.848348
1.721106
1.855045
1.794772
1.704364
1.697667
1.603910
1.741197
1.965544
1.771333
1.871787
1.788076
1.573774
1.891878
1.804818
1.751243
1.794772
1.875135
1.948802
1.844999
1.714409
1.898575
1.911968
2.025816
1.778030
1.687622
1.737849
1.650789
1.814863
1.858393
1.774682
1.754591
1.774682
1.828257
1.811515
1.754591
1.935408
1.804818
1.640743
1.757939
1.674228
1.724455
1.687622
1.942104
1.911968
1.952150
1.865090
1.955498
1.814863
1.680925
1.821560
1.737849
1.694319
1.767985
1.767985
1.734500
1.865090
1.878484
1.838302
1.680925
1.724455
1.741197
1.731152
1.834954
1.731152
1.747894
1.818211
1.798121
1.888529
1.901923
1.721106
1.891878
2.019119
1.824908
1.667531
1.731152
1.811515
1.928711
1.747894
1.526896
1.697667
1.788076
1.714409
1.767985
1.851696
1.844999
1.808166
0.000000
0.000000
0.000000
0.000000
0.000000
0.000000
0.000000
0.000000
0.000000
0.000000
0.000000
0.000000
0.000000
0.000000
0.000000
0.000000
0.000000
0.000000
0.000000
0.000000
0.000000
0.000000
0.000000
0.000000
0.000000
0.000000
0.000000
0.000000
0.000000
0.000000
0.000000
0.000000
0.000000
0.000000
0.000000
0.000000
0.000000
0.000000
0.000000
0.000000
0.000000
0.000000
0.000000
0.000000
0.000000
0.000000
0.000000
0.000000
0.000000
0.000000
0.000000
0.000000
0.000000
0.000000
0.000000
0.000000
0.000000
0.000000
0.000000
0.000000
0.000000
0.000000
0.000000
0.000000
0.000000
0.000000
0.000000
0.000000
0.000000
0.000000
0.000000
0.000000
0.000000
0.000000
0.000000
0.000000
0.000000
0.000000
0.000000
0.000000
0.000000
0.000000
0.000000
0.000000
0.000000
0.000000
0.000000
0.000000
0.000000
0.000000
0.000000
0.000000
0.000000
0.000000
0.000000
0.000000
0.000000
0.000000
0.000000
0.000000
0.000000
0.000000
0.000000
0.000000
0.000000
0.000000
0.000000
0.000000
0.000000
0.000000
0.000000
0.000000
0.000000
0.000000
0.000000
0.000000
0.000000
0.000000
0.000000
0.000000
0.000000
0.000000
0.000000
0.000000
0.000000
0.000000
0.000000
0.000000
0.000000
0.000000
0.000000
0.000000
0.000000
0.000000
0.000000
0.000000
0.000000
0.000000
0.000000
0.000000
0.000000
0.000000
0.000000
0.000000
0.000000
0.000000
0.000000
0.000000
0.000000
0.000000
0.000000
0.000000
0.000000
0.000000
0.000000
0.000000
0.000000
0.000000
0.000000
0.000000
0.000000
0.000000
0.000000
0.000000
0.000000
0.000000
0.000000
0.000000
0.000000
0.000000
0.000000
0.000000
0.000000
0.000000
0.000000
0.000000
0.000000
0.000000
0.000000
0.000000
0.000000
0.000000
0.000000
0.000000
0.000000
0.000000
0.000000
0.000000
0.000000
0.000000
0.000000
0.000000
0.000000
0.000000
0.000000
0.000000
0.000000
0.000000
0.000000
0.000000
0.000000
0.000000
0.000000
0.000000
0.000000
0.000000
0.000000
0.000000
