2.598402
2.504645
2.471160
2.390798
2.538130
2.477857
2.384101
2.437676
2.581660
2.561569
2.595053
2.481206
2.441025
2.705553
2.477857
2.471161
2.420934
2.585008
2.655326
2.447721
2.511342
2.518039
2.685462
2.507993
2.548175
2.404191
2.662023
2.578311
2.544827
2.615144
2.454418
2.534781
2.437676
2.424282
2.437676
2.491251
2.384101
2.464464
2.501297
2.461115
2.464464
2.595053
2.360662
2.631886
2.755780
2.585008
2.541478
2.544827
2.578311
2.454418
2.585008
2.524736
2.444373
2.457767
2.420934
2.621841
2.494600
2.598402
2.454418
2.605099
2.685462
2.437676
2.437676
2.541478
2.521387
2.578311
2.521387
2.521387
2.628538
2.591705
2.350616
2.370707
2.293693
2.333874
2.213329
2.417585
2.286995
2.109527
2.019119
2.039210
1.999028
1.988983
1.905272
1.878484
1.453230
1.503457
1.613956
1.657486
1.670880
1.911968
1.727803
1.349428
1.687622
1.677577
1.868439
1.784727
1.717758
1.697667
1.737849
1.771333
1.717758
1.613956
1.841651
1.999028
1.674228
1.982286
1.834954
1.664183
1.617304
1.634047
1.704364
1.684273
1.674228
1.664183
1.694319
1.630698
1.687622
1.583820
1.704364
1.664183
1.670880
1.603910
1.667531
1.724455
1.640743
1.831605
2.045907
1.540290
0.287967
-0.184165
2.029164
1.439836
1.861742
1.630698
1.978938
2.089437
1.788076
1.674228
1.603910
1.781379
1.804818
1.697667
1.657486
1.650789
1.607259
1.613956
1.751243
1.781379
1.587168
2.209981
1.674228
2.012422
2.286995
1.550335
2.072694
1.650789
1.824908
1.841651
1.945453
2.079391
1.868438
1.965544
1.905272
1.781379
1.945453
1.778030
1.603910
1.483366
1.704364
1.717758
1.968892
1.818212
1.704364
1.898575
1.824908
1.744546
1.731152
1.697667
1.644092
1.657486
1.613956
1.530244
1.644092
1.600562
1.674228
1.747894
1.781379
1.627350
1.553684
1.640743
1.580471
1.670880
1.473321
1.620653
1.804818
1.922014
1.955498
2.009073
2.055952
2.213329
2.290344
2.571614
2.380752
2.451070
2.564917
2.631886
2.668720
2.946641
2.893066
3.301578
3.308275
3.365198
3.991359
3.562757
4.205661
3.606287
4.229100
4.095162
3.616333
3.820589
4.068374
3.703393
3.827285
4.081768
4.363038
3.977966
3.860770
4.038239
3.984663
3.988011
3.797149
3.921042
3.840679
3.840679
3.716786
3.679953
3.596242
3.412076
3.576151
3.402031
3.321668
3.187730
2.923202
3.110716
2.996868
3.033701
2.956687
2.826097
2.514691
2.658674
2.641932
2.538130
2.588356
2.504645
2.317132
2.350616
2.404191
2.390798
2.223375
2.189890
2.055952
2.203284
2.022468
1.975589
2.112876
1.958847
1.861742
1.841651
1.737849
1.741197
1.734500
1.560380
1.754591
1.550335
1.620653
1.791424
1.577123
1.694319
1.637395
1.744546
1.788076
1.778030
1.751243
1.674228
1.647440
1.704364
1.670880
1.751243
1.677577
1.684273
1.714409
1.865090
1.664183
1.938756
1.747894
1.761288
1.784727
1.798121
2.062649
1.968892
1.754591
1.841651
1.634047
1.727803
1.610608
1.630698
1.453230
1.543638
1.637395
1.744545
1.640743
1.978937
1.536941
1.503457
1.597213
1.513502
1.493411
1.449881
1.717758
1.624001
1.647440
2.022468
1.757939
1.778030
1.667531
1.841651
1.650789
1.711061
1.597214
1.617304
1.721106
1.617304
1.419745
1.644092
1.741197
1.774682
1.915317
1.985634
2.203284
2.209981
2.126270
2.250163
2.213329
2.220026
2.417585
2.059300
2.102830
2.307086
1.955498
1.975589
2.042558
1.814863
1.848348
1.945453
1.704364
1.875135
1.741197
1.620653
1.657486
1.553684
1.640743
1.526896
1.550335
1.731152
1.583820
1.560381
1.664183
1.687622
1.704364
1.613956
1.647440
1.724455
1.774682
1.824908
1.767985
1.664183
1.613956
1.804818
1.788076
1.707713
1.757939
1.684273
1.844999
1.878484
1.788076
1.844999
1.952150
1.590517
1.640743
1.634047
1.680925
1.711061
1.824908
1.791424
1.918665
2.554872
2.059300
2.404191
2.213329
2.310435
2.551523
2.464464
2.256859
2.183193
2.327177
2.233420
2.015770
2.230072
1.985634
2.089437
2.223375
1.999028
1.952150
1.958847
1.767985
1.898575
1.851696
1.727803
1.721106
1.644092
1.597214
1.506805
1.580471
1.593865
1.778030
1.650789
1.536941
1.205444
1.687622
1.613956
1.677577
1.610607
1.637395
1.577123
1.624001
2.189890
1.687622
1.905271
1.523547
1.506805
1.757939
1.744546
1.804818
1.747894
1.724455
1.925362
1.828257
1.734500
1.808166
1.627350
1.567077
1.644092
1.694319
1.597214
1.694319
1.828257
1.824908
1.908620
2.082740
2.086088
2.317132
2.327177
2.380752
2.417585
2.290344
2.444373
2.116224
2.461115
2.347268
2.337222
2.169800
2.025816
2.183193
1.982286
2.025816
1.908620
1.978938
1.778030
1.747894
1.727803
1.731152
1.734500
1.674228
1.583820
1.607259
1.540290
1.624001
1.603910
1.754591
1.674228
1.747894
1.875135
1.741197
1.711061
1.707713
1.670880
1.650789
2.092785
1.610608
1.580471
1.493411
1.851696
1.580471
1.791424
1.818211
1.868438
1.865090
1.784727
2.079391
1.767985
1.687622
1.536941
1.721106
1.670879
1.620653
1.557032
1.516851
1.687622
1.694319
1.751243
2.136315
1.978938
2.199936
2.169800
2.417585
2.333874
2.280298
2.350616
2.340571
2.353965
2.297041
2.434328
2.293693
2.183193
2.132966
2.189890
1.995680
1.965544
1.851696
1.834954
1.928711
1.821560
1.771333
1.754591
1.674228
1.664183
1.613956
1.513502
1.503457
1.644092
1.747894
1.684273
1.657486
1.747894
1.687622
1.520199
1.657486
1.567077
1.583820
1.627350
1.707713
1.550335
1.721106
1.838302
1.697667
1.724455
1.714409
1.828257
1.885181
1.811515
1.865090
1.982286
1.781379
1.674228
1.834954
1.717758
1.577123
1.734500
1.764636
1.493411
1.624001
1.844999
1.771333
1.918665
2.102831
2.216678
2.297041
2.367358
2.491251
2.323828
2.230072
2.390798
2.273602
2.280298
2.156406
2.183193
2.189890
2.176497
2.052604
2.039210
1.901923
1.684273
1.958847
1.885181
1.727803
1.667531
1.778030
1.627350
1.617304
1.600562
1.456578
1.493411
1.690970
1.711061
1.664183
1.737849
1.684273
1.593865
1.600562
1.948802
1.580471
1.955498
1.285807
1.932059
1.382912
1.523547
1.553684
1.664183
1.714409
1.754591
1.818212
1.875135
1.721106
1.848348
1.861742
1.841651
1.784727
1.664183
1.704364
1.674228
1.590517
1.737849
1.620653
1.674228
2.139663
1.898575
2.045907
2.109527
2.353965
2.327177
2.320480
2.303738
2.387449
2.357313
2.196587
2.136315
2.196587
2.076043
2.149709
2.119573
2.012422
1.968892
1.962195
1.891878
1.814863
1.774682
1.818212
1.727803
1.717758
1.674228
1.634047
1.577123
1.493411
1.483366
1.496760
1.727803
1.684273
1.416397
1.399655
1.640743
1.697667
1.570426
1.607259
1.734500
1.369519
2.139663
1.801469
1.486714
1.721106
1.510154
1.603910
1.952150
1.764636
1.858393
1.855045
1.791424
1.727803
1.885181
1.811515
1.767985
1.804818
1.741197
1.496760
1.597214
1.640743
1.670880
1.707713
1.948802
1.891878
2.186542
2.608447
2.447721
2.360662
2.310435
2.427631
2.310435
2.337222
2.256859
2.166451
2.447721
2.139663
2.126270
2.193239
2.116224
1.878484
2.059300
1.985634
1.878484
1.794772
1.744546
1.757939
1.697667
1.587168
1.667531
1.637395
1.580471
1.516851
1.908620
1.848348
1.557032
1.650789
1.634047
1.670879
1.630698
1.563729
1.751243
1.607259
1.925362
1.734500
1.875135
1.506805
1.597214
1.660834
1.784727
1.841651
1.861742
1.821560
1.881832
1.774682
1.804818
1.838302
1.577123
1.741197
1.680925
1.794772
1.657486
1.660834
1.911968
1.968892
2.186542
2.176497
2.320480
2.387449
2.430979
2.420934
2.380752
2.481206
2.384101
2.367358
2.253511
2.387449
2.183193
2.112876
2.189890
2.055952
1.972241
1.855045
1.925362
1.838302
2.002377
1.841651
1.741197
1.714409
1.724455
1.714409
1.526896
1.570426
1.563729
1.580471
1.644092
1.650789
1.724455
1.764636
1.704364
1.657486
1.647440
1.506805
1.587168
1.533593
1.774682
1.801469
1.798121
1.550335
1.657486
1.650789
1.744545
1.821560
1.804818
1.935408
1.938756
1.898575
1.624001
1.714409
1.690970
1.680925
1.597214
1.734500
1.496760
1.650789
1.761288
1.804818
2.062649
2.065997
2.206632
2.297041
2.343919
2.394146
2.343919
2.451070
2.330525
2.276950
2.233420
2.270253
2.129618
2.119573
2.233420
2.035861
1.985634
1.942104
1.922014
1.891878
1.878484
1.918665
1.794772
1.737849
1.667531
1.553684
1.677577
1.526896
1.587168
1.550335
1.647440
1.727803
1.674228
1.784727
1.680925
1.798121
1.694319
1.818212
1.707713
1.620653
1.831606
1.620653
1.620653
1.593865
1.630698
1.533593
1.476669
1.557032
1.523548
1.620653
1.657486
1.831606
1.647440
1.868438
2.029164
2.106179
2.260208
2.333874
2.501297
2.454418
2.779218
2.722295
3.083928
2.903111
3.338411
3.559409
3.224563
4.225751
3.375244
3.927739
4.142040
4.111904
4.061677
3.900951
4.188918
3.977966
3.914345
4.172176
3.944481
4.182222
4.172176
4.108555
3.870815
4.279327
4.048284
4.158782
4.158782
4.034890
4.081768
4.152085
3.977966
4.131995
4.118601
4.044935
4.014799
4.011450
4.219055
4.088465
3.967921
4.075071
4.011450
4.041586
4.034890
4.165480
3.994708
3.971269
4.051631
4.262585
4.034890
4.095162
4.138692
3.894254
4.044935
4.051631
4.028193
4.148737
4.048284
3.894254
4.031541
3.867467
3.934436
3.894254
3.736877
3.971269
3.767013
3.710089
3.452258
3.519228
3.214518
3.448910
3.341759
3.345108
3.130806
3.144200
2.973429
2.986823
2.909808
2.849536
2.876324
2.799309
2.611796
2.521387
2.641932
2.601750
2.531433
2.682113
2.531433
2.461115
2.454418
2.591705
2.477857
2.477857
2.451070
2.384101
2.353965
2.454418
2.343919
2.581660
2.511342
2.410888
2.507993
2.310435
2.598402
2.521387
2.441025
2.427631
2.491251
2.367358
2.524736
