0.267876
0.592677
1.453230
1.151869
1.382912
1.453230
1.694319
1.557032
1.948802
1.737849
1.844999
1.868438
1.861742
2.086088
1.861742
1.788076
1.814863
1.858393
1.915317
1.697667
1.841651
2.082740
1.942104
1.818211
1.888529
1.878484
1.851696
1.868438
1.895226
1.831606
1.727803
1.942104
1.798121
1.901923
1.875135
1.908620
1.804818
1.690970
2.012422
1.831606
1.841651
1.932059
1.848348
1.932059
1.818211
2.220026
1.955498
2.605099
2.317132
2.598402
2.715598
2.852885
3.241305
3.114064
3.931087
3.525924
3.402031
3.706741
3.854073
4.158782
3.743574
3.994708
4.731369
4.165480
4.537158
4.794989
4.557249
5.578528
4.399871
4.711277
5.173365
4.778246
4.999245
5.093002
5.196804
5.327394
5.384317
5.149925
5.089653
5.354181
5.002594
5.176713
4.905488
4.597430
4.399871
4.034890
5.384317
5.501513
6.147765
6.656730
5.119790
4.965760
5.709118
6.609852
4.366386
5.334091
5.280515
5.297258
6.345324
5.819616
5.732556
5.632103
6.030569
5.625406
5.702420
5.052820
5.692375
5.451286
4.945669
5.143229
4.851913
4.861959
4.594082
4.366386
4.275979
4.142040
4.175525
4.339599
4.269281
4.507022
4.162131
3.854073
3.914345
3.941133
3.733528
3.646468
3.619681
3.308275
3.177685
3.114064
3.130806
2.963384
3.124109
2.946641
2.939945
2.846188
2.548175
2.558220
2.591705
2.303738
2.457767
2.246814
2.112876
2.260208
2.146360
2.143012
1.962195
2.109527
1.918665
1.828257
1.701016
1.982286
1.764636
1.741197
1.814863
1.851696
1.677577
1.754591
1.637395
1.794772
1.664183
1.680925
1.727803
1.630698
1.828257
1.620653
1.811515
1.670880
1.861742
1.426442
1.754591
1.597213
1.875135
2.246814
1.972241
2.149709
2.122921
2.307086
2.651977
2.551523
3.016959
3.224563
3.114064
3.693347
3.057140
3.951178
3.870815
3.840679
4.376432
4.044935
4.416614
4.312812
4.195615
4.329554
4.373084
4.242494
4.413265
4.175525
4.101859
4.195616
4.058329
4.018147
4.744762
4.061677
4.811731
4.470189
4.399871
5.293909
4.255888
5.196804
4.754808
5.052820
5.705769
5.404408
5.206849
5.511559
5.816268
5.474726
5.307303
5.374272
5.303955
5.531650
5.263773
5.079608
5.062866
4.878700
4.714626
4.600778
4.580688
4.299417
4.232449
4.108555
4.366386
4.584036
4.808383
4.306115
5.039426
4.831822
4.902140
4.912185
4.550551
4.818428
4.717974
4.687839
4.624218
4.507022
4.430007
4.540506
4.336250
4.038238
4.105207
4.078420
3.904300
3.740226
3.592893
3.479046
3.415425
3.402031
3.033701
3.177685
2.695507
2.980126
2.789264
2.755780
2.769173
2.615144
2.414237
2.447721
2.481206
2.266905
2.250163
2.196587
2.156406
2.618493
2.444373
2.534781
2.501297
2.585008
2.451070
2.357313
2.414237
2.186542
2.186542
2.263556
2.189890
2.169800
2.206633
2.230072
2.353965
2.621841
2.705553
2.404191
2.745734
2.578311
3.248003
2.929899
3.010262
3.137503
3.127458
3.817240
3.854073
3.492440
4.409917
3.445561
3.767013
3.669908
3.649817
4.001405
3.894254
3.994708
3.763665
3.854073
3.927739
3.666559
3.686650
3.720135
3.525924
3.234608
3.254699
3.345108
3.157594
3.167639
2.986823
2.946641
2.919853
2.430979
2.303738
2.323828
2.675416
2.605099
2.350616
2.574963
2.293693
2.347268
2.461115
2.220026
2.183193
2.293693
2.199936
2.132966
2.173148
2.337222
2.072694
2.052604
1.982286
2.086088
2.039210
1.999028
1.915317
2.250163
2.102830
2.193239
2.052604
2.065997
1.871787
2.122921
1.968892
2.129618
2.122921
1.975589
2.062649
2.052604
1.985634
2.092785
2.099482
2.183193
2.183193
2.059300
2.233420
2.173148
2.240117
2.216678
2.139663
2.183193
2.012422
2.029164
2.029164
1.948802
2.089437
1.928711
1.868438
2.102830
1.945453
2.059300
2.049255
2.002377
2.220026
1.952150
2.163103
2.015770
2.193239
1.968892
2.159754
2.089437
2.216678
2.099482
2.029164
2.009074
2.049255
2.143012
1.985634
2.065997
1.868438
2.076043
2.042558
2.136315
2.166451
2.112876
1.952150
2.039210
1.999028
2.045907
2.240117
2.146360
2.166451
2.220026
2.136315
2.176497
2.497948
2.598402
3.117413
3.224563
2.983474
3.689999
3.100670
3.783755
3.120761
3.549363
3.207821
3.582848
4.339599
3.810543
4.004754
3.753619
3.884209
4.386477
3.988011
4.282675
4.312811
4.861959
4.704581
4.557249
4.845216
4.594082
5.136532
5.005942
6.154462
5.056169
5.806223
5.163319
5.414454
5.374272
5.534998
6.171205
5.394363
5.822965
5.474726
5.360878
5.380969
5.257076
4.982502
4.865307
4.784944
4.771550
4.567294
4.409917
4.312812
3.951178
4.014799
3.646468
3.602939
3.418774
3.422122
3.140852
3.191078
3.127458
3.120761
2.846188
2.631886
2.806006
2.511342
2.374055
2.427631
2.290344
2.119573
2.076043
1.935408
1.895226
1.952150
1.942104
1.962195
1.922014
2.132967
2.092785
2.049255
2.042558
2.317132
2.122921
2.025816
2.109527
2.183193
1.851696
1.915317
2.092785
2.029164
2.035861
2.434328
2.364010
2.507993
2.872975
2.879672
3.365198
3.268093
3.418774
4.044935
3.428819
3.733529
3.452258
3.857421
3.817240
3.783755
3.686650
4.209009
3.780407
3.944481
3.864118
3.894254
3.485743
4.563945
4.152085
3.797149
4.001405
4.269281
4.597430
4.289372
4.028193
4.152085
3.880861
3.880861
3.743574
3.874163
4.188918
4.004754
4.322857
4.587385
4.018147
4.480235
4.389826
4.376432
3.957875
4.279327
4.272630
4.299417
4.004754
4.065026
3.884209
3.937784
3.566106
3.730180
3.653166
3.325017
3.495788
3.291532
3.073883
3.154246
2.996868
2.722295
2.889718
2.628538
2.598402
2.507993
2.521387
2.270253
2.243466
2.233420
2.223375
2.102830
1.895226
2.035861
1.865090
1.811515
1.858393
1.724455
1.778030
1.687622
1.697667
1.503457
1.654137
1.620653
1.610607
1.560380
1.757939
1.677577
1.567077
1.573774
1.613956
2.009074
1.145172
1.881832
1.590517
1.513502
1.821560
1.982286
2.337222
2.199936
2.641932
2.846188
2.849536
3.525924
2.531433
3.201124
4.128646
3.170988
4.751459
3.050443
3.770362
3.576151
4.121949
3.877512
3.763665
4.192267
4.888746
3.897603
4.892095
4.349645
4.493628
4.640960
4.182222
5.022684
4.664399
4.533809
4.661051
4.784944
5.461332
4.892095
4.714626
4.908836
5.360878
4.781595
4.878700
5.159971
4.985851
4.989200
4.624218
5.149926
5.444590
4.764853
5.374272
4.748111
5.776087
4.821777
6.385506
4.587385
4.674445
5.471377
5.293909
4.945670
5.444590
5.384317
5.186759
4.999245
5.066214
4.697884
4.563945
4.845216
4.590734
4.738065
4.640960
4.205661
4.426659
4.128646
3.686650
4.302766
3.626378
3.827285
3.716786
3.221215
3.435516
3.261396
2.936596
2.983474
2.574963
3.093973
2.876324
3.050443
2.086088
2.350616
0.716570
2.374055
1.687622
2.765825
1.968892
2.076043
2.672068
1.754591
2.253511
1.684273
0.592677
2.196587
1.701016
2.009074
1.988983
1.911968
1.486714
2.173148
2.089437
2.079391
1.553684
2.076043
1.834954
2.320480
2.196587
2.233420
2.052604
1.523548
2.022468
2.136315
1.898575
2.072694
2.005725
1.965544
2.076043
1.938756
2.106179
2.156406
2.153057
2.099482
2.052604
2.072694
2.102830
2.019119
1.885181
1.875135
1.895226
2.015770
1.932059
2.005725
1.999028
2.183193
2.042558
2.109527
1.553684
1.744546
1.680925
1.922014
2.099482
1.754591
1.212141
1.948802
2.015770
2.096133
1.848348
1.911968
2.042558
1.935408
1.871787
1.928711
2.022468
1.958847
2.153057
2.025816
2.052603
1.985634
1.948802
1.744545
1.982286
1.855045
2.039210
1.992331
2.035861
2.126270
2.116224
1.982286
2.086088
2.015770
1.881832
1.928711
1.670880
2.116224
2.099482
1.925362
2.079391
2.055952
2.223375
2.002377
2.015770
1.844999
2.179845
1.928711
1.881832
1.704364
1.942104
2.009074
1.972241
1.988983
1.938756
1.978938
2.035861
2.055952
1.895226
2.112876
2.102831
1.821560
1.935408
1.824908
2.216678
2.270253
2.106179
1.992331
2.002377
2.076043
2.082740
2.049255
2.009073
1.982286
2.019119
2.059300
2.015770
2.089437
2.072694
1.995680
2.049255
1.895226
1.965544
1.808166
1.875135
1.741197
1.624001
1.727803
1.875135
1.597214
1.694319
1.804818
1.674228
1.567077
1.690970
1.701016
1.620653
1.764636
1.911968
1.858393
1.958847
1.958847
2.042558
2.153057
2.196587
2.159754
2.173148
2.213329
2.320480
2.377404
2.310435
2.330525
2.313783
2.223375
2.276950
1.928711
1.737849
2.243466
1.885181
1.761288
1.838302
1.861742
1.788076
1.754591
1.711061
1.664183
1.573774
1.670880
1.660834
1.550335
1.590517
1.697667
1.935408
1.761288
1.838302
1.784727
1.791424
1.851696
1.831605
2.049255
2.143012
2.019119
2.176497
1.925362
1.898575
2.203284
1.587168
2.032513
1.697667
1.764636
1.788076
1.630698
1.600562
1.801469
1.640743
1.878484
1.613956
1.831606
1.684273
1.717758
1.798121
1.801469
1.942104
1.972241
2.116224
2.166451
2.397495
2.223375
2.461115
2.434328
3.000216
2.836142
3.033701
3.181033
3.288184
3.669908
3.288184
3.606287
3.412076
3.237957
3.566106
3.124110
3.311623
3.482394
3.368547
3.348456
3.335062
3.452258
3.261396
3.378592
3.214518
3.187730
3.519227
3.606287
3.546015
3.743574
3.720135
3.663211
3.716786
3.669908
3.633075
3.606287
3.355153
3.318320
3.391986
3.288184
3.013611
3.067186
3.114064
2.829445
3.047095
2.856233
2.507993
2.521387
2.126270
2.173148
2.340571
2.343919
1.242277
2.772522
2.273602
1.915317
2.052604
1.573774
1.818212
1.821560
1.868438
1.711061
1.824908
1.838302
1.690970
1.821560
1.861742
1.811515
2.039210
1.801469
1.901923
1.717758
1.751243
1.640743
1.717758
1.674228
1.798121
1.664183
1.677577
1.634047
1.714409
1.650789
1.757939
1.486714
0.971052
1.918665
1.701016
1.560381
1.774682
2.183193
1.674228
1.764636
1.911968
1.312595
1.875135
1.932059
1.600562
1.844999
1.295853
1.701016
2.266905
1.513502
1.855045
1.711061
1.794772
1.352776
1.302549
1.044718
2.417585
1.392958
1.714409
2.009073
2.203284
1.453230
1.838302
2.005725
1.858393
1.590517
1.928711
1.811515
2.139663
1.851696
2.149709
1.791424
1.895226
1.778030
1.761288
1.757939
1.670880
1.918665
1.754591
1.680925
1.935408
1.727803
1.707713
1.808166
1.523547
1.891878
1.687622
1.158566
1.583820
1.563729
2.163102
1.791424
1.490063
1.844999
1.958847
1.988983
1.727803
1.865090
2.132967
2.230072
1.744546
1.707713
1.721106
1.865090
1.697667
1.577123
1.865090
1.634047
2.136315
2.380752
1.925362
2.055952
2.065997
2.203284
2.176497
2.149709
2.122921
2.106179
2.062649
2.139663
2.029164
2.029164
2.012422
1.985634
1.761288
1.942104
1.962195
1.935408
1.828257
2.122921
2.039210
2.163102
2.233420
2.236768
2.481206
2.531433
2.896415
3.405380
2.996868
3.566106
3.204472
3.730180
3.264745
3.820589
4.617521
3.358501
3.626378
3.954527
3.850724
4.416614
3.753619
4.265933
4.312812
4.128646
4.403220
4.691187
4.095162
4.396523
4.088465
4.366386
4.607476
4.386477
5.039426
4.594082
4.547204
4.764853
4.784944
4.768201
4.664399
4.436704
4.436704
4.369735
4.322857
4.014799
4.041586
4.041586
3.810543
3.592893
3.971269
3.294881
3.686650
3.448910
3.288184
3.458955
3.234609
3.067186
2.822748
2.896415
2.752431
2.558220
2.501297
2.491251
2.407540
2.384101
2.213329
2.129618
2.015770
2.049255
1.948802
1.875135
1.922014
1.724455
1.788076
1.814863
1.808166
1.767985
1.821560
1.734500
1.640743
1.577123
1.801469
1.680925
1.778030
1.674228
1.731152
1.938756
1.694319
1.778030
1.747894
1.811515
1.724455
1.821560
1.821560
1.711061
1.590517
2.009073
1.828257
1.905272
1.838302
1.935408
1.965544
2.286995
2.049255
2.330525
2.015770
2.035861
2.012422
2.149709
2.005725
2.002377
1.975589
1.865090
1.955498
1.898575
1.901923
1.898575
1.774682
1.778030
1.855045
1.754591
1.952150
2.019119
2.029164
1.952150
1.824908
2.065997
2.474509
2.397495
2.568266
2.913157
2.595053
2.725643
2.795961
2.842839
2.752431
2.879672
2.939945
2.862930
2.313783
2.839491
2.544827
2.648629
2.571614
2.444373
2.420934
2.427631
2.340571
2.226723
2.256859
1.841651
1.968892
2.009073
1.875135
1.885181
1.801469
1.687622
1.761288
1.741197
1.600562
1.677577
1.650789
1.603910
1.620653
1.707713
1.798121
1.791424
1.694319
1.711061
1.988983
1.624001
1.714409
1.644092
1.999028
1.895226
2.156406
2.102830
2.223375
2.096133
2.447721
2.286995
2.561569
2.772522
2.946641
2.946641
2.993520
2.394146
3.120761
3.174336
3.060489
3.087276
2.836142
2.926551
2.765825
2.809355
2.765825
2.672068
2.581660
2.481206
2.394146
2.233420
2.364010
2.039210
1.315943
1.928711
2.029164
1.992331
1.831605
1.918665
1.868438
1.637395
1.741197
1.868438
1.634047
1.771333
1.560381
1.697667
1.607259
1.751243
1.644092
1.704364
1.714409
1.868438
1.704364
1.734500
1.674228
1.878484
1.918665
2.112876
2.223375
2.203284
2.280298
2.400843
2.712250
2.762476
2.806006
3.023656
3.214518
3.013611
3.023656
3.117413
3.013610
3.040398
3.047095
2.876324
2.772522
2.772522
2.608447
2.645280
2.705553
2.588356
2.437676
2.407540
2.263556
2.179845
2.126270
2.042558
1.824908
2.059300
1.844999
1.895226
1.717758
1.824908
1.737849
1.597213
1.737849
1.634047
1.774682
1.630698
1.630698
1.627350
1.503457
1.603910
1.727803
1.918665
1.684273
1.714409
1.767985
1.898575
1.972241
1.911968
2.112876
2.102830
2.122921
2.280298
2.477857
2.872975
2.819400
2.715598
3.057141
2.986823
3.067186
3.147549
3.057140
2.960035
2.876324
2.990171
2.883021
2.759128
2.872975
2.785915
2.732340
2.658674
2.588356
2.477857
2.256859
2.280298
2.132967
1.563729
2.220026
1.687622
2.029164
1.751243
1.647441
1.871787
1.757940
1.654137
1.808166
1.684273
1.600562
1.747894
1.637395
1.724455
1.577123
1.523547
1.868438
1.721106
1.767985
1.667531
1.774682
1.670880
1.988983
1.955498
2.156406
2.156406
2.082740
2.189890
2.280298
2.497948
2.524736
2.829445
2.829445
2.990171
2.919854
3.003565
3.104019
3.000216
3.070534
3.080580
2.896415
2.698855
2.966732
2.625190
2.638583
2.481206
2.548175
2.397495
2.387449
2.176497
2.353965
2.199936
1.848348
2.554872
1.818212
1.901923
1.865090
1.875135
1.741197
1.711061
1.687622
1.650789
1.660834
1.613956
1.563729
1.577123
1.640743
1.577123
1.557032
1.650789
1.727803
1.838302
1.744545
1.647440
1.821560
1.858393
1.955498
2.096133
2.193239
2.012422
2.106179
2.273602
2.360662
2.558220
2.635235
3.006914
2.852885
2.963384
2.872975
3.050443
2.889718
2.970081
2.943293
3.027004
2.973429
2.742385
2.822748
2.712250
2.568266
2.792612
2.564917
2.397495
2.367358
2.404191
2.099482
1.945453
2.136315
1.911968
2.049255
1.898575
1.714409
1.814863
1.697667
1.533593
1.563729
1.701016
1.356125
1.694319
1.593865
1.540290
1.597213
1.888529
1.506805
2.065997
1.935408
1.647440
1.346079
1.647440
1.988983
1.831605
2.149709
1.955498
1.995680
2.183193
2.276950
2.209981
2.705553
2.678765
2.990171
3.110716
2.966732
3.338411
2.973429
2.859581
2.816051
3.027004
3.010262
3.197776
2.846188
2.504645
2.698855
2.601750
2.591705
2.518039
2.447721
2.494600
2.317132
2.153057
2.186542
2.112876
2.065997
1.828257
1.798121
1.865090
1.684273
1.751243
1.922014
1.436488
0.609419
1.868438
1.613956
1.617304
1.630698
1.617304
1.600562
1.650789
1.627350
1.727803
1.717758
1.975589
1.868438
2.035861
1.858393
1.945453
1.868438
2.441025
2.132966
2.176497
2.253511
2.236768
2.380752
2.585008
2.889718
2.769173
3.268093
3.073883
3.083928
3.221215
3.097322
3.050443
2.983474
2.799309
2.739037
2.668720
2.715598
2.585008
2.732340
2.551523
2.357313
2.320480
2.260208
2.122921
2.086088
2.206632
1.875135
2.153057
1.978938
1.895226
1.513502
1.754591
1.603910
1.657486
1.687622
1.704364
1.597214
1.694319
1.627350
1.587168
1.570426
1.543638
1.778030
1.721106
1.744546
1.761288
1.774682
1.865090
1.804818
2.129618
2.163102
2.129618
2.136315
2.286995
2.407540
2.451070
2.672068
3.090625
2.916505
3.388638
3.013610
2.973429
3.234608
2.936596
2.923202
2.960035
2.926551
2.799309
2.909808
2.795961
2.605099
2.682113
2.427631
2.424282
2.360662
2.307086
2.340571
2.173148
2.072694
1.811515
1.918665
1.958847
1.828257
1.774682
1.804818
1.717758
1.761288
1.607259
1.988983
1.650789
1.640743
1.741197
1.814863
1.798121
1.908620
2.297041
2.089437
2.236769
2.327177
2.310435
2.544827
2.802658
2.682113
2.923202
3.345108
3.083928
3.823936
3.495788
3.716786
5.002594
4.724672
3.636423
3.649817
4.306114
4.805034
3.874163
4.135344
4.573991
4.058329
4.356341
4.326205
4.570642
4.416614
4.949018
5.216895
4.604127
4.831822
5.170016
4.818428
4.928927
5.236986
5.086305
5.283864
5.461332
4.784944
5.464681
5.749299
5.555089
5.598619
5.920070
6.020524
5.424499
5.776087
6.211386
5.461332
5.658891
5.672285
5.575180
5.558437
5.987040
6.442430
6.224780
6.355370
5.866495
6.221432
6.268310
6.007130
5.822965
5.779435
5.561786
5.220243
5.226940
4.825125
4.915534
4.587385
4.249191
2.939944
3.519228
3.807194
3.837331
3.164291
3.589545
3.124110
3.227912
2.380752
2.718946
2.923202
2.491251
2.347268
2.916505
2.839491
2.588356
2.722295
2.578311
2.487903
2.370707
2.364010
2.802658
2.564918
2.708901
2.531433
2.561569
2.832794
2.688810
2.430979
2.507993
2.705553
2.507993
2.578311
2.518039
2.260208
2.377404
2.534781
2.323828
2.544827
2.665371
2.762476
2.595053
2.564918
2.477857
2.695507
2.591705
2.444373
2.457767
2.424282
2.333874
2.384101
2.303738
2.273602
2.196587
2.253511
2.193239
2.099482
2.116224
2.186542
2.206632
2.216678
2.374055
2.367358
2.307086
2.270253
2.263556
2.196587
2.307086
2.253511
2.216678
2.132967
2.293692
2.340571
2.364010
2.303738
2.243466
2.333874
2.330525
2.283647
2.116224
2.136315
2.179845
2.173148
2.223375
2.183193
2.220026
2.246814
2.367358
2.377404
2.407540
2.491251
2.390798
2.333874
2.270253
2.233420
2.203284
2.340571
2.230072
2.330525
2.578311
2.544827
2.501297
2.481206
2.457767
2.233420
2.220026
2.300389
2.173148
2.072694
2.072694
2.119573
2.153057
1.962195
1.834954
1.784727
1.942104
0.000000
0.000000
0.000000
0.000000
0.000000
0.000000
0.000000
0.000000
0.000000
0.000000
0.000000
0.000000
0.000000
0.000000
0.000000
0.000000
0.000000
0.000000
0.000000
0.000000
0.000000
0.000000
0.000000
0.000000
0.000000
0.000000
0.000000
0.000000
0.000000
0.000000
0.000000
0.000000
0.000000
0.000000
0.000000
0.000000
0.000000
0.000000
0.000000
0.000000
0.000000
0.000000
0.000000
0.000000
0.000000
0.000000
0.000000
0.000000
0.000000
0.000000
0.000000
0.000000
0.000000
0.000000
0.000000
0.000000
0.000000
0.000000
0.000000
0.000000
0.000000
0.000000
0.000000
0.000000
0.000000
0.000000
0.000000
0.000000
0.000000
0.000000
0.000000
0.000000
0.000000
0.000000
0.000000
0.000000
0.000000
0.000000
0.000000
0.000000
0.000000
0.000000
0.000000
0.000000
0.000000
0.000000
0.000000
0.000000
0.000000
0.000000
0.000000
0.000000
0.000000
0.000000
0.000000
0.000000
0.000000
0.000000
0.000000
0.000000
0.000000
0.000000
0.000000
0.000000
0.000000
0.000000
0.000000
0.000000
0.000000
0.000000
0.000000
0.000000
0.000000
0.000000
0.000000
0.000000
0.000000
0.000000
0.000000
0.000000
0.000000
0.000000
0.000000
0.000000
0.000000
0.000000
0.000000
0.000000
0.000000
0.000000
0.000000
0.000000
0.000000
0.000000
0.000000
0.000000
0.000000
0.000000
0.000000
0.000000
0.000000
0.000000
0.000000
0.000000
0.000000
0.000000
0.000000
0.000000
0.000000
0.000000
0.000000
0.000000
0.000000
0.000000
0.000000
0.000000
0.000000
0.000000
0.000000
0.000000
0.000000
0.000000
0.000000
0.000000
0.000000
0.000000
0.000000
0.000000
0.000000
0.000000
0.000000
0.000000
0.000000
0.000000
0.000000
0.000000
0.000000
0.000000
0.000000
0.000000
0.000000
0.000000
0.000000
0.000000
0.000000
0.000000
0.000000
0.000000
0.000000
0.000000
0.000000
0.000000
0.000000
0.000000
0.000000
0.000000
0.000000
0.000000
0.000000
0.000000
0.000000
0.000000
0.000000
0.000000
0.000000
0.000000
0.000000
0.000000
0.000000
0.000000
0.000000
0.000000
0.000000
0.000000
0.000000
0.000000
0.000000
0.000000
0.000000
0.000000
0.000000
0.000000
0.000000
0.000000
0.000000
0.000000
0.000000
0.000000
0.000000
0.000000
0.000000
0.000000
0.000000
0.000000
0.000000
0.000000
0.000000
0.000000
0.000000
0.000000
0.000000
0.000000
0.000000
0.000000
0.000000
0.000000
0.000000
0.000000
0.000000
0.000000
0.000000
0.000000
0.000000
0.000000
0.000000
0.000000
0.000000
0.000000
0.000000
0.000000
0.000000
0.000000
0.000000
0.000000
0.000000
0.000000
0.000000
0.000000
0.000000
0.000000
0.000000
0.000000
0.000000
0.000000
0.000000
0.000000
0.000000
0.000000
0.000000
0.000000
0.000000
0.000000
0.000000
0.000000
0.000000
0.000000
0.000000
0.000000
0.000000
0.000000
0.000000
0.000000
0.000000
0.000000
0.000000
0.000000
0.000000
0.000000
0.000000
0.000000
0.000000
0.000000
0.000000
0.000000
0.000000
0.000000
0.000000
0.000000
0.000000
0.000000
0.000000
0.000000
0.000000
0.000000
0.000000
0.000000
0.000000
0.000000
0.000000
0.000000
0.000000
0.000000
0.000000
0.000000
0.000000
0.000000
0.000000
0.000000
0.000000
0.000000
0.000000
0.000000
0.000000
0.000000
0.000000
0.000000
0.000000
0.000000
0.000000
0.000000
0.000000
0.000000
0.000000
0.000000
0.000000
0.000000
0.000000
0.000000
0.000000
0.000000
0.000000
0.000000
0.000000
0.000000
0.000000
0.000000
0.000000
0.000000
0.000000
0.000000
0.000000
0.000000
0.000000
0.000000
0.000000
0.000000
0.000000
0.000000
0.000000
0.000000
0.000000
0.000000
0.000000
0.000000
0.000000
0.000000
0.000000
0.000000
0.000000
0.000000
0.000000
0.000000
0.000000
0.000000
0.000000
0.000000
0.000000
0.000000
0.000000
0.000000
0.000000
0.000000
0.000000
0.000000
0.000000
0.000000
0.000000
0.000000
0.000000
0.000000
0.000000
0.000000
0.000000
0.000000
0.000000
0.000000
0.000000
0.000000
0.000000
0.000000
0.000000
0.000000
0.000000
0.000000
0.000000
0.000000
0.000000
0.000000
0.000000
0.000000
0.000000
0.000000
0.000000
0.000000
0.000000
0.000000
0.000000
0.000000
0.000000
0.000000
0.000000
0.000000
0.000000
0.000000
0.000000
0.000000
0.000000
0.000000
0.000000
0.000000
0.000000
0.000000
0.000000
0.000000
0.000000
0.000000
0.000000
0.000000
0.000000
0.000000
0.000000
0.000000
0.000000
0.000000
0.000000
0.000000
0.000000
0.000000
0.000000
0.000000
0.000000
0.000000
0.000000
0.000000
0.000000
0.000000
0.000000
0.000000
0.000000
0.000000
0.000000
0.000000
0.000000
0.000000
0.000000
0.000000
0.000000
0.000000
0.000000
0.000000
0.000000
0.000000
0.000000
0.000000
0.000000
0.000000
0.000000
0.000000
0.000000
0.000000
0.000000
0.000000
0.000000
0.000000
0.000000
0.000000
0.000000
0.000000
0.000000
0.000000
0.000000
0.000000
0.000000
0.000000
0.000000
0.000000
0.000000
0.000000
0.000000
0.000000
0.000000
0.000000
0.000000
0.000000
0.000000
0.000000
0.000000
0.000000
0.000000
0.000000
0.000000
0.000000
0.000000
0.000000
0.000000
0.000000
0.000000
0.000000
0.000000
0.000000
0.000000
0.000000
0.000000
0.000000
0.000000
0.000000
0.000000
0.000000
0.000000
0.000000
0.000000
0.000000
0.000000
0.000000
0.000000
0.000000
0.000000
0.000000
0.000000
0.000000
0.000000
0.000000
0.000000
0.000000
0.000000
0.000000
0.000000
0.000000
0.000000
0.000000
0.000000
0.000000
0.000000
0.000000
0.000000
0.000000
0.000000
0.000000
0.000000
0.000000
0.000000
0.000000
0.000000
0.000000
0.000000
0.000000
0.000000
0.000000
0.000000
0.000000
0.000000
0.000000
0.000000
0.000000
0.000000
0.000000
0.000000
0.000000
0.000000
0.000000
0.000000
0.000000
0.000000
0.000000
0.000000
0.000000
0.000000
0.000000
0.000000
0.000000
0.000000
0.000000
0.000000
0.000000
0.000000
0.000000
0.000000
0.000000
0.000000
0.000000
0.000000
0.000000
0.000000
0.000000
0.000000
0.000000
0.000000
0.000000
0.000000
0.000000
0.000000
0.000000
0.000000
0.000000
0.000000
0.000000
0.000000
0.000000
0.000000
0.000000
0.000000
0.000000
0.000000
0.000000
0.000000
0.000000
0.000000
0.000000
0.000000
0.000000
0.000000
0.000000
0.000000
0.000000
0.000000
0.000000
0.000000
0.000000
0.000000
0.000000
0.000000
0.000000
0.000000
0.000000
0.000000
0.000000
0.000000
0.000000
0.000000
0.000000
0.000000
0.000000
0.000000
0.000000
0.000000
0.000000
0.000000
0.000000
0.000000
0.000000
0.000000
0.000000
0.000000
0.000000
0.000000
0.000000
0.000000
0.000000
0.000000
0.000000
0.000000
0.000000
0.000000
0.000000
0.000000
0.000000
0.000000
0.000000
0.000000
0.000000
0.000000
0.000000
0.000000
0.000000
0.000000
0.000000
0.000000
0.000000
0.000000
0.000000
0.000000
0.000000
0.000000
0.000000
0.000000
0.000000
0.000000
0.000000
0.000000
0.000000
0.000000
0.000000
0.000000
0.000000
0.000000
0.000000
0.000000
0.000000
0.000000
0.000000
0.000000
0.000000
0.000000
0.000000
0.000000
0.000000
0.000000
0.000000
0.000000
0.000000
0.000000
0.000000
0.000000
0.000000
0.000000
0.000000
0.000000
0.000000
0.000000
0.000000
0.000000
0.000000
0.000000
0.000000
0.000000
0.000000
0.000000
0.000000
0.000000
0.000000
0.000000
0.000000
0.000000
0.000000
0.000000
0.000000
0.000000
0.000000
0.000000
0.000000
0.000000
0.000000
0.000000
0.000000
0.000000
0.000000
0.000000
0.000000
0.000000
0.000000
0.000000
0.000000
0.000000
0.000000
0.000000
0.000000
0.000000
0.000000
0.000000
0.000000
0.000000
0.000000
0.000000
0.000000
0.000000
0.000000
0.000000
0.000000
0.000000
0.000000
0.000000
0.000000
0.000000
0.000000
0.000000
0.000000
0.000000
0.000000
0.000000
0.000000
0.000000
0.000000
0.000000
0.000000
0.000000
0.000000
0.000000
0.000000
0.000000
0.000000
0.000000
0.000000
0.000000
0.000000
0.000000
0.000000
0.000000
0.000000
0.000000
0.000000
0.000000
0.000000
0.000000
0.000000
0.000000
0.000000
0.000000
0.000000
0.000000
0.000000
0.000000
0.000000
0.000000
0.000000
0.000000
0.000000
0.000000
0.000000
0.000000
0.000000
0.000000
0.000000
0.000000
0.000000
0.000000
0.000000
0.000000
0.000000
0.000000
0.000000
0.000000
0.000000
0.000000
0.000000
0.000000
0.000000
0.000000
0.000000
0.000000
0.000000
0.000000
0.000000
0.000000
0.000000
0.000000
0.000000
0.000000
0.000000
0.000000
0.000000
0.000000
0.000000
0.000000
0.000000
0.000000
0.000000
0.000000
0.000000
0.000000
0.000000
0.000000
0.000000
0.000000
0.000000
0.000000
0.000000
0.000000
0.000000
0.000000
0.000000
0.000000
0.000000
0.000000
0.000000
0.000000
0.000000
0.000000
0.000000
0.000000
0.000000
0.000000
0.000000
0.000000
0.000000
0.000000
0.000000
0.000000
0.000000
0.000000
0.000000
0.000000
0.000000
0.000000
0.000000
0.000000
0.000000
0.000000
0.000000
0.000000
0.000000
0.000000
0.000000
0.000000
0.000000
0.000000
0.000000
0.000000
0.000000
0.000000
0.000000
0.000000
0.000000
0.000000
0.000000
0.000000
0.000000
0.000000
0.000000
0.000000
0.000000
0.000000
0.000000
0.000000
0.000000
0.000000
0.000000
0.000000
0.000000
0.000000
0.000000
0.000000
0.000000
0.000000
0.000000
0.000000
0.000000
0.000000
0.000000
0.000000
0.000000
0.000000
0.000000
0.000000
0.000000
0.000000
0.000000
0.000000
0.000000
0.000000
0.000000
0.000000
0.000000
0.000000
0.000000
0.000000
0.000000
0.000000
0.000000
0.000000
0.000000
0.000000
0.000000
0.000000
0.000000
0.000000
0.000000
0.000000
0.000000
0.000000
0.000000
0.000000
0.000000
0.000000
0.000000
0.000000
0.000000
0.000000
0.000000
0.000000
0.000000
0.000000
0.000000
0.000000
0.000000
0.000000
0.000000
0.000000
0.000000
0.000000
0.000000
0.000000
0.000000
0.000000
0.000000
0.000000
0.000000
0.000000
0.000000
0.000000
0.000000
0.000000
0.000000
0.000000
0.000000
0.000000
0.000000
0.000000
0.000000
0.000000
0.000000
0.000000
0.000000
0.000000
0.000000
0.000000
0.000000
0.000000
0.000000
0.000000
0.000000
0.000000
0.000000
0.000000
0.000000
0.000000
0.000000
0.000000
0.000000
0.000000
0.000000
0.000000
0.000000
0.000000
0.000000
0.000000
0.000000
0.000000
0.000000
0.000000
0.000000
0.000000
0.000000
0.000000
0.000000
0.000000
0.000000
0.000000
0.000000
0.000000
0.000000
0.000000
0.000000
0.000000
0.000000
0.000000
0.000000
0.000000
0.000000
0.000000
0.000000
0.000000
0.000000
0.000000
0.000000
0.000000
0.000000
0.000000
0.000000
0.000000
0.000000
0.000000
0.000000
0.000000
0.000000
0.000000
0.000000
0.000000
0.000000
0.000000
0.000000
0.000000
0.000000
0.000000
0.000000
0.000000
0.000000
0.000000
0.000000
0.000000
0.000000
0.000000
0.000000
0.000000
0.000000
0.000000
0.000000
0.000000
0.000000
0.000000
0.000000
0.000000
0.000000
0.000000
0.000000
0.000000
0.000000
0.000000
0.000000
0.000000
0.000000
0.000000
0.000000
0.000000
