0.314755
0.656297
1.208793
1.456578
1.282459
1.540290
1.483366
1.938756
2.042558
1.637395
1.905272
1.821560
1.701016
1.731152
1.744546
1.962195
1.801469
1.985634
1.985634
2.032513
1.667531
1.804818
1.885181
1.838302
1.721106
1.821560
1.875135
2.025816
1.747894
1.885181
1.814863
1.945453
1.801469
1.791424
1.828257
1.811515
1.925362
1.617304
1.774682
1.995680
1.875135
1.814863
1.791424
1.865090
1.975589
1.978938
2.166451
2.126270
2.079391
2.307086
2.230072
2.377404
2.970080
3.445561
3.030353
4.393174
2.765825
3.214518
4.282675
3.572803
3.994708
3.813891
3.854073
4.091813
3.636423
4.088465
4.004754
3.947830
3.998057
4.004754
3.947830
4.165480
4.225751
4.306114
4.570642
4.480234
4.630915
4.537158
4.212358
4.677793
4.379781
4.440053
4.684490
4.604127
4.707929
4.486931
4.614172
4.634263
4.466840
4.818428
4.604127
4.473537
4.661051
4.560597
4.028193
4.707929
4.443401
4.460144
4.584036
4.563945
4.610824
4.533809
4.443401
4.483582
4.681141
4.383129
4.309463
4.550552
4.500325
4.942321
4.627566
4.547204
4.567294
4.145389
4.738065
4.590734
4.306115
4.322857
4.352993
4.316160
4.302766
4.078420
4.008102
3.783755
3.606287
3.790452
3.736877
4.275978
3.944481
3.907648
4.044935
3.998057
4.011450
3.609636
3.693347
3.877512
3.479046
3.361850
3.234608
3.040398
2.943293
3.110716
3.053792
2.983474
2.903111
2.772521
2.611796
2.678765
2.541478
2.672068
2.380752
2.414237
2.220026
2.317132
2.213329
2.156406
2.139663
2.025816
1.871787
1.905271
1.885181
1.767985
1.761288
1.915317
1.721106
1.664183
1.771333
1.660834
1.684273
1.664183
1.684273
1.871787
1.520199
1.627350
1.426442
1.459927
1.932059
1.570426
1.680925
1.727803
1.624001
1.801469
1.891878
1.922014
1.791424
1.962195
2.039210
1.962195
2.457767
2.407540
2.598402
3.073883
2.846188
3.248003
3.140852
3.864118
3.941133
3.358502
3.820589
3.921042
4.142040
4.155434
4.299417
4.547204
4.386477
4.724672
4.265933
4.573991
4.687839
4.604127
4.714626
4.507022
4.620869
4.825126
4.825126
4.805035
4.865307
4.627566
4.590734
4.661051
4.902140
4.647657
4.607476
4.480235
4.838519
4.426659
4.684490
4.513719
4.707929
4.577340
4.543855
4.774899
4.664399
4.399871
4.761505
4.584036
4.614172
4.550552
4.520416
4.594082
4.510370
4.620870
4.577340
4.624218
4.399871
4.480234
4.326205
4.573991
4.463491
4.265933
4.547204
4.587385
4.661051
4.239145
4.426659
4.503673
4.209009
4.088465
4.085116
4.075071
4.024844
3.787104
3.874163
3.532621
3.683301
3.391986
3.314971
3.465652
3.197776
3.261396
2.886369
3.050443
2.889718
2.846188
2.732340
2.511342
2.658674
2.524736
2.420934
2.337222
2.156406
2.062649
2.260208
2.256859
2.049255
2.183193
2.220026
2.206632
2.387449
2.243466
2.538130
2.538130
2.430979
2.501297
2.347268
2.437676
2.313783
2.189890
2.297041
2.019119
2.173148
2.273602
2.236768
2.327177
2.220026
2.394146
2.548175
3.000216
2.725643
2.906460
3.053792
3.006914
3.458955
3.023656
3.365198
3.375244
3.335062
4.721323
3.673256
4.121949
3.532621
3.981314
4.034890
4.011450
4.118601
3.951178
3.907648
3.582848
3.961224
3.646469
3.609636
3.569454
3.445561
3.314971
3.325017
3.271441
3.053792
3.043746
2.849536
2.765825
2.735689
2.571614
2.682113
2.601750
2.374055
2.430979
2.049255
2.407540
2.153057
2.236769
2.256859
2.206633
2.086088
2.099482
2.223375
2.176497
2.052604
2.109527
2.062649
2.069346
2.156406
1.988983
2.005725
1.938756
1.878484
2.012422
1.838302
1.968892
2.079391
1.824908
2.059300
1.999028
1.968892
2.092785
1.982286
1.982286
1.788076
2.042558
2.002377
2.052604
2.022468
1.968892
2.025816
2.099482
2.055952
2.256859
2.206633
2.126270
2.196587
2.039210
1.962195
2.029165
1.999028
2.169800
2.049255
2.126270
1.697667
2.169800
1.999028
2.082740
2.035861
2.102830
1.999028
1.972241
2.032513
1.928711
1.972241
2.009073
2.005725
2.005725
1.985634
1.942104
2.129618
2.025816
2.139663
2.079391
2.146360
2.163102
2.143012
2.082740
2.176497
2.203284
2.129618
2.005725
2.065997
2.022468
2.106179
2.102830
2.002377
2.186542
2.203284
2.223375
2.019119
2.276950
2.317132
2.581660
2.558220
2.809355
3.003565
3.090625
3.251351
3.448910
3.435516
3.777058
3.485743
4.540506
3.887558
3.907648
4.198964
4.265933
4.051631
4.316160
3.844028
4.175525
4.831822
4.031541
4.480234
4.530461
4.744762
4.778246
4.436704
4.855261
4.895443
4.440053
4.768201
4.547204
4.657702
4.724672
4.717975
4.728020
4.667747
4.600778
4.292721
4.667747
4.275978
4.242494
4.158782
3.927739
3.937784
3.837331
3.857421
3.921042
3.833982
3.636423
3.767013
3.726831
3.569454
3.348456
3.405380
3.308275
3.231260
3.234608
2.916505
3.167639
3.000216
3.027004
2.812703
2.779218
2.759128
2.474509
2.290344
2.367358
2.347268
2.286995
2.176497
2.065997
2.119573
1.965544
1.962195
1.962195
1.834954
1.724455
1.717758
1.855045
1.901923
2.022468
2.082740
2.052604
2.112876
1.968892
1.895226
2.059300
2.019119
1.911968
1.952150
1.922014
2.029164
1.982286
2.069346
2.112876
2.434328
2.377404
2.698856
2.662023
2.869627
3.378592
3.130806
3.887558
3.100670
3.020307
3.726831
3.566106
4.748110
3.160943
3.760316
3.780407
3.880861
3.910997
4.008102
4.399871
4.322857
3.927739
4.205661
3.402032
4.851913
4.409917
5.005942
5.106396
4.758156
3.425471
4.034890
4.594082
4.262584
4.289372
4.928927
4.714626
3.937784
3.006914
3.917694
4.453447
4.028193
3.974617
3.224563
4.111904
4.138692
4.018147
4.255888
3.998057
2.819400
3.184382
4.148737
4.065026
3.542667
3.170988
3.452258
3.572803
3.579499
3.559409
3.157594
3.261396
3.144200
3.027004
2.836142
2.668720
2.581660
2.507993
2.514691
2.199936
1.975589
2.129618
2.086088
1.992331
1.952150
1.955498
1.778030
1.771333
1.875135
1.801469
1.617304
1.781379
1.664183
1.657486
1.667531
1.617304
1.764636
1.667531
1.714409
1.701016
1.958847
1.630698
2.146360
1.590517
2.112876
2.072694
2.441025
2.725643
2.615144
2.635235
2.785916
3.552712
3.264745
3.154246
3.525924
3.485743
3.917694
3.783755
4.044935
3.947830
4.125298
3.981314
4.071723
4.426659
4.463492
4.065026
4.091813
4.138691
3.991359
3.941133
4.761505
4.647657
4.078420
5.046123
4.081768
4.573991
4.594082
4.654354
4.815080
4.815080
4.694535
4.630915
4.550552
4.754808
4.677794
4.296069
4.419962
4.714626
4.788292
4.607476
4.540506
4.684490
5.062866
4.500325
4.671096
4.644309
3.706741
4.604127
4.711277
4.674445
4.728020
4.651005
4.851913
4.691187
4.557249
4.460144
4.440053
4.175525
4.326205
4.198964
3.783755
3.720135
3.833982
3.686650
3.746922
3.659863
3.442213
3.525924
3.311623
3.016959
3.204472
2.886369
2.949990
2.852885
2.718946
2.685462
2.568266
2.461115
2.410888
2.350616
2.106179
2.337222
2.116224
2.015770
2.025816
2.019119
2.112876
1.985634
2.012422
2.012422
1.972241
1.938756
1.798121
1.841651
1.717758
1.804818
1.794772
1.932059
1.824908
1.895226
1.999028
1.962195
1.801469
1.821560
1.851696
1.888529
1.831605
1.901923
1.771333
1.868438
2.012422
2.049255
1.942104
2.012422
2.079391
1.911968
1.915317
1.988983
1.781379
1.955498
1.821560
1.928711
2.012422
2.032513
2.069346
2.035861
1.932059
1.821560
1.888529
1.995680
1.784727
1.968892
1.925362
1.922014
1.915317
1.932059
2.045907
1.888529
1.801469
1.801469
1.871787
1.814863
1.690970
1.794772
1.928711
1.918665
1.992331
2.045907
1.968892
1.778030
1.794772
1.486714
1.871787
1.831606
1.282459
1.915317
0.887341
2.079391
1.828257
2.320480
2.126270
2.089437
1.915317
1.717758
1.938756
2.082740
1.801469
2.015770
1.958847
2.112876
2.079391
2.062649
2.012422
1.600562
1.376215
1.948802
1.962195
1.727803
1.891878
2.012422
2.079391
2.143012
2.173148
2.052604
1.958847
1.962195
1.972241
1.918665
1.885181
1.858393
1.925362
1.975589
1.995680
2.069346
1.945453
1.834954
1.995680
1.918665
2.045907
1.988983
2.052604
1.985634
2.025816
1.958847
2.049255
1.935408
1.965544
2.002377
2.089437
1.955498
1.764636
2.045907
2.002377
2.052604
2.005725
1.922014
1.915317
1.901923
1.841651
1.928711
1.895226
1.885181
1.634047
1.496760
2.102830
1.808166
1.778030
1.721106
1.741197
1.858393
1.694319
1.707712
1.788076
1.667531
1.757940
1.814863
1.711061
1.747894
1.808166
1.654137
1.721106
1.811515
1.844999
1.938756
1.955498
2.019119
2.022468
2.122921
2.216678
2.136315
2.260208
2.209981
2.333874
2.467812
2.220026
2.203284
2.062649
2.153057
1.938756
1.908620
2.012422
1.908620
1.875135
1.667531
1.824908
1.593865
1.634046
1.717758
1.624001
1.831605
1.717758
1.640743
1.684273
1.660834
2.092785
1.634047
1.804818
1.664183
1.901923
1.754591
1.781379
1.945453
1.901923
1.911968
1.844999
1.968892
1.932059
1.694319
1.637395
1.677577
1.751243
1.841651
1.426442
1.804818
1.540290
1.577123
1.801469
1.419745
0.200907
2.116224
1.369519
1.721106
1.670879
1.858393
2.022468
2.099482
2.119573
2.250163
2.507993
2.534781
2.715598
3.415425
2.929899
3.525924
3.060489
3.227912
3.365198
3.117413
3.264745
3.134155
3.509182
3.294881
3.405380
3.837331
3.623030
3.469001
3.559409
3.827285
3.432167
3.616333
3.378592
3.211169
3.191078
3.445561
3.331713
3.509182
3.679953
3.633075
3.847376
3.385289
3.606287
3.314971
3.093973
3.566106
3.582848
3.278139
3.130806
3.006914
3.020307
2.929899
2.842839
2.765825
2.672068
2.541478
2.471161
2.568266
2.364010
2.220026
2.216678
2.099482
2.199936
2.246814
1.918665
1.891878
1.895226
1.778030
1.828257
1.704364
1.788076
1.761288
1.801469
1.814863
1.778030
1.717758
1.855045
1.774682
1.788076
1.791424
1.784727
1.674228
1.888529
1.674228
1.717758
1.670880
1.590517
1.674228
1.714409
1.664183
1.493411
1.670880
1.757940
1.520199
1.104990
1.751243
1.419745
1.657486
1.791424
1.767985
1.664183
1.711061
1.510154
1.737849
1.868438
1.754591
1.778030
1.928711
1.667531
1.620653
1.580471
1.851696
1.660834
1.788076
1.694319
1.781379
1.583820
1.449881
2.005725
1.088248
1.821560
1.794772
1.901923
2.069346
1.811515
1.938756
1.225535
1.932059
1.761288
1.891878
1.784727
2.005725
1.875135
1.657486
1.674228
1.677577
1.901923
1.727803
1.677577
1.978938
1.480018
1.319292
1.928711
1.704364
1.634047
1.613956
2.032513
1.724455
1.952150
1.975589
1.788076
1.905271
1.757939
1.550335
1.563729
1.878484
1.727803
1.901923
1.988983
1.593865
1.336034
1.788076
1.861742
2.166451
1.714409
1.788076
1.741197
2.042558
2.169800
2.055952
2.163102
2.370707
2.119573
2.303738
2.012422
2.196587
2.076043
1.851696
2.045907
2.009074
1.999028
1.918665
1.885181
1.972241
1.928711
1.908620
1.928711
1.932059
1.888529
1.851696
2.012422
2.086088
2.353965
2.327177
2.608447
2.735689
2.963384
2.926551
3.391986
3.231260
3.442213
3.981314
3.669908
4.131995
3.850725
4.111904
4.071723
4.721323
4.209009
4.329554
4.332902
4.430007
4.651005
4.466840
4.788292
4.882049
4.805034
2.380752
4.855261
4.647657
4.661051
4.677793
4.691187
4.808383
4.868655
4.717975
4.630915
4.527112
4.507022
4.537158
4.245842
4.155434
4.034890
3.864118
3.713438
3.425471
3.576151
3.612984
3.455607
3.582848
3.368547
3.234608
2.963384
3.053792
2.799309
2.775870
2.826097
2.497948
2.615144
2.641932
2.320480
2.461115
2.286995
2.186542
2.179845
2.076043
2.009073
1.771333
1.771333
1.898575
1.754591
1.778030
1.670880
1.724455
1.684273
1.647440
1.573774
1.767985
1.774682
1.677577
1.911968
1.818211
1.798121
1.767985
1.844999
1.778030
1.734500
1.717758
1.734500
1.727803
1.724455
1.610607
1.630698
1.607259
1.650789
1.764636
1.975589
1.952150
2.062649
2.163102
2.065997
2.153057
2.169800
2.297041
2.109527
2.159754
1.891878
1.808166
1.905271
1.855045
1.995680
1.831606
1.788076
1.754591
1.570426
1.844999
1.711061
1.687622
1.670880
1.791424
1.898575
1.999028
2.012422
1.975589
2.035861
2.096133
2.256859
2.186542
2.625190
2.651977
2.648629
2.913157
2.980126
2.685462
2.410888
2.551524
2.665371
2.618493
2.608447
2.591705
2.441025
2.430979
2.434328
2.159754
2.220026
1.968892
2.102830
1.999028
1.888529
1.801469
1.771333
1.851696
1.824908
1.644092
1.677577
1.711061
1.764636
1.603910
1.694319
1.751243
1.697667
1.697667
1.403003
1.834954
1.486714
1.580471
1.654137
1.764636
1.818211
1.948802
2.062649
2.049255
2.156406
2.253511
2.059300
1.764636
3.124110
3.043747
2.410888
3.070534
2.621841
2.645280
2.816052
2.832794
3.355153
2.655326
2.826097
2.809355
1.466624
2.782567
2.795961
2.728992
2.514691
2.588356
2.625189
2.407540
2.387449
2.313783
2.243466
2.146360
1.938756
2.029164
1.922014
1.707713
1.637395
1.650789
1.794772
1.670880
1.895226
1.804818
1.597213
1.613956
1.714409
1.667531
1.644092
1.634047
1.771333
1.744546
1.761288
1.841651
1.888529
1.925362
2.146360
2.099482
1.962195
2.196587
2.226723
2.364010
2.417585
2.635235
2.896415
3.120761
2.946641
3.063837
3.013611
3.040398
2.876324
3.164291
2.970081
2.946641
2.872975
2.752431
2.725643
2.615144
2.595053
2.484555
2.461115
2.273602
2.380752
2.226723
2.149709
2.015770
1.928711
1.828257
1.791424
1.818212
1.831606
1.767985
1.724455
1.737849
1.617304
1.674228
1.751243
1.640743
1.721106
1.627350
1.456578
1.714409
1.741197
1.570426
1.711061
1.560381
1.838302
1.838302
1.955498
1.992331
2.072694
2.065997
2.173148
2.246814
2.203284
2.655326
2.906460
2.806006
3.060489
2.879672
2.739037
2.883021
3.033701
2.933247
3.080580
2.742385
2.792612
2.772521
2.785915
2.672068
2.568266
2.333874
2.461115
2.069346
2.240117
2.005725
2.166451
2.005725
1.952150
1.828257
1.938756
1.818212
1.778030
1.801469
1.731152
1.707713
1.687622
1.593865
1.701016
1.557032
1.674228
1.155217
1.523547
2.076043
1.727803
1.583820
1.480018
1.557032
1.888529
1.988983
1.834954
1.968892
2.233420
2.029164
2.136315
2.233420
2.286995
2.451070
2.564917
2.795961
2.635235
3.083928
3.023656
2.926551
2.990171
2.993520
2.926551
2.896415
2.826097
2.886369
2.789264
2.688810
2.544827
2.518039
2.390798
2.313783
2.333874
2.280298
2.032513
2.052603
1.995680
2.012422
1.848348
1.878484
1.751243
1.821560
1.821560
1.707713
1.677577
1.751243
1.654137
1.677577
1.640743
1.463275
1.667531
2.156406
1.613956
1.567077
1.704364
1.570426
1.684273
1.754591
1.925362
2.009074
1.925362
2.149709
2.163102
2.022468
1.952150
2.300389
3.264745
2.658674
3.120761
2.645280
2.822748
3.060489
2.970080
3.080580
2.849536
3.040398
2.960035
2.779218
2.638583
2.836142
2.621841
2.551523
2.668720
2.424282
2.407540
2.273602
2.189890
2.220026
2.045907
2.019119
1.952150
1.861742
1.798121
1.824908
1.764636
1.741197
1.670880
1.603910
1.767985
1.650789
1.610607
1.533593
1.838302
1.523548
1.717758
1.784727
1.593865
1.824908
1.617304
1.741197
1.945453
2.042558
2.062649
1.992331
2.055952
2.132966
2.143012
2.270253
2.374055
2.504645
2.682113
2.702204
2.929899
3.023656
3.010262
3.087276
2.856233
2.993520
2.819400
2.641932
2.866278
2.829445
2.635235
2.591705
2.581660
2.357313
2.417585
2.183193
2.297041
2.122921
1.999028
1.985634
1.938756
1.985634
1.918665
1.791424
1.597214
1.791424
1.831605
1.496760
1.848348
1.667531
1.506805
1.751243
1.674228
1.724455
1.570426
1.818212
1.878484
1.459927
1.603910
1.861742
1.707713
1.747894
1.824908
2.052604
2.286995
2.156406
2.163102
2.186542
2.092785
2.561569
2.672068
2.866278
2.819400
3.181033
3.053792
2.769173
2.983474
3.010262
2.990171
3.053792
2.826097
2.896415
2.976778
2.755780
2.712249
2.668720
2.343919
2.464464
2.420934
2.280298
2.143012
2.169800
2.072694
1.868438
1.891878
1.861742
1.925362
1.690970
1.808166
1.707713
1.674228
1.644092
1.778030
1.684273
1.463275
1.644092
1.590517
1.590517
1.804818
1.680925
1.557032
1.664183
1.684273
1.881832
1.868438
1.905272
1.955498
2.055952
2.042558
2.099482
2.337222
2.414237
2.601750
2.685462
2.856233
2.886369
2.966732
3.023656
3.097322
3.124110
3.016959
2.866278
3.073883
2.852885
2.625189
2.628538
2.541478
2.437676
2.591705
2.253511
2.404191
2.303738
2.203284
2.280298
1.878484
2.049255
1.928711
1.841651
1.798121
1.804818
1.808166
1.640743
2.082740
1.557032
1.687622
1.724455
1.620653
1.624001
1.831606
1.995680
1.995680
2.156406
2.143012
2.263556
2.451070
2.427631
2.568266
2.769173
3.037049
3.003565
3.251351
3.492440
3.408728
3.562757
4.004754
3.499136
4.584036
3.689999
4.721323
3.639772
4.202312
4.483582
4.014799
4.915534
4.135344
4.302766
4.486931
4.584036
4.701232
4.383129
4.262585
4.081768
4.185570
4.373084
3.823936
3.934436
4.245842
3.726831
3.612984
3.606287
3.569454
3.700044
3.860770
3.991359
3.994708
4.456795
3.971269
4.363038
4.034890
4.671096
4.269281
4.279327
4.369735
4.443401
4.838519
4.403220
4.560597
4.493628
4.764853
4.728020
4.517067
4.707929
4.908836
4.476886
4.610824
4.724672
4.741414
4.831822
4.714626
4.460144
4.614172
4.359690
3.890906
4.075071
4.165480
3.877512
3.874163
3.830634
3.405380
3.683301
3.241306
3.318320
3.294881
3.087276
2.859581
2.980126
2.806006
2.564917
2.822748
2.330525
2.521387
3.181033
2.186542
2.534781
2.407540
2.313783
2.394146
2.548175
2.521387
2.343919
2.380752
2.343919
2.263556
2.357313
2.293693
2.183193
2.179845
2.256859
2.260208
2.139663
2.250163
2.240117
2.129618
2.353965
2.290344
2.377404
2.317132
2.290344
2.256859
2.230072
2.461115
2.715598
2.414237
2.384101
2.441025
2.317132
2.360662
2.230072
2.343919
2.290344
2.367358
2.360662
2.270253
2.310435
2.484555
2.407540
2.518039
2.504645
2.544827
2.477858
2.430979
2.364010
2.273602
2.263556
2.303738
2.079391
2.213329
2.159754
2.139663
2.260208
2.153057
2.143012
2.079391
2.176497
2.196587
2.226723
2.256859
2.199936
2.126270
2.159754
2.193239
2.467812
2.374055
2.253511
2.320480
2.417585
2.340571
2.410888
2.357313
2.394146
2.303738
2.350616
2.199936
2.260208
2.313783
2.317132
2.246814
2.273602
2.223375
2.209981
2.397495
2.159754
2.220026
2.176497
2.156406
2.293693
1.573774
2.236768
2.186542
2.230072
2.186542
2.253511
2.357313
2.384101
2.534781
2.407540
2.447721
2.276950
2.300389
2.400843
2.149709
2.297041
2.263556
2.166451
2.143012
2.032513
1.901923
1.841651
0.000000
0.000000
0.000000
0.000000
0.000000
0.000000
0.000000
0.000000
0.000000
0.000000
0.000000
0.000000
0.000000
0.000000
0.000000
0.000000
0.000000
0.000000
0.000000
0.000000
0.000000
0.000000
0.000000
0.000000
0.000000
0.000000
0.000000
0.000000
0.000000
0.000000
0.000000
0.000000
0.000000
0.000000
0.000000
0.000000
0.000000
0.000000
0.000000
0.000000
0.000000
0.000000
0.000000
0.000000
0.000000
0.000000
0.000000
0.000000
0.000000
0.000000
0.000000
0.000000
0.000000
0.000000
0.000000
0.000000
0.000000
0.000000
0.000000
0.000000
0.000000
0.000000
0.000000
0.000000
0.000000
0.000000
0.000000
0.000000
0.000000
0.000000
0.000000
0.000000
0.000000
0.000000
0.000000
0.000000
0.000000
0.000000
0.000000
0.000000
0.000000
0.000000
0.000000
0.000000
0.000000
0.000000
0.000000
0.000000
0.000000
0.000000
0.000000
0.000000
0.000000
0.000000
0.000000
0.000000
0.000000
0.000000
0.000000
0.000000
0.000000
0.000000
0.000000
0.000000
0.000000
0.000000
0.000000
0.000000
0.000000
0.000000
0.000000
0.000000
0.000000
0.000000
0.000000
0.000000
0.000000
0.000000
0.000000
0.000000
0.000000
0.000000
0.000000
0.000000
0.000000
0.000000
0.000000
0.000000
0.000000
0.000000
0.000000
0.000000
0.000000
0.000000
0.000000
0.000000
0.000000
0.000000
0.000000
0.000000
0.000000
0.000000
0.000000
0.000000
0.000000
0.000000
0.000000
0.000000
0.000000
0.000000
0.000000
0.000000
0.000000
0.000000
0.000000
0.000000
0.000000
0.000000
0.000000
0.000000
0.000000
0.000000
0.000000
0.000000
0.000000
0.000000
0.000000
0.000000
0.000000
0.000000
0.000000
0.000000
0.000000
0.000000
0.000000
0.000000
0.000000
0.000000
0.000000
0.000000
0.000000
0.000000
0.000000
0.000000
0.000000
0.000000
0.000000
0.000000
0.000000
0.000000
0.000000
0.000000
0.000000
0.000000
0.000000
0.000000
0.000000
0.000000
0.000000
0.000000
0.000000
0.000000
0.000000
0.000000
0.000000
0.000000
0.000000
0.000000
0.000000
0.000000
0.000000
0.000000
0.000000
0.000000
0.000000
0.000000
0.000000
0.000000
0.000000
0.000000
0.000000
0.000000
0.000000
0.000000
0.000000
0.000000
0.000000
0.000000
0.000000
0.000000
0.000000
0.000000
0.000000
0.000000
0.000000
0.000000
0.000000
0.000000
0.000000
0.000000
0.000000
0.000000
0.000000
0.000000
0.000000
0.000000
0.000000
0.000000
0.000000
0.000000
0.000000
0.000000
0.000000
0.000000
0.000000
0.000000
0.000000
0.000000
0.000000
0.000000
0.000000
0.000000
0.000000
0.000000
0.000000
0.000000
0.000000
0.000000
0.000000
0.000000
0.000000
0.000000
0.000000
0.000000
0.000000
0.000000
0.000000
0.000000
0.000000
0.000000
0.000000
0.000000
0.000000
0.000000
0.000000
0.000000
0.000000
0.000000
0.000000
0.000000
0.000000
0.000000
0.000000
0.000000
0.000000
0.000000
0.000000
0.000000
0.000000
0.000000
0.000000
0.000000
0.000000
0.000000
0.000000
0.000000
0.000000
0.000000
0.000000
0.000000
0.000000
0.000000
0.000000
0.000000
0.000000
0.000000
0.000000
0.000000
0.000000
0.000000
0.000000
0.000000
0.000000
0.000000
0.000000
0.000000
0.000000
0.000000
0.000000
0.000000
0.000000
0.000000
0.000000
0.000000
0.000000
0.000000
0.000000
0.000000
0.000000
0.000000
0.000000
0.000000
0.000000
0.000000
0.000000
0.000000
0.000000
0.000000
0.000000
0.000000
0.000000
0.000000
0.000000
0.000000
0.000000
0.000000
0.000000
0.000000
0.000000
0.000000
0.000000
0.000000
0.000000
0.000000
0.000000
0.000000
0.000000
0.000000
0.000000
0.000000
0.000000
0.000000
0.000000
0.000000
0.000000
0.000000
0.000000
0.000000
0.000000
0.000000
0.000000
0.000000
0.000000
0.000000
0.000000
0.000000
0.000000
0.000000
0.000000
0.000000
0.000000
0.000000
0.000000
0.000000
0.000000
0.000000
0.000000
0.000000
0.000000
0.000000
0.000000
0.000000
0.000000
0.000000
0.000000
0.000000
0.000000
0.000000
0.000000
0.000000
0.000000
0.000000
0.000000
0.000000
0.000000
0.000000
0.000000
0.000000
0.000000
0.000000
0.000000
0.000000
0.000000
0.000000
0.000000
0.000000
0.000000
0.000000
0.000000
0.000000
0.000000
0.000000
0.000000
0.000000
0.000000
0.000000
0.000000
0.000000
0.000000
0.000000
0.000000
0.000000
0.000000
0.000000
0.000000
0.000000
0.000000
0.000000
0.000000
0.000000
0.000000
0.000000
0.000000
0.000000
0.000000
0.000000
0.000000
0.000000
0.000000
0.000000
0.000000
0.000000
0.000000
0.000000
0.000000
0.000000
0.000000
0.000000
0.000000
0.000000
0.000000
0.000000
0.000000
0.000000
0.000000
0.000000
0.000000
0.000000
0.000000
0.000000
0.000000
0.000000
0.000000
0.000000
0.000000
0.000000
0.000000
0.000000
0.000000
0.000000
0.000000
0.000000
0.000000
0.000000
0.000000
0.000000
0.000000
0.000000
0.000000
0.000000
0.000000
0.000000
0.000000
0.000000
0.000000
0.000000
0.000000
0.000000
0.000000
0.000000
0.000000
0.000000
0.000000
0.000000
0.000000
0.000000
0.000000
0.000000
0.000000
0.000000
0.000000
0.000000
0.000000
0.000000
0.000000
0.000000
0.000000
0.000000
0.000000
0.000000
0.000000
0.000000
0.000000
0.000000
0.000000
0.000000
0.000000
0.000000
0.000000
0.000000
0.000000
0.000000
0.000000
0.000000
0.000000
0.000000
0.000000
0.000000
0.000000
0.000000
0.000000
0.000000
0.000000
0.000000
0.000000
0.000000
0.000000
0.000000
0.000000
0.000000
0.000000
0.000000
0.000000
0.000000
0.000000
0.000000
0.000000
0.000000
0.000000
0.000000
0.000000
0.000000
0.000000
0.000000
0.000000
0.000000
0.000000
0.000000
0.000000
0.000000
0.000000
0.000000
0.000000
0.000000
0.000000
0.000000
0.000000
0.000000
0.000000
0.000000
0.000000
0.000000
0.000000
0.000000
0.000000
0.000000
0.000000
0.000000
0.000000
0.000000
0.000000
0.000000
0.000000
0.000000
0.000000
0.000000
0.000000
0.000000
0.000000
0.000000
0.000000
0.000000
0.000000
0.000000
0.000000
0.000000
0.000000
0.000000
0.000000
0.000000
0.000000
0.000000
0.000000
0.000000
0.000000
0.000000
0.000000
0.000000
0.000000
0.000000
0.000000
0.000000
0.000000
0.000000
0.000000
0.000000
0.000000
0.000000
0.000000
0.000000
0.000000
0.000000
0.000000
0.000000
0.000000
0.000000
0.000000
0.000000
0.000000
0.000000
0.000000
0.000000
0.000000
0.000000
0.000000
0.000000
0.000000
0.000000
0.000000
0.000000
0.000000
0.000000
0.000000
0.000000
0.000000
0.000000
0.000000
0.000000
0.000000
0.000000
0.000000
0.000000
0.000000
0.000000
0.000000
0.000000
0.000000
0.000000
0.000000
0.000000
0.000000
0.000000
0.000000
0.000000
0.000000
0.000000
0.000000
0.000000
0.000000
0.000000
0.000000
0.000000
0.000000
0.000000
0.000000
0.000000
0.000000
0.000000
0.000000
0.000000
0.000000
0.000000
0.000000
0.000000
0.000000
0.000000
0.000000
0.000000
0.000000
0.000000
0.000000
0.000000
0.000000
0.000000
0.000000
0.000000
0.000000
0.000000
0.000000
0.000000
0.000000
0.000000
0.000000
0.000000
0.000000
0.000000
0.000000
0.000000
0.000000
0.000000
0.000000
0.000000
0.000000
0.000000
0.000000
0.000000
0.000000
0.000000
0.000000
0.000000
0.000000
0.000000
0.000000
0.000000
0.000000
0.000000
0.000000
0.000000
0.000000
0.000000
0.000000
0.000000
0.000000
0.000000
0.000000
0.000000
0.000000
0.000000
0.000000
0.000000
0.000000
0.000000
0.000000
0.000000
0.000000
0.000000
0.000000
0.000000
0.000000
0.000000
0.000000
0.000000
0.000000
0.000000
0.000000
0.000000
0.000000
0.000000
0.000000
0.000000
0.000000
0.000000
0.000000
0.000000
0.000000
0.000000
0.000000
0.000000
0.000000
0.000000
0.000000
0.000000
0.000000
0.000000
0.000000
0.000000
0.000000
0.000000
0.000000
0.000000
0.000000
0.000000
0.000000
0.000000
0.000000
0.000000
0.000000
0.000000
0.000000
0.000000
0.000000
0.000000
0.000000
0.000000
0.000000
0.000000
0.000000
0.000000
0.000000
0.000000
0.000000
0.000000
0.000000
0.000000
0.000000
0.000000
0.000000
0.000000
0.000000
0.000000
0.000000
0.000000
0.000000
0.000000
0.000000
0.000000
0.000000
0.000000
0.000000
0.000000
0.000000
0.000000
0.000000
0.000000
0.000000
0.000000
0.000000
0.000000
0.000000
0.000000
0.000000
0.000000
0.000000
0.000000
0.000000
0.000000
0.000000
0.000000
0.000000
0.000000
0.000000
0.000000
0.000000
0.000000
0.000000
0.000000
0.000000
0.000000
0.000000
0.000000
0.000000
0.000000
0.000000
0.000000
0.000000
0.000000
0.000000
0.000000
0.000000
0.000000
0.000000
0.000000
0.000000
0.000000
0.000000
0.000000
0.000000
0.000000
0.000000
0.000000
0.000000
0.000000
0.000000
0.000000
0.000000
0.000000
0.000000
0.000000
0.000000
0.000000
0.000000
0.000000
0.000000
0.000000
0.000000
0.000000
0.000000
0.000000
0.000000
0.000000
0.000000
0.000000
0.000000
0.000000
0.000000
0.000000
0.000000
0.000000
0.000000
0.000000
0.000000
0.000000
0.000000
0.000000
0.000000
0.000000
0.000000
0.000000
0.000000
0.000000
0.000000
0.000000
0.000000
0.000000
0.000000
0.000000
0.000000
0.000000
0.000000
0.000000
0.000000
0.000000
0.000000
0.000000
0.000000
0.000000
0.000000
0.000000
0.000000
0.000000
0.000000
0.000000
0.000000
0.000000
0.000000
0.000000
0.000000
0.000000
0.000000
0.000000
0.000000
0.000000
0.000000
0.000000
0.000000
0.000000
0.000000
0.000000
0.000000
0.000000
0.000000
0.000000
0.000000
0.000000
0.000000
0.000000
0.000000
0.000000
0.000000
0.000000
0.000000
0.000000
0.000000
0.000000
0.000000
0.000000
0.000000
0.000000
0.000000
0.000000
0.000000
0.000000
0.000000
0.000000
0.000000
0.000000
0.000000
0.000000
0.000000
0.000000
0.000000
0.000000
0.000000
0.000000
0.000000
0.000000
0.000000
0.000000
0.000000
0.000000
0.000000
0.000000
0.000000
0.000000
0.000000
0.000000
0.000000
0.000000
0.000000
0.000000
0.000000
0.000000
0.000000
0.000000
0.000000
0.000000
0.000000
0.000000
0.000000
0.000000
0.000000
0.000000
0.000000
0.000000
0.000000
0.000000
0.000000
0.000000
0.000000
0.000000
0.000000
0.000000
0.000000
0.000000
0.000000
0.000000
0.000000
0.000000
0.000000
0.000000
0.000000
0.000000
0.000000
0.000000
0.000000
0.000000
0.000000
0.000000
0.000000
0.000000
0.000000
0.000000
0.000000
0.000000
0.000000
0.000000
0.000000
0.000000
0.000000
0.000000
0.000000
0.000000
0.000000
0.000000
0.000000
0.000000
0.000000
0.000000
0.000000
0.000000
0.000000
0.000000
0.000000
0.000000
0.000000
0.000000
0.000000
0.000000
0.000000
0.000000
0.000000
0.000000
0.000000
0.000000
