0.244437
0.599374
1.587168
1.038021
1.255671
1.389609
1.530244
1.908620
1.844999
1.674228
2.015770
1.737849
1.841651
1.764636
1.751243
1.798121
1.982286
1.965544
1.875135
1.952150
1.788076
1.881832
1.932059
1.982286
1.945453
1.828257
1.811515
1.898575
1.717758
1.968892
1.838302
1.881832
1.875135
1.952150
1.660834
1.496760
1.530244
1.767985
1.717758
1.784727
1.868438
1.747894
1.868438
1.674228
1.677577
1.801469
1.858393
1.727803
2.012422
1.677577
1.824908
1.824908
1.801469
1.644092
1.848348
1.814863
1.747894
1.754591
1.781379
1.855045
1.754591
1.798121
1.811515
1.617304
1.727803
1.888529
1.600562
1.680925
1.727803
1.784727
1.985634
1.804818
1.868438
1.761288
1.824908
1.654137
1.711061
1.577123
1.788076
1.506805
1.714409
1.794772
1.506805
1.627350
1.945453
1.747894
1.965544
1.791424
1.818212
1.704364
1.821560
1.925362
1.784727
1.600562
1.821560
1.834954
1.798121
1.757939
1.798121
1.640743
1.754591
1.774682
1.814863
1.881832
1.757940
1.875135
1.690970
1.530244
1.824908
1.784727
1.674228
2.002377
1.811515
1.844999
1.717758
1.717758
1.911968
1.690970
1.654137
1.838302
1.955498
1.865090
1.774682
1.791424
1.711061
1.469972
1.932059
1.680925
1.791424
1.928711
1.788076
1.707713
1.972241
1.717758
1.751243
1.925362
1.714409
2.129618
1.767985
1.664183
1.885181
1.828257
1.721106
1.637395
1.834954
1.905272
1.711061
1.674228
1.818212
1.848348
1.674228
1.650789
1.851696
1.992331
1.680925
1.808166
1.624001
1.868438
1.764636
1.885181
1.761288
1.814863
2.012422
1.831605
1.985634
1.747894
1.590517
2.062649
1.978938
1.858393
1.717758
1.794772
1.922014
1.865090
1.824908
1.932059
1.828257
1.637395
1.784727
1.714409
1.784727
1.674228
1.788076
1.821560
1.640743
1.784727
1.680925
1.885181
2.012422
1.761288
1.751243
1.791424
2.035861
1.938756
1.761288
1.999028
1.992331
1.771333
1.747894
1.627350
1.677577
1.808166
1.824908
1.731152
1.714409
1.858393
1.838302
1.878484
1.680925
1.704364
1.962195
1.701016
1.667531
1.747894
1.650789
1.687622
1.945453
1.764636
1.613956
1.895226
1.911968
1.778030
1.814863
1.764636
1.808166
1.734500
1.747894
1.798121
1.791424
2.102830
1.999028
1.952150
1.808166
1.717758
1.788076
1.744546
1.801469
1.798121
1.583820
1.724455
1.788076
1.613956
1.486714
1.794772
1.747894
1.667531
1.804818
1.767985
1.804818
1.667531
1.687622
1.761288
1.814863
1.603910
1.821560
1.871787
1.791424
1.714409
1.737849
1.824908
1.814863
1.895226
1.932059
1.630698
1.868438
1.938756
1.731152
1.650789
1.650789
1.724455
1.784727
1.613956
1.550335
1.838302
1.838302
1.731152
1.828257
1.767985
1.593865
1.814863
1.747894
1.701016
1.640743
1.684273
1.734500
1.680925
1.707713
1.784727
1.583820
1.804818
1.603910
1.690970
1.831606
1.717758
1.727803
1.761288
1.838302
1.814863
1.814863
1.684273
1.701016
1.814863
1.821560
1.711061
1.838302
1.824908
1.922014
1.620653
1.811515
1.741197
1.865090
1.844999
1.798121
1.647440
1.717758
1.744545
1.690970
1.844999
1.821560
1.687622
1.697667
1.734500
1.801469
1.844999
1.808166
1.841651
1.922014
1.781379
1.831606
1.610608
1.881832
1.583820
1.761288
1.764636
1.610608
1.660834
1.674228
2.089437
1.875135
1.861742
1.895226
1.935408
1.627350
1.811515
1.791424
1.697667
1.948802
2.005725
1.634047
2.126270
1.701016
1.707713
1.704364
1.811515
1.757939
1.771333
1.821560
1.838302
1.855045
1.885181
1.778030
1.831605
1.788076
1.781379
1.898575
1.838302
2.002377
1.767985
1.794772
1.781379
1.905272
1.744545
1.824908
1.985634
1.767985
1.814863
1.744546
2.022468
1.801469
1.808166
1.925362
1.818211
1.767985
1.744546
1.778030
2.019119
1.875135
1.915317
1.567077
1.948802
1.965544
1.908620
1.613956
1.680925
1.908620
1.804818
1.858393
1.731152
1.784727
1.761288
1.804818
1.895226
1.855045
1.667531
2.055952
1.861742
1.895226
1.757940
1.885181
1.754591
1.767985
1.814863
1.771333
1.774682
1.834954
1.791424
1.784727
1.751243
2.072694
1.707713
1.788076
1.717758
1.664183
1.583820
1.784727
1.834954
1.747894
1.891878
1.821560
1.878484
1.881832
1.580471
1.741197
1.851696
1.861742
1.717758
1.744545
1.855045
1.754591
1.680925
1.878484
1.905271
1.510154
1.734500
1.858393
1.781379
1.704364
1.798121
2.005725
1.875135
1.711061
1.868438
1.757939
1.701016
1.640743
1.841651
1.570426
1.851696
1.922014
1.757940
1.938756
1.868438
1.677577
1.804818
1.838302
1.747894
1.754591
1.781379
1.851696
1.704364
1.754591
1.583820
1.844999
1.881832
1.620653
1.701016
1.878484
1.637395
1.781379
1.590517
1.925362
1.737849
1.744545
1.952150
1.784727
1.727803
1.898575
1.697667
1.654137
1.717758
1.714409
1.808166
1.814863
1.781379
1.707713
2.035861
1.650789
1.811515
1.915317
1.881832
1.811515
1.627350
1.767985
1.908620
1.637395
1.677577
1.838302
1.727803
1.791424
1.784727
1.784727
1.727803
1.871787
1.764636
1.717758
1.968892
1.741197
1.831605
1.814863
1.828257
1.660834
1.821560
1.784727
1.563729
1.925362
1.801469
1.764636
1.717758
1.881832
1.818212
1.741197
1.888529
1.844999
1.891878
1.851696
1.567077
1.714409
1.761288
1.774682
1.888529
1.982286
1.580471
1.821560
1.855045
1.721106
1.654137
1.831606
1.895226
1.684273
1.885181
1.707713
1.771333
1.791424
1.828257
1.895226
1.942104
1.791424
1.714409
1.868438
1.667531
1.901923
1.834954
1.881832
1.841651
1.727803
1.640743
1.660834
1.841651
1.714409
1.861742
1.617304
1.808166
1.898575
1.744545
1.624001
1.824908
1.821560
1.757940
1.848348
1.992331
1.881832
1.650789
1.717758
1.583820
1.717758
1.647440
1.660834
1.861742
1.868438
1.761288
1.781379
1.580471
1.613956
1.925362
1.774682
1.798121
1.697667
1.731152
1.654137
1.711061
1.704364
1.821560
1.714409
1.818211
1.603910
1.844999
1.858393
1.781379
1.871787
1.781379
1.831606
1.908620
1.801469
1.694319
1.781379
1.741197
1.670880
1.932059
1.784727
1.767985
1.778030
1.690970
1.831605
1.855045
1.871787
1.895226
1.670879
1.747894
1.821560
1.861742
1.788076
1.751243
1.798121
1.767985
1.858393
1.794772
1.798121
1.761288
1.804818
1.811515
1.841651
1.721106
1.855045
1.821560
1.828257
1.747894
1.935408
1.838302
1.767985
1.741197
1.784727
1.801469
1.905272
1.905272
1.690970
1.734500
1.731152
1.801469
1.603910
1.684273
1.764636
1.865090
1.891878
1.761288
1.697667
1.764636
1.690970
1.801469
1.697667
1.778030
1.603910
1.928711
1.848348
1.640743
1.808166
1.433139
1.741197
1.774682
1.714409
1.761288
1.808166
1.630698
1.811515
1.593865
1.838302
1.553684
1.764636
1.687622
1.771333
1.861742
1.891878
1.637395
1.764636
1.757940
1.690970
1.818211
1.778030
1.657486
1.583820
1.624001
1.771333
1.808166
1.844999
1.844999
2.052604
1.721106
1.761288
1.895226
1.808166
1.801469
1.721106
1.932059
1.851696
1.674228
1.868438
1.952150
1.838302
1.811515
1.737849
1.774682
1.922014
1.932059
1.932059
1.804818
1.898575
1.774682
1.801469
1.905272
1.824908
1.908620
1.972241
1.838302
1.878484
1.767985
1.690970
1.975589
1.610607
1.901923
1.788076
1.597213
1.925362
1.895226
1.757940
1.714409
1.868438
1.687622
1.885181
1.711061
1.848348
1.818212
1.647440
1.741197
1.898575
1.824908
1.734500
1.918665
1.922014
1.881832
1.932059
1.650789
1.794772
1.791424
1.767985
1.774682
1.814863
1.580471
1.687622
1.761288
1.731152
1.878484
1.798121
1.945453
1.831606
1.711061
1.831606
1.771333
1.781379
1.543638
1.838302
1.788076
1.898575
1.868438
1.778030
1.778030
1.865090
1.908620
1.587168
1.858393
1.707713
1.677577
1.694319
1.670880
1.751243
1.831605
1.868438
1.841651
1.734500
1.824908
1.734500
1.577123
1.871787
1.737849
1.891878
1.751243
1.781379
1.855045
1.818212
1.968892
1.841651
1.747894
1.922014
1.657486
1.677577
1.724455
1.841651
1.711061
1.791424
1.798121
1.885181
1.778030
1.861742
1.727803
1.757940
1.754591
1.908620
1.761288
1.741197
1.737849
2.076043
1.895226
1.851696
1.714409
1.999028
1.824908
1.778030
1.613956
1.721106
1.818212
1.925362
1.764636
2.065997
1.714409
1.834954
1.895226
1.490063
1.620653
1.660834
1.664183
1.644092
1.744546
1.918665
1.801469
1.855045
1.791424
1.814863
1.801469
1.848348
1.918665
1.627350
1.657486
1.824908
1.774682
1.861742
1.771333
1.781379
1.885181
1.834954
2.002377
1.794772
1.734500
1.878484
1.587168
1.724455
1.801469
1.757939
1.798121
1.771333
1.804818
1.828257
1.868438
1.918665
1.647440
1.731152
1.771333
1.731152
1.620653
1.761288
1.831606
1.784727
1.751243
1.724455
1.865090
1.895226
1.791424
1.754591
1.965544
1.804818
1.778030
1.761288
1.844999
1.687622
1.654137
1.767985
1.570426
1.788076
1.721106
1.737849
1.727803
1.878484
1.570426
1.660834
1.436488
1.865090
1.898575
1.844999
1.905272
1.644092
1.804818
1.794772
1.915317
1.778030
1.901923
1.841651
1.761288
1.784727
1.858393
1.660834
1.861742
1.844999
1.731152
1.791424
1.761288
1.875135
1.855045
1.747894
1.838302
1.821560
1.878484
1.617304
1.734500
1.577123
1.804818
1.814863
1.734500
1.908620
2.052604
1.988983
1.952150
1.982286
1.714409
1.620653
1.911968
1.808166
1.637395
1.647440
1.680925
1.690970
1.901923
1.938756
2.032513
1.868438
1.744546
1.778030
1.804818
1.881832
1.597214
1.637395
1.724455
1.798121
1.895226
1.751243
2.059300
1.784727
1.767985
1.861742
1.680925
1.962195
1.731152
1.721106
1.891878
1.824908
1.858393
1.788076
1.717758
1.764636
1.707713
1.697667
1.567077
1.737849
1.821560
1.828257
1.764636
1.754591
1.624001
1.603910
1.677577
2.042558
1.737849
1.744546
1.844999
1.801469
1.657486
1.888529
1.767985
1.922014
1.647440
1.603910
1.654137
1.952150
1.788076
1.821560
1.885181
1.660834
1.771333
1.888529
1.664183
1.875135
1.640743
1.711061
1.771333
1.613956
1.895226
1.694319
1.808166
1.657486
1.690970
1.624001
1.808166
1.637395
1.734500
1.861742
1.855045
1.811515
1.737849
1.885181
1.751243
1.660834
1.794772
1.721106
1.858393
1.613956
1.761288
1.714409
1.714409
1.767985
1.610607
1.426442
1.711061
1.533593
1.922014
1.985634
1.469972
1.975589
1.439836
1.660834
1.630698
1.767985
1.791424
1.908620
1.861742
1.885181
2.059300
1.821560
1.855045
1.985634
1.851696
1.814863
1.838302
1.911968
1.901923
1.935408
1.781379
1.905272
1.958847
1.808166
1.684273
1.831605
1.952150
1.841651
1.701016
1.844999
1.788076
1.838302
1.848348
1.801469
2.019119
1.928711
1.871787
1.734500
1.747894
1.774682
1.761288
1.895226
1.794772
1.781379
1.891878
1.811515
1.844999
1.958847
1.905272
1.754591
1.975589
1.707713
1.811515
1.834954
1.965544
1.922014
1.855045
1.774682
1.962195
1.875135
1.767985
1.818211
1.707713
1.704364
1.647440
1.761288
2.035861
1.754591
1.757939
1.811515
1.697667
1.858393
1.975589
1.784727
1.741197
1.844999
1.714409
1.952150
1.811515
2.025816
1.828257
1.811515
1.834954
1.751243
1.791424
1.757939
1.881832
1.781379
1.781379
1.928711
1.798121
1.834954
1.878484
1.801469
2.022468
1.781379
1.767985
1.932059
2.072694
1.821560
1.761288
1.901923
1.674228
1.721106
1.744545
1.747894
1.821560
1.885181
1.788076
1.925362
2.065997
1.697667
1.855045
1.788076
1.841651
2.045907
1.778030
1.838302
1.721106
1.855045
1.824908
1.975589
1.714409
1.888529
1.855045
1.878484
1.834954
1.848348
1.814863
1.784727
1.731152
1.871787
1.905272
1.905272
1.858393
1.841651
1.875135
1.841651
1.834954
1.875135
1.868438
1.841651
1.878484
1.881832
1.958847
1.818211
1.841651
1.764636
1.798121
1.988983
1.828257
1.798121
1.697667
1.808166
1.791424
1.687622
1.764636
1.985634
1.858393
1.801469
1.707713
1.871787
1.808166
1.506805
1.955498
1.928711
2.002377
1.848348
1.855045
1.660834
1.844999
1.804818
1.841651
1.821560
1.727803
1.915317
2.039210
1.493411
1.610608
1.925362
1.968892
1.613956
1.731152
1.794772
1.704364
1.888529
1.945453
1.838302
1.814863
1.791424
1.834954
1.834954
1.617304
1.824908
1.865090
1.851696
1.804818
1.811515
1.878484
1.831606
1.814863
1.898575
1.811515
1.828257
1.791424
1.754591
1.865090
1.808166
1.918665
1.801469
1.932059
1.778030
1.831606
1.808166
1.801469
1.734500
1.808166
1.905272
1.704364
1.855045
1.804818
1.791424
1.818212
1.851696
1.831606
1.824908
1.801469
1.747894
1.630698
1.694319
1.784727
1.767985
1.811515
1.754591
1.808166
1.824908
1.778030
1.821560
1.834954
1.754591
1.721106
1.821560
1.778030
1.838302
1.701016
1.804818
1.804818
1.784727
1.798121
1.814863
1.734500
1.928711
1.754591
1.861742
1.811515
1.701016
1.848348
1.855045
1.714409
1.831606
1.774682
1.737849
1.771333
1.828257
1.804818
1.834954
1.751243
1.721106
1.674228
1.844999
1.744546
1.801469
1.804818
1.868438
1.881832
1.905272
1.690970
1.714409
1.788076
1.828257
1.784727
1.751243
1.801469
1.721106
1.767985
1.717758
1.791424
1.818212
1.784727
1.737849
1.774682
1.824908
1.891878
1.761288
1.865090
1.821560
1.818212
1.774682
1.871787
1.851696
1.767985
1.747894
1.778030
1.701016
1.774682
1.891878
1.754591
1.751243
1.841651
1.767985
1.838302
1.868438
1.788076
1.811515
1.778030
1.741197
1.784727
1.667531
1.747894
1.818212
1.767985
1.875135
1.754591
1.828257
1.744546
1.731152
1.794772
1.838302
1.814863
1.767985
1.761288
1.714409
1.801469
1.690970
2.009074
1.767985
1.727803
1.761288
1.942104
1.811515
1.754591
1.771333
1.811515
1.865090
1.684273
1.754591
1.644092
1.821560
1.791424
1.791424
1.804818
1.791424
1.771333
1.701016
1.697667
1.757940
1.717758
1.824908
1.690970
1.788076
1.711061
1.868438
1.714409
1.697667
1.747894
1.721106
1.801469
1.778030
2.082740
1.868438
1.788076
1.721106
1.895226
1.824908
1.844999
1.811515
1.844999
1.784727
1.731152
1.824908
1.680925
1.778030
1.801469
1.791424
1.855045
1.821560
1.911968
1.851696
1.828257
1.751243
1.851696
1.684273
1.798121
1.717758
1.895226
1.801469
1.694319
1.634047
1.546987
1.962195
1.570426
1.858393
1.647440
1.711061
1.794772
1.788076
1.684273
1.868438
1.858393
1.858393
1.905272
1.871787
1.821560
1.888529
1.878484
1.784727
1.858393
1.751243
1.741197
1.754591
1.737849
1.824908
0.542450
2.059300
1.325989
1.985634
1.516851
1.667531
1.644092
1.744546
1.948802
1.955498
1.855045
1.935408
1.935408
1.958847
1.922014
2.009074
2.012422
2.086088
1.791424
1.945453
1.932059
1.888529
1.861742
1.848348
1.851696
2.052604
1.801469
2.082740
1.995680
1.828257
1.965544
1.804818
1.804818
1.958847
1.952150
1.747894
1.811515
1.848348
1.844999
1.781379
1.851696
1.818212
1.737849
1.714409
1.824908
1.878484
1.841651
1.751243
1.714409
1.831605
1.861742
1.804818
1.891878
1.704364
1.881832
1.811515
1.938756
1.982286
1.875135
1.858393
1.697667
1.734500
1.844999
1.828257
1.667531
1.637395
1.868438
1.704364
1.841651
1.962195
1.764636
1.881832
1.794772
1.811515
1.811515
1.694319
1.804818
1.764636
1.731152
1.764636
1.942104
1.737849
1.794772
1.891878
1.721106
1.834954
1.801469
1.587168
1.922014
1.922014
1.875135
1.734500
1.905271
1.885181
1.878484
1.747894
1.881832
1.794772
1.811515
1.714409
1.828257
1.774682
1.754591
1.821560
1.831605
1.761288
1.891878
1.871787
1.684273
1.694319
1.724455
1.741197
1.794772
1.764636
1.834954
1.824908
1.767985
1.814863
1.855045
1.791424
1.844999
1.834954
1.804818
1.858393
1.778030
1.724455
1.674228
1.687622
1.734500
1.600562
1.694319
1.664183
1.791424
1.459927
1.312595
1.999028
1.315943
1.158566
1.664183
1.714409
1.898575
1.767985
1.848348
1.593865
1.778030
1.774682
1.788076
1.922014
1.717758
1.694319
1.704364
1.687622
1.928711
1.771333
1.848348
1.798121
1.908620
1.751243
2.055952
1.530244
1.690970
1.767985
1.798121
1.734500
1.952150
1.714409
1.911968
1.831606
1.751243
2.079391
1.778030
1.838302
1.724455
1.737849
1.764636
1.724455
1.654137
1.734500
1.660834
1.757939
2.230072
0.947613
2.163102
2.089437
1.741197
1.828257
1.808166
1.687622
1.607259
1.898575
1.764636
1.905271
1.714409
1.764636
1.664183
1.697667
1.737849
1.644092
1.707713
1.767985
1.875135
1.767985
1.992331
1.593865
1.798121
1.791424
1.778030
1.821560
1.871787
2.062649
1.955498
1.935408
1.851696
1.992331
1.955498
1.935408
2.102830
1.962195
1.891878
1.945453
1.945453
1.905272
1.932059
1.958847
1.858393
1.895226
1.881832
1.844999
1.901923
1.918665
2.015770
1.841651
2.049255
1.972241
1.814863
1.881832
1.798121
1.871787
1.781379
1.841651
2.129618
1.697667
1.824908
1.824908
1.731152
1.992331
2.076043
1.855045
1.711061
1.935408
1.771333
1.901923
1.868438
1.828257
2.029164
1.901923
1.721106
1.865090
1.925362
1.798121
1.888529
1.791424
1.858393
1.935408
1.781379
1.811515
1.881832
1.781379
1.731152
1.885181
1.684273
1.644092
1.935408
1.911968
1.935408
1.714409
1.855045
1.935408
1.791424
1.644092
1.811515
1.731152
1.711061
1.841651
1.918665
1.824908
1.945453
1.824908
1.901923
1.781379
1.721106
1.824908
1.701016
1.781379
1.888529
1.878484
1.952150
1.757939
1.737849
1.831606
1.593865
1.942104
1.905272
1.731152
1.868438
1.895226
1.868438
1.841651
1.784727
1.781379
1.721106
1.811515
1.754591
1.764636
1.868438
1.878484
1.821560
1.801469
1.690970
1.831605
1.891878
1.731152
1.788076
1.734500
1.801469
1.724455
1.915317
1.791424
1.834954
1.674228
1.798121
1.828257
1.798121
1.684273
2.035861
1.744545
1.828257
1.717758
1.908620
1.798121
1.804818
1.794772
1.828257
1.697667
1.801469
1.891878
1.731152
1.811515
1.747894
1.814863
1.563729
1.932059
1.885181
1.811515
1.834954
1.901923
1.754591
1.895226
1.600562
2.055952
1.871787
1.707713
1.891878
1.774682
1.838302
1.794772
1.778030
1.848348
1.744545
1.764636
1.727803
1.751243
1.865090
1.751243
1.613956
1.848348
1.804818
1.701016
1.711061
1.952150
1.731152
1.687622
1.771333
1.747894
1.851696
1.624001
1.640743
1.911968
1.911968
1.674228
1.687622
1.747894
1.848348
1.821560
1.784727
1.891878
1.925362
1.831606
1.885181
1.804818
1.988983
1.831606
1.985634
1.891878
1.808166
1.814863
1.834954
1.844999
1.895226
1.660834
1.814863
1.711061
1.741197
1.603910
1.744545
1.881832
1.697667
1.744546
1.804818
1.814863
1.734500
1.737849
1.844999
1.824908
1.865090
1.781379
1.771333
1.818212
1.754591
1.798121
1.875135
1.851696
1.858393
1.778030
1.784727
1.821560
1.831605
1.707713
1.690970
1.704364
1.905272
1.747894
1.821560
1.627350
1.781379
1.875135
1.905271
1.871787
1.644092
1.898575
1.754591
1.861742
1.751243
1.761288
1.781379
1.838302
1.814863
1.781379
1.717758
1.727803
1.781379
1.721106
1.701016
1.697667
1.754591
1.717758
1.654137
1.701016
1.938756
2.213329
1.580471
2.002377
1.500108
1.664183
1.828257
1.664183
1.858393
1.908620
1.811515
1.865090
1.844999
1.898575
1.891878
1.844999
1.881832
1.955498
1.891878
1.908620
1.808166
1.824908
1.918665
1.861742
1.865090
1.878484
2.025816
1.607259
1.911968
1.721106
1.798121
1.717758
1.814863
1.791424
1.918665
1.891878
1.687622
1.818211
1.888529
1.831606
1.640743
1.844999
1.841651
1.831606
2.015770
1.814863
1.767985
1.677577
1.804818
1.881832
1.901923
1.824908
1.834954
1.751243
1.895226
1.731152
1.731152
1.667531
1.674228
1.694319
1.697667
1.778030
1.573774
1.610607
1.754591
1.660834
1.771333
1.905271
1.640743
1.774682
1.754591
1.801469
1.888529
1.905272
1.932059
1.925362
1.891878
1.875135
1.915317
1.868438
1.848348
1.911968
1.831606
1.905272
1.761288
1.911968
1.831605
1.851696
1.891878
1.764636
1.968892
1.915317
2.029164
1.898575
1.865090
1.617304
1.838302
1.747894
1.878484
1.804818
1.798121
1.844999
1.908620
1.925362
1.844999
1.801469
1.841651
1.791424
1.844999
1.664183
1.721106
1.985634
1.717758
1.791424
1.781379
1.868438
1.804818
1.804818
1.767985
1.684273
1.737849
1.697667
1.741197
1.711061
1.684273
1.707713
1.757939
1.714409
1.754591
1.865090
1.938756
1.664183
1.660834
1.714409
1.744545
1.794772
1.865090
1.771333
1.821560
1.868438
1.891878
1.865090
1.804818
1.901923
1.734500
1.804818
1.731152
1.751243
1.814863
1.757939
1.918665
1.798121
1.754591
1.888529
1.794772
2.022468
1.844999
1.767985
1.684273
1.727803
1.851696
1.654137
1.600562
1.647440
1.865090
1.684273
1.694319
1.821560
1.784727
1.714409
1.714409
1.590517
1.942104
1.630698
1.737849
1.804818
1.791424
1.794772
1.784727
1.821560
1.821560
1.684273
1.677577
1.778030
1.657486
1.741197
1.677577
1.774682
1.690970
1.637395
1.701016
1.463275
1.905272
1.697667
1.871787
1.690970
1.570426
1.687622
1.911968
1.613956
1.868438
1.844999
1.905272
1.804818
1.778030
1.821560
1.834954
1.767985
1.838302
1.764636
1.885181
1.814863
1.754591
1.821560
1.838302
1.771333
1.764636
2.035861
1.798121
1.808166
1.798121
1.878484
1.794772
1.804818
1.754591
1.727803
1.962195
1.664183
1.831606
1.724455
1.898575
1.885181
1.784727
1.838302
1.757940
1.821560
1.754591
1.891878
1.734500
1.844999
1.774682
1.838302
1.801469
1.791424
1.801469
1.771333
1.754591
1.774682
1.761288
1.731152
1.717758
1.707713
1.774682
1.674228
1.701016
1.741197
1.654137
1.844999
1.640743
2.049255
1.634047
1.898575
1.741197
1.858393
1.895226
1.704364
1.968892
1.861742
1.871787
1.824908
1.895226
1.841651
1.801469
1.821560
1.922014
1.821560
1.901923
1.610607
1.824908
1.771333
1.764636
1.844999
2.025816
1.881832
1.838302
1.851696
1.858393
1.757940
1.925362
1.744545
1.667531
1.757940
1.804818
1.724455
1.901923
2.005725
1.844999
1.747894
1.731152
1.724455
1.828257
1.861742
1.734500
1.814863
1.778030
1.851696
1.794772
1.881832
1.707713
1.701016
1.788076
1.644092
1.684273
1.714409
1.654137
1.536941
1.577123
1.570426
1.814863
1.660834
1.905272
1.533593
1.369519
1.784727
1.818211
1.697667
1.714409
1.798121
1.898575
1.891878
2.022468
1.885181
1.868438
2.009073
1.804818
1.911968
1.855045
1.818212
1.911968
1.948802
1.871787
1.747894
1.640743
1.935408
1.855045
1.878484
1.694319
1.697667
1.838302
1.707713
1.958847
1.717758
1.851696
1.901923
1.694319
1.677577
1.791424
1.741197
1.908620
1.573774
1.771333
1.808166
1.721106
2.039210
1.774682
1.898575
1.747894
1.774682
1.858393
1.875135
1.774682
1.801469
1.821560
1.788076
1.560381
1.640743
1.778030
1.670880
1.754591
1.670880
1.563729
1.650789
1.687622
1.875135
1.798121
1.761288
1.922014
1.597214
2.019119
1.577123
1.674228
1.727803
1.794772
1.868438
1.798121
1.781379
1.861742
1.905272
1.858393
1.848348
1.848348
1.888529
1.881832
1.851696
1.841651
1.908620
1.824908
1.875135
1.855045
1.737849
1.898575
1.794772
1.774682
1.788076
1.898575
1.885181
1.895226
1.808166
1.701016
1.885181
1.915317
1.834954
1.798121
1.794772
1.848348
1.911968
1.851696
1.828257
1.684273
1.721106
1.694319
1.751243
1.851696
1.727803
1.885181
1.791424
1.928711
1.737849
1.741197
1.600562
1.778030
1.771333
1.962195
1.627350
1.690970
1.724455
1.597213
1.711061
1.684273
1.674228
1.798121
1.757939
1.791424
1.694319
1.848348
1.901923
1.844999
1.801469
1.918665
1.871787
1.878484
1.905272
1.824908
1.814863
1.761288
1.938756
1.942104
1.821560
1.798121
1.958847
1.841651
1.781379
1.798121
1.844999
1.871787
1.851696
1.767985
1.891878
1.791424
1.935408
1.821560
2.039210
2.022468
1.627350
1.664183
1.731152
1.948802
1.707713
1.737849
1.901923
1.734500
1.784727
1.754591
1.724455
1.634047
1.798121
1.798121
1.767985
1.858393
1.808166
1.734500
1.784727
1.721106
1.754591
1.727803
1.761288
1.952150
1.798121
1.801469
1.711061
1.801469
1.808166
1.724455
1.751243
1.901923
1.707713
1.757939
1.828257
1.707713
1.955498
1.620653
1.774682
1.757940
1.898575
1.771333
1.778030
1.831605
1.828257
1.767985
1.734500
1.600562
1.942104
1.794772
1.757940
1.781379
1.711061
1.677577
1.838302
1.824908
1.778030
1.881832
1.911968
1.818212
1.664183
2.035861
1.778030
1.757940
1.958847
1.831606
1.737849
1.784727
1.543638
1.828257
1.844999
1.747894
1.761288
2.025816
1.697667
1.871787
1.761288
1.828257
1.824908
1.824908
1.647440
1.898575
1.814863
1.784727
1.858393
1.690970
1.865090
1.724455
1.828257
1.603910
1.781379
1.754591
1.788076
1.734500
1.828257
1.811515
1.757939
1.844999
1.684273
1.861742
1.891878
1.791424
1.744545
1.808166
1.774682
1.690970
1.888529
1.945453
1.865090
1.818212
1.958847
1.834954
1.714409
1.891878
1.727803
1.898575
1.771333
1.721106
1.764636
1.888529
1.818212
1.895226
1.741197
1.881832
1.771333
1.724455
1.831606
1.955498
1.513502
1.744546
1.590517
1.808166
1.771333
1.885181
1.724455
1.741197
1.895226
1.794772
1.721106
1.794772
1.701016
1.828257
1.814863
1.962195
1.861742
1.858393
1.737849
1.794772
1.878484
1.701016
1.794772
1.855045
1.767985
1.694319
1.744546
1.774682
1.654137
1.781379
1.784727
1.701016
1.747894
1.865090
1.654137
1.922014
1.711061
1.982286
1.767985
1.680925
1.798121
1.761288
1.764636
1.654137
1.831606
1.794772
1.915317
1.851696
1.818211
1.724455
1.757940
1.922014
1.838302
1.637395
1.774682
1.855045
1.975589
1.918665
1.801469
1.861742
1.948802
1.824908
1.875135
1.935408
1.707713
1.811515
1.808166
1.935408
1.794772
1.791424
1.767985
1.834954
1.757940
1.848348
1.811515
1.744546
1.774682
1.751243
1.791424
1.650789
1.821560
1.818211
1.808166
1.724455
1.711061
1.868438
1.922014
1.657486
1.690970
1.761288
1.804818
1.922014
1.895226
1.781379
1.784727
1.771333
1.717758
1.747894
1.781379
1.757939
2.029164
1.834954
1.724455
1.861742
1.794772
1.677577
1.922014
1.781379
1.764636
1.764636
1.808166
1.804818
1.778030
1.744545
1.680925
1.657486
1.794772
1.707713
1.865090
1.794772
1.895226
1.690970
1.855045
1.788076
1.761288
1.724455
1.764636
1.965544
1.731152
1.644092
1.885181
1.798121
1.844999
1.680925
1.774682
1.764636
1.664183
1.724455
1.714409
1.968892
1.674228
1.727803
1.995680
1.791424
1.865090
1.754591
1.821560
1.747894
1.915317
1.650789
1.654137
1.754591
1.784727
1.707713
1.727803
1.734500
1.707713
1.838302
1.801469
1.834954
1.895226
1.915317
1.831606
1.798121
1.821560
1.644092
1.855045
1.804818
1.603910
1.761288
1.824908
1.751243
1.664183
1.707713
1.982286
1.888529
1.781379
1.767985
1.690970
1.831606
1.711061
1.677577
1.757940
1.781379
1.744546
1.878484
1.848348
1.858393
1.858393
1.603910
2.002377
1.781379
1.754591
1.881832
1.871787
1.754591
1.761288
1.781379
1.895226
1.774682
1.613956
1.841651
1.878484
1.707713
1.704364
1.664183
1.737849
1.677577
1.774682
1.831606
1.664183
1.717758
1.781379
1.922014
1.650789
1.804818
1.804818
1.848348
1.855045
1.841651
2.055952
1.881832
1.788076
1.757939
1.865090
1.741197
1.804818
1.744545
1.828257
1.680925
1.868438
1.727803
1.771333
1.774682
1.724455
1.721106
1.774682
1.771333
1.828257
1.851696
1.747894
1.767985
1.814863
1.891878
1.898575
0.000000
0.000000
0.000000
0.000000
0.000000
0.000000
0.000000
0.000000
0.000000
0.000000
0.000000
0.000000
0.000000
0.000000
0.000000
0.000000
0.000000
0.000000
0.000000
0.000000
0.000000
0.000000
0.000000
0.000000
0.000000
0.000000
0.000000
0.000000
0.000000
0.000000
0.000000
0.000000
0.000000
0.000000
0.000000
0.000000
0.000000
0.000000
0.000000
0.000000
0.000000
0.000000
0.000000
0.000000
0.000000
0.000000
0.000000
0.000000
0.000000
0.000000
0.000000
0.000000
0.000000
0.000000
0.000000
0.000000
0.000000
0.000000
0.000000
0.000000
0.000000
0.000000
0.000000
0.000000
0.000000
0.000000
0.000000
0.000000
0.000000
0.000000
0.000000
0.000000
0.000000
0.000000
0.000000
0.000000
0.000000
0.000000
0.000000
0.000000
0.000000
0.000000
0.000000
0.000000
0.000000
0.000000
0.000000
0.000000
0.000000
0.000000
0.000000
0.000000
0.000000
0.000000
0.000000
0.000000
0.000000
0.000000
0.000000
0.000000
0.000000
0.000000
0.000000
0.000000
0.000000
0.000000
0.000000
0.000000
0.000000
0.000000
0.000000
0.000000
0.000000
0.000000
0.000000
0.000000
0.000000
0.000000
0.000000
0.000000
0.000000
0.000000
0.000000
0.000000
0.000000
0.000000
0.000000
0.000000
0.000000
0.000000
0.000000
0.000000
0.000000
0.000000
0.000000
0.000000
0.000000
0.000000
0.000000
0.000000
0.000000
0.000000
0.000000
0.000000
0.000000
0.000000
0.000000
0.000000
0.000000
0.000000
0.000000
0.000000
0.000000
0.000000
0.000000
0.000000
0.000000
0.000000
0.000000
0.000000
0.000000
0.000000
0.000000
0.000000
0.000000
0.000000
0.000000
0.000000
0.000000
0.000000
0.000000
0.000000
0.000000
0.000000
0.000000
0.000000
0.000000
0.000000
0.000000
0.000000
0.000000
0.000000
0.000000
0.000000
0.000000
0.000000
0.000000
0.000000
0.000000
0.000000
0.000000
0.000000
0.000000
0.000000
0.000000
0.000000
0.000000
0.000000
0.000000
0.000000
0.000000
0.000000
0.000000
