0.304709
0.585980
0.930871
1.315943
1.426442
1.490063
1.587168
1.771333
1.958847
1.831606
1.824908
1.848348
1.811515
1.834954
1.975589
2.119573
1.811515
1.824908
1.918665
1.704364
1.885181
1.928711
1.764636
1.654137
2.059300
1.948802
1.811515
1.714409
1.721106
1.965544
1.834954
1.885181
1.664183
1.634047
1.818211
1.734500
1.824908
1.865090
1.875135
1.801469
2.019119
1.855045
1.801469
1.848348
1.583820
1.932059
1.972241
2.230072
2.595053
2.846188
2.310435
3.412076
2.842839
3.646468
4.011450
3.261396
3.458955
3.284835
3.683302
3.335062
3.833982
3.579499
3.509182
3.529273
3.522576
3.823936
3.967921
3.713438
4.158782
4.326205
3.793801
3.492440
4.242494
4.363038
5.072911
3.957875
4.922231
4.239145
4.701232
4.841867
4.634263
4.543855
4.577340
4.209009
4.252539
4.383129
4.245842
4.235797
4.004754
4.068374
3.636423
3.854073
4.188918
4.219055
4.845216
4.768201
4.296069
3.700044
4.584036
3.683302
3.318320
3.820589
4.443401
4.172176
4.480234
4.356341
4.198964
4.105207
3.931087
3.900951
4.138691
3.977966
3.700044
3.810543
3.556060
2.953338
3.870815
4.034890
4.145389
3.981314
4.138692
3.974617
3.984663
3.756968
3.800498
3.616333
3.753619
3.683302
3.442213
3.713438
3.700044
3.894254
3.803846
3.713438
3.767013
3.803846
3.515879
3.485743
3.663211
3.579499
3.268093
3.378592
3.147549
3.304926
3.124110
3.177685
3.040398
3.016959
3.016959
2.876324
2.809355
2.585008
2.518039
2.678765
2.504645
2.521387
2.554872
2.430979
2.343919
2.119573
2.119573
2.317132
2.096133
1.999028
2.065997
2.082740
1.985634
1.952150
2.119573
1.808166
1.828257
1.734500
1.858393
1.721106
1.620653
1.828257
1.684273
1.647440
1.610607
1.650789
1.650789
1.764636
1.342731
1.617304
1.660834
1.480018
1.985634
1.613956
1.885181
1.821560
2.052604
2.507993
2.283647
2.521387
3.181033
2.524736
2.946641
3.569454
2.899763
3.418774
4.108556
3.609636
4.426659
3.612984
4.413265
3.502485
4.068374
4.359690
3.967921
4.172176
3.954527
4.520416
3.780407
4.349645
4.711277
4.550552
5.417802
4.781595
4.563945
4.758156
4.771550
5.280515
5.216895
5.042775
5.883237
5.149925
5.354181
5.980342
5.531650
5.595270
5.247031
5.528301
5.548392
5.451286
5.347484
5.159971
4.681141
4.915533
4.784944
4.982502
4.851913
5.183410
5.223591
5.133183
5.739254
5.310651
4.872004
5.427847
5.481422
5.370924
5.451286
5.320696
5.980342
5.367575
5.327394
5.612013
5.612012
5.498165
5.354181
5.437892
5.230288
5.223591
4.821777
5.015987
4.925579
4.373084
4.557249
4.453446
3.884209
4.289372
3.833982
3.907648
3.767013
3.676605
3.689999
3.740226
3.659863
3.586196
3.311623
3.937784
3.422122
3.341759
2.906460
3.187730
3.167639
3.234608
3.187730
3.368547
3.274790
3.385289
3.174336
3.197776
3.187730
3.425471
3.505834
3.194427
3.609636
3.241306
3.546015
3.157594
3.314971
3.154245
3.432167
3.740226
3.787104
4.091813
3.609636
3.904300
4.443401
4.627566
3.874163
4.436704
4.399871
4.306114
4.342948
4.426659
4.399871
4.533809
4.145389
4.031541
4.115252
4.011450
3.666559
4.142040
3.807194
3.472349
3.499137
4.326205
3.723483
3.418774
3.140852
2.832794
3.505833
3.391986
2.561569
3.258048
3.288184
2.886369
2.916505
2.695507
3.274790
2.822748
2.899763
3.170988
2.812703
2.963384
3.120761
3.150897
3.207821
3.204472
3.462303
3.398683
3.090625
3.194427
3.375244
3.201124
3.244654
3.201124
3.264745
3.164291
3.087276
3.144200
3.160943
3.124110
3.214518
3.147549
2.946641
3.070534
3.100670
3.073883
3.003565
2.976778
2.775870
3.124110
3.000216
2.862930
2.963384
2.983474
3.080580
3.090625
2.822748
2.829445
2.896415
3.509182
3.177685
2.846188
3.428819
3.197776
3.405380
3.529273
3.097322
3.301578
3.398683
3.629726
3.539318
3.683301
3.408728
3.378592
3.167639
3.559409
3.653166
3.552712
3.502485
3.489091
3.653166
3.556061
3.606287
3.683302
3.489091
3.368547
3.653166
3.489091
3.532621
3.639772
3.599590
3.402031
3.418774
3.676605
3.589545
3.371895
3.522576
3.160943
3.696695
3.669908
3.636423
3.797149
3.921042
3.713438
4.182222
4.225751
4.108556
4.406568
4.105207
4.379781
4.553900
4.493628
4.667748
4.172176
4.430007
4.312812
4.446750
4.172176
4.148737
4.054980
4.001405
3.867467
3.847376
3.442213
4.018147
3.542667
3.549363
3.475698
3.308275
3.124110
3.258048
3.150897
3.000216
2.960035
2.625189
2.494600
2.728992
2.611796
2.598402
2.471161
2.451070
2.340571
2.193239
2.253511
2.872975
1.855045
2.625190
2.795961
3.093973
2.548175
3.097322
2.883021
2.963384
3.140852
3.006914
3.043747
3.150897
3.278139
3.445561
3.643120
3.827285
3.204472
3.458955
3.301578
3.556060
3.552712
3.569454
3.512530
3.582848
3.726831
3.904300
4.205661
4.101859
3.941133
4.065026
4.065026
4.493628
4.111904
5.086305
4.898791
5.210197
4.851913
5.216895
4.580688
4.928927
4.342948
4.594082
4.651005
4.520416
4.299417
4.456795
4.158782
4.416614
4.135344
3.947830
4.085116
4.054980
3.693347
3.998057
3.442213
3.412076
3.817240
3.325017
3.371895
3.435516
3.097322
3.194427
3.040398
2.909808
3.006913
2.728992
2.906460
2.708901
2.728992
2.574963
2.504645
2.444373
2.260208
2.260208
2.193239
2.206632
2.216678
2.049255
1.975589
1.844999
1.754591
1.717758
1.855045
1.687622
1.767985
1.657486
1.674228
1.530244
1.704364
1.657486
1.590517
1.687622
1.486714
1.560381
1.674228
1.627350
2.353965
1.533593
1.523548
1.536941
1.771333
1.898575
2.005725
2.441025
2.427631
2.364010
2.732340
2.762476
3.037050
3.569454
3.184382
3.870815
3.271441
4.366386
4.259236
3.566106
4.219055
3.917694
4.075071
4.071723
4.061677
4.794989
4.249191
4.423310
3.984663
4.259236
4.754807
4.212358
4.500325
4.520416
4.480234
4.902140
4.731369
4.657702
5.735905
4.932276
4.982502
4.778246
4.550551
4.788292
4.563945
4.406568
4.751459
3.947830
4.155434
4.717975
4.577340
5.069562
4.741414
4.664399
4.185570
4.383129
4.128646
4.008102
3.988011
3.837331
4.158782
4.209009
4.296069
4.366386
4.805035
4.406568
4.537158
4.296069
4.406568
4.195615
4.379781
4.342948
4.131995
4.262585
3.753619
4.108556
3.797149
3.877512
3.686650
3.656514
3.381940
3.636423
3.502485
3.442213
3.197776
3.090625
3.087276
2.862930
2.896415
2.916505
2.715598
2.678765
2.668720
2.682113
2.250163
3.104019
2.427630
2.102830
2.477858
2.333874
2.551523
2.347268
2.350616
2.641932
2.625190
2.678765
2.246814
2.675416
2.323828
2.263556
2.712250
2.330525
1.004537
2.795961
1.935408
2.250162
2.360662
2.364010
2.457767
2.303738
2.340571
2.467812
2.538130
2.534781
2.561569
2.718946
2.417585
2.491251
2.441025
2.387449
2.343920
2.370707
2.447721
2.430979
1.767985
2.494600
2.675416
2.357313
2.504645
2.648629
2.437676
3.274790
2.541478
3.184382
1.553684
2.541478
2.832794
2.370707
2.454418
2.718946
2.561569
2.015771
2.799309
2.591705
2.564918
2.240117
2.534781
2.595054
2.568266
2.491251
3.288184
2.424282
2.802658
1.587168
2.370707
2.568266
2.477857
2.390798
2.544827
2.618493
2.404191
2.518039
2.511342
2.467812
2.528084
2.518039
2.397495
2.598402
2.611796
3.027004
1.707713
2.916505
1.938756
2.601750
2.461115
2.668720
2.223375
2.585008
2.484555
2.615144
2.521387
2.585008
2.588356
2.551524
2.507993
2.474509
2.340571
2.491251
2.280298
2.333874
2.364010
2.233420
2.213329
1.978938
1.968892
1.965544
1.955498
1.875135
1.801469
1.938756
1.731152
1.771333
1.848348
1.788076
1.788076
1.721106
1.694319
1.711061
1.707713
1.613956
1.637395
1.721106
2.213329
1.985634
2.404191
2.266905
2.290344
2.471160
2.347268
2.511342
2.330525
2.340571
2.434328
2.173148
2.220026
2.203284
2.216678
2.223375
2.116224
1.968892
1.858393
2.159754
1.868438
1.821560
1.848348
1.828257
1.744546
1.553684
1.771333
1.794772
1.761288
1.583820
1.617304
1.717758
1.697667
1.627350
1.818212
1.855045
1.811515
1.942104
1.885181
1.982286
1.955498
2.002377
1.891878
1.744546
1.972241
1.911968
1.905272
1.841651
1.875135
1.834954
2.009073
1.684273
1.717758
1.563729
1.751243
1.781379
1.546987
1.697667
1.657486
1.637395
1.975589
1.885181
2.159754
2.541478
2.544827
3.130806
3.100670
2.812703
3.689999
3.104019
2.980126
4.121949
3.298229
3.736877
3.442213
3.743574
3.746922
4.192267
3.736877
3.844027
3.907648
3.951178
3.954527
4.152085
3.626378
3.991359
3.820588
3.412076
3.335062
3.723483
3.753619
3.726831
3.736877
3.706741
3.576151
3.740226
3.519228
3.525924
3.566106
3.596242
3.586196
3.325017
3.435516
3.264745
3.278139
3.177685
3.147549
3.040398
3.087276
2.883021
2.936596
2.876324
2.816052
2.598402
2.464464
2.568266
2.528084
2.595053
2.471161
2.263556
2.146360
2.119573
2.196587
2.049255
2.039210
2.009073
2.280298
1.844999
1.734500
1.831605
1.791424
1.881832
1.694319
1.774682
1.727803
1.644092
1.563729
1.620653
1.660834
1.721106
1.640743
1.858393
2.524736
0.736660
2.156406
2.166451
1.359473
1.717758
2.089437
1.607259
1.737849
1.640743
2.059300
1.834954
1.339382
1.570426
1.851696
0.967704
1.841651
1.644092
1.593865
1.875135
1.861742
1.958847
1.516851
1.734500
1.942104
1.717758
1.781379
2.173148
1.510154
1.724455
1.922014
1.958847
2.086088
1.834954
2.260208
1.804818
1.851696
1.794772
2.092785
1.764636
1.788076
1.788076
1.865090
1.707713
1.701016
1.788076
1.644092
1.637395
1.788076
1.349428
1.898575
1.821560
1.690970
1.794772
2.343919
1.945453
1.901923
1.898575
1.774682
1.824908
2.032513
1.999028
1.928711
1.563729
1.784727
1.851696
1.821560
1.637395
1.476669
2.122921
1.761288
2.012422
1.737849
1.731152
1.811515
1.868438
1.844999
2.106179
1.915317
2.260208
2.430979
2.474509
2.611796
2.571614
2.645280
2.595053
2.467812
2.735689
2.457767
2.635235
2.682113
2.367358
2.785916
2.374055
2.186542
2.353965
2.528084
2.497948
2.487903
3.027004
2.688810
3.378592
2.494600
3.130806
3.181033
3.197776
3.559409
3.358501
3.435516
3.552712
3.646468
3.552712
3.823936
3.746922
3.566106
3.830634
3.740226
3.693347
3.623030
3.730180
3.857421
3.991359
4.021495
3.787104
4.396523
3.837331
4.145389
4.202312
4.118601
4.389826
3.924390
4.075071
3.726831
3.750271
3.894254
3.552712
3.629726
3.934436
3.854073
3.833982
3.726831
3.931087
3.606287
3.736877
3.619681
3.304926
3.777058
3.335062
3.104019
3.381940
3.137503
3.040398
2.926551
2.903111
3.006914
2.739037
2.822748
2.561569
2.658674
2.564917
2.524736
2.397495
2.504645
2.437676
2.394146
2.300389
2.112876
2.541478
1.995680
1.972241
1.818211
1.767985
1.670880
1.724455
1.818212
1.707713
1.731152
1.590517
1.764636
1.714409
1.975589
1.757939
1.734500
1.801469
1.707713
1.814863
1.788076
1.721106
1.657486
1.778030
1.680925
1.724455
1.714409
1.727803
2.186542
2.005725
2.163102
2.447721
2.230072
2.199936
2.186542
2.089437
2.233420
2.102830
2.109527
2.179845
1.885181
1.952150
1.905272
1.764636
1.881832
1.804818
1.627350
1.610607
1.848348
1.654137
1.801469
1.824908
1.891878
1.999028
2.089437
2.233420
2.554872
2.595053
2.682113
2.615144
2.668720
2.883021
2.779218
2.779218
2.628538
2.658674
2.474509
2.621841
2.628538
2.534781
2.471161
2.585008
2.424282
2.467812
2.364010
2.186542
2.236768
2.347268
1.992331
2.176497
1.878484
1.624001
1.751243
1.747894
1.781379
1.744545
1.724455
1.694319
1.650789
1.824908
1.731152
1.583820
1.714409
1.684273
1.968892
1.697667
1.908620
1.557032
1.731152
2.260208
1.814863
2.183193
2.340571
2.518039
2.625189
3.485743
2.571614
2.859581
3.365198
2.899763
3.234608
2.953338
2.722295
2.725643
3.120761
2.842839
2.876324
2.842839
2.611796
2.625189
2.849536
2.631886
2.621841
2.581660
2.414237
2.534781
2.350616
2.353965
2.029164
2.193239
2.025816
2.132967
1.878484
1.818212
1.690970
1.804818
1.784727
1.734500
1.898575
1.624001
1.734500
1.640743
1.670880
1.560381
1.881832
1.684273
1.747894
1.684273
1.670880
1.767985
1.747894
1.844999
2.129618
2.417585
2.333874
2.812703
2.765825
3.087276
3.016959
3.050443
3.147549
2.953338
2.702204
2.986823
2.993520
3.047095
2.849536
2.973429
2.866278
2.725643
2.665371
2.702204
2.427631
2.595053
2.514691
2.507993
2.313783
2.320480
2.109527
2.153057
2.112876
1.999028
2.012422
1.901923
1.804818
1.774682
1.771333
1.731152
1.657486
1.704364
1.634047
1.664183
1.881832
1.704364
1.533593
2.357313
1.346079
1.727803
1.587168
1.664183
1.724455
1.932059
2.049255
2.377404
2.441025
2.618493
2.648629
2.096133
2.872975
2.769173
2.966732
3.231260
2.866278
2.913157
2.862930
3.093973
2.906460
2.970081
2.802658
2.829445
2.655326
2.561569
2.518039
2.477857
2.327177
2.434328
2.293693
2.286995
2.293693
2.206632
2.035861
1.975589
2.005725
1.640743
1.875135
1.844999
1.798121
1.788076
1.774682
1.573774
1.654137
1.704364
1.667531
1.443185
1.677577
1.982286
1.536941
1.727803
1.717758
1.664183
1.821560
1.352776
2.096133
2.049255
2.414237
2.943293
2.507993
2.548175
3.217866
2.909808
3.120761
2.996868
2.926551
3.181033
2.990171
3.124110
2.943293
2.926551
2.906460
2.755780
2.638583
2.474509
2.631886
2.605099
2.541478
2.581660
2.303738
2.290344
2.410888
2.206633
2.283647
1.600562
2.106179
2.092785
1.999028
1.818212
1.901923
1.761288
1.717758
1.814863
1.721106
1.717758
1.654137
1.647440
1.670879
1.640743
1.687622
1.617304
1.694319
1.794772
1.640743
1.851696
1.660834
2.193239
1.888529
2.102830
2.578311
2.290344
2.574963
3.120761
2.457767
3.097322
3.559409
2.705553
2.816051
3.204472
2.849536
2.799309
2.806006
2.742385
3.093973
2.772522
2.896415
2.752431
2.601750
2.718946
2.725643
2.732340
2.578311
2.524736
2.297041
2.196587
2.380752
2.146360
2.169800
1.794772
1.737849
1.901923
1.865090
1.801469
1.865090
1.674228
1.680925
1.701016
1.724455
1.674228
1.500108
1.620653
1.992331
1.466624
1.905271
1.694319
1.999028
1.510154
1.570426
1.962195
1.885181
2.059300
2.213329
2.310435
2.722295
2.956687
2.712250
3.385289
2.728992
2.906460
3.211169
2.919853
2.718946
3.160942
2.916505
2.936596
2.842839
2.889718
2.662023
2.862930
2.514691
2.518039
2.484555
2.307086
2.330525
2.484555
2.394146
2.323828
2.343920
2.132967
2.209981
2.099482
2.022468
2.009073
1.878484
1.724455
1.844999
1.848348
1.469972
2.005725
1.563729
1.657486
1.476669
1.811515
1.583820
1.439836
1.731152
1.570426
1.701016
1.751243
1.781379
1.711061
1.878484
2.223375
2.015770
2.347268
2.946641
2.615144
2.682113
2.461115
2.869627
3.361850
2.749082
3.077231
3.254699
2.896415
3.114064
2.926551
2.795961
2.862930
2.899763
2.611796
2.806006
2.591705
2.608447
2.410888
2.457767
2.400843
2.270253
2.357313
2.397495
2.173148
2.143012
2.303738
2.055952
1.724455
1.798121
1.901923
1.660834
1.781379
1.664183
1.607259
1.811515
1.613956
1.218838
1.657486
1.469972
1.503457
1.644092
1.687622
1.654137
1.788076
1.620653
1.838302
2.005725
2.126270
2.380752
2.374055
2.511342
2.722295
2.799309
3.000216
2.869627
3.177685
3.321668
3.157594
3.137503
3.080580
3.000216
2.782567
2.913157
2.785915
2.678765
2.799309
2.611796
2.591705
2.424282
2.437676
2.497948
2.397495
2.253511
2.360662
2.213329
2.209981
1.955498
2.012422
1.928711
1.895226
1.778030
1.814863
1.670880
0.974401
1.600562
1.684273
1.814863
1.764636
1.804818
2.159754
2.122921
2.464464
2.414237
2.893066
2.819400
2.926551
3.800498
3.060489
3.371895
3.314971
3.291532
3.800498
3.043746
4.071723
4.242494
3.549363
3.482394
4.500325
3.817240
3.944481
3.519227
5.263773
3.847376
4.155434
4.128646
4.319509
4.563945
4.095162
4.905488
4.590734
4.440053
4.888746
4.557249
4.902140
5.357530
4.530461
5.062865
5.307303
4.704581
5.514907
5.290560
4.945669
5.327394
5.538346
5.414454
5.314000
5.508210
5.397711
5.297258
5.200152
4.835170
4.945670
4.788292
4.828474
4.694535
4.470189
4.269281
4.269281
4.091813
3.830634
3.921042
3.807194
3.981314
3.639772
3.730180
3.910997
4.269281
3.927739
3.924390
4.048284
4.178873
3.840679
4.158782
3.864118
3.746922
3.820588
3.743574
3.713438
3.599590
3.415425
3.556060
3.653166
3.338411
2.899763
3.586196
3.606287
3.010262
3.241305
3.395334
3.462303
3.368547
3.187730
3.177685
3.124110
3.298229
3.271441
3.197776
3.241305
3.251351
3.348456
3.177685
3.234608
2.933248
3.274790
3.191078
3.241305
3.217866
3.428819
3.244654
3.264745
3.432167
3.187730
3.294881
3.181033
3.284835
3.278139
3.291532
3.308275
3.402031
3.308275
3.234608
3.191078
3.368547
3.469001
3.355153
3.418774
3.284835
3.294881
3.241305
3.274790
3.261396
3.211170
3.304926
3.308275
3.381940
3.314971
3.371895
3.304926
3.264745
3.271441
3.258048
3.338411
3.402031
3.191079
3.258048
3.378592
3.227912
3.194427
3.234608
3.170988
2.996868
2.909808
2.919854
2.889718
2.749082
2.514691
2.839491
2.474509
2.501297
2.554872
2.491251
2.169800
2.337222
2.226723
2.256859
2.102830
2.116224
1.995680
2.045907
1.962195
1.982286
1.938756
1.764636
1.988983
1.804818
1.731152
0.000000
0.000000
0.000000
0.000000
0.000000
0.000000
0.000000
0.000000
0.000000
0.000000
0.000000
0.000000
0.000000
0.000000
0.000000
0.000000
0.000000
0.000000
0.000000
0.000000
0.000000
0.000000
0.000000
0.000000
0.000000
0.000000
0.000000
0.000000
0.000000
0.000000
0.000000
0.000000
0.000000
0.000000
0.000000
0.000000
0.000000
0.000000
0.000000
0.000000
0.000000
0.000000
0.000000
0.000000
0.000000
0.000000
0.000000
0.000000
0.000000
0.000000
0.000000
0.000000
0.000000
0.000000
0.000000
0.000000
0.000000
0.000000
0.000000
0.000000
0.000000
0.000000
0.000000
0.000000
0.000000
0.000000
0.000000
0.000000
0.000000
0.000000
0.000000
0.000000
0.000000
0.000000
0.000000
0.000000
0.000000
0.000000
0.000000
0.000000
0.000000
0.000000
0.000000
0.000000
0.000000
0.000000
0.000000
0.000000
0.000000
0.000000
0.000000
0.000000
0.000000
0.000000
0.000000
0.000000
0.000000
0.000000
0.000000
0.000000
0.000000
0.000000
0.000000
0.000000
0.000000
0.000000
0.000000
0.000000
0.000000
0.000000
0.000000
0.000000
0.000000
0.000000
0.000000
0.000000
0.000000
0.000000
0.000000
0.000000
0.000000
0.000000
0.000000
0.000000
0.000000
0.000000
0.000000
0.000000
0.000000
0.000000
0.000000
0.000000
0.000000
0.000000
0.000000
0.000000
0.000000
0.000000
0.000000
0.000000
0.000000
0.000000
0.000000
0.000000
0.000000
0.000000
0.000000
0.000000
0.000000
0.000000
0.000000
0.000000
0.000000
0.000000
0.000000
0.000000
0.000000
0.000000
0.000000
0.000000
0.000000
0.000000
0.000000
0.000000
0.000000
0.000000
0.000000
0.000000
0.000000
0.000000
0.000000
0.000000
0.000000
0.000000
0.000000
0.000000
0.000000
0.000000
0.000000
0.000000
0.000000
0.000000
0.000000
0.000000
0.000000
0.000000
0.000000
0.000000
0.000000
0.000000
0.000000
0.000000
0.000000
0.000000
0.000000
0.000000
0.000000
0.000000
0.000000
0.000000
0.000000
0.000000
0.000000
0.000000
0.000000
0.000000
0.000000
0.000000
0.000000
0.000000
0.000000
0.000000
0.000000
0.000000
0.000000
0.000000
0.000000
0.000000
0.000000
0.000000
0.000000
0.000000
0.000000
0.000000
0.000000
0.000000
0.000000
0.000000
0.000000
0.000000
0.000000
0.000000
0.000000
0.000000
0.000000
0.000000
0.000000
0.000000
0.000000
0.000000
0.000000
0.000000
0.000000
0.000000
0.000000
0.000000
0.000000
0.000000
0.000000
0.000000
0.000000
0.000000
0.000000
0.000000
0.000000
0.000000
0.000000
0.000000
0.000000
0.000000
0.000000
0.000000
0.000000
0.000000
0.000000
0.000000
0.000000
0.000000
0.000000
0.000000
0.000000
0.000000
0.000000
0.000000
0.000000
0.000000
0.000000
0.000000
0.000000
0.000000
0.000000
0.000000
0.000000
0.000000
0.000000
0.000000
0.000000
0.000000
0.000000
0.000000
0.000000
0.000000
0.000000
0.000000
0.000000
0.000000
0.000000
0.000000
0.000000
0.000000
0.000000
0.000000
0.000000
0.000000
0.000000
0.000000
0.000000
0.000000
0.000000
0.000000
0.000000
0.000000
0.000000
0.000000
0.000000
0.000000
0.000000
0.000000
0.000000
0.000000
0.000000
0.000000
0.000000
0.000000
0.000000
0.000000
0.000000
0.000000
0.000000
0.000000
0.000000
0.000000
0.000000
0.000000
0.000000
0.000000
0.000000
0.000000
0.000000
0.000000
0.000000
0.000000
0.000000
0.000000
0.000000
0.000000
0.000000
0.000000
0.000000
0.000000
0.000000
0.000000
0.000000
0.000000
0.000000
0.000000
0.000000
0.000000
0.000000
0.000000
0.000000
0.000000
0.000000
0.000000
0.000000
0.000000
0.000000
0.000000
0.000000
0.000000
0.000000
0.000000
0.000000
0.000000
0.000000
0.000000
0.000000
0.000000
0.000000
0.000000
0.000000
0.000000
0.000000
0.000000
0.000000
0.000000
0.000000
0.000000
0.000000
0.000000
0.000000
0.000000
0.000000
0.000000
0.000000
0.000000
0.000000
0.000000
0.000000
0.000000
0.000000
0.000000
0.000000
0.000000
0.000000
0.000000
0.000000
0.000000
0.000000
0.000000
0.000000
0.000000
0.000000
0.000000
0.000000
0.000000
0.000000
0.000000
0.000000
0.000000
0.000000
0.000000
0.000000
0.000000
0.000000
0.000000
0.000000
0.000000
0.000000
0.000000
0.000000
0.000000
0.000000
0.000000
0.000000
0.000000
0.000000
0.000000
0.000000
0.000000
0.000000
0.000000
0.000000
0.000000
0.000000
0.000000
0.000000
0.000000
0.000000
0.000000
0.000000
0.000000
0.000000
0.000000
0.000000
0.000000
0.000000
0.000000
0.000000
0.000000
0.000000
0.000000
0.000000
0.000000
0.000000
0.000000
0.000000
0.000000
0.000000
0.000000
0.000000
0.000000
0.000000
0.000000
0.000000
0.000000
0.000000
0.000000
0.000000
0.000000
0.000000
0.000000
0.000000
0.000000
0.000000
0.000000
0.000000
0.000000
0.000000
0.000000
0.000000
0.000000
0.000000
0.000000
0.000000
0.000000
0.000000
0.000000
0.000000
0.000000
0.000000
0.000000
0.000000
0.000000
0.000000
0.000000
0.000000
0.000000
0.000000
0.000000
0.000000
0.000000
0.000000
0.000000
0.000000
0.000000
0.000000
0.000000
0.000000
0.000000
0.000000
0.000000
0.000000
0.000000
0.000000
0.000000
0.000000
0.000000
0.000000
0.000000
0.000000
0.000000
0.000000
0.000000
0.000000
0.000000
0.000000
0.000000
0.000000
0.000000
0.000000
0.000000
0.000000
0.000000
0.000000
0.000000
0.000000
0.000000
0.000000
0.000000
0.000000
0.000000
0.000000
0.000000
0.000000
0.000000
0.000000
0.000000
0.000000
0.000000
0.000000
0.000000
0.000000
0.000000
0.000000
0.000000
0.000000
0.000000
0.000000
0.000000
0.000000
0.000000
0.000000
0.000000
0.000000
0.000000
0.000000
0.000000
0.000000
0.000000
0.000000
0.000000
0.000000
0.000000
0.000000
0.000000
0.000000
0.000000
0.000000
0.000000
0.000000
0.000000
0.000000
0.000000
0.000000
0.000000
0.000000
0.000000
0.000000
0.000000
0.000000
0.000000
0.000000
0.000000
0.000000
0.000000
0.000000
0.000000
0.000000
0.000000
0.000000
0.000000
0.000000
0.000000
0.000000
0.000000
0.000000
0.000000
0.000000
0.000000
0.000000
0.000000
0.000000
0.000000
0.000000
0.000000
0.000000
0.000000
0.000000
0.000000
0.000000
0.000000
0.000000
0.000000
0.000000
0.000000
0.000000
0.000000
0.000000
0.000000
0.000000
0.000000
0.000000
0.000000
0.000000
0.000000
0.000000
0.000000
0.000000
0.000000
0.000000
0.000000
0.000000
0.000000
0.000000
0.000000
0.000000
0.000000
0.000000
0.000000
0.000000
0.000000
0.000000
0.000000
0.000000
0.000000
0.000000
0.000000
0.000000
0.000000
0.000000
0.000000
0.000000
0.000000
0.000000
0.000000
0.000000
0.000000
0.000000
0.000000
0.000000
0.000000
0.000000
0.000000
0.000000
0.000000
0.000000
0.000000
0.000000
0.000000
0.000000
0.000000
0.000000
0.000000
0.000000
0.000000
0.000000
0.000000
0.000000
0.000000
0.000000
0.000000
0.000000
0.000000
0.000000
0.000000
0.000000
0.000000
0.000000
0.000000
0.000000
0.000000
0.000000
0.000000
0.000000
0.000000
0.000000
0.000000
0.000000
0.000000
0.000000
0.000000
0.000000
0.000000
0.000000
0.000000
0.000000
0.000000
0.000000
0.000000
0.000000
0.000000
0.000000
0.000000
0.000000
0.000000
0.000000
0.000000
0.000000
0.000000
0.000000
0.000000
0.000000
0.000000
0.000000
0.000000
0.000000
0.000000
0.000000
0.000000
0.000000
0.000000
0.000000
0.000000
0.000000
0.000000
0.000000
0.000000
0.000000
0.000000
0.000000
0.000000
0.000000
0.000000
0.000000
0.000000
0.000000
0.000000
0.000000
0.000000
0.000000
0.000000
0.000000
0.000000
0.000000
0.000000
0.000000
0.000000
0.000000
0.000000
0.000000
0.000000
0.000000
0.000000
0.000000
0.000000
0.000000
0.000000
0.000000
0.000000
0.000000
0.000000
0.000000
0.000000
0.000000
0.000000
0.000000
0.000000
0.000000
0.000000
0.000000
0.000000
0.000000
0.000000
0.000000
0.000000
0.000000
0.000000
0.000000
0.000000
0.000000
0.000000
0.000000
0.000000
0.000000
0.000000
0.000000
0.000000
0.000000
0.000000
0.000000
0.000000
0.000000
0.000000
0.000000
0.000000
0.000000
0.000000
0.000000
0.000000
0.000000
0.000000
0.000000
0.000000
0.000000
0.000000
0.000000
0.000000
0.000000
0.000000
0.000000
0.000000
0.000000
0.000000
0.000000
0.000000
0.000000
0.000000
0.000000
0.000000
0.000000
0.000000
0.000000
0.000000
0.000000
0.000000
0.000000
0.000000
0.000000
0.000000
0.000000
0.000000
0.000000
0.000000
0.000000
0.000000
0.000000
0.000000
0.000000
0.000000
0.000000
0.000000
0.000000
0.000000
0.000000
0.000000
0.000000
0.000000
0.000000
0.000000
0.000000
0.000000
0.000000
0.000000
0.000000
0.000000
0.000000
0.000000
0.000000
0.000000
0.000000
0.000000
0.000000
0.000000
0.000000
0.000000
0.000000
0.000000
0.000000
0.000000
0.000000
0.000000
0.000000
0.000000
0.000000
0.000000
0.000000
0.000000
0.000000
0.000000
0.000000
0.000000
0.000000
0.000000
0.000000
0.000000
0.000000
0.000000
0.000000
0.000000
0.000000
0.000000
0.000000
0.000000
0.000000
0.000000
0.000000
0.000000
0.000000
0.000000
0.000000
0.000000
0.000000
0.000000
0.000000
0.000000
0.000000
0.000000
0.000000
0.000000
0.000000
0.000000
0.000000
0.000000
0.000000
0.000000
0.000000
0.000000
0.000000
0.000000
0.000000
0.000000
0.000000
0.000000
0.000000
0.000000
0.000000
0.000000
0.000000
0.000000
0.000000
0.000000
0.000000
0.000000
0.000000
0.000000
0.000000
0.000000
0.000000
0.000000
0.000000
0.000000
0.000000
0.000000
0.000000
0.000000
0.000000
0.000000
0.000000
0.000000
0.000000
0.000000
0.000000
0.000000
0.000000
0.000000
0.000000
0.000000
0.000000
0.000000
0.000000
0.000000
0.000000
0.000000
0.000000
0.000000
0.000000
0.000000
0.000000
0.000000
0.000000
0.000000
0.000000
0.000000
0.000000
0.000000
0.000000
0.000000
0.000000
0.000000
0.000000
0.000000
0.000000
0.000000
0.000000
0.000000
0.000000
0.000000
0.000000
0.000000
0.000000
0.000000
0.000000
0.000000
0.000000
0.000000
0.000000
0.000000
0.000000
0.000000
0.000000
0.000000
0.000000
0.000000
0.000000
0.000000
0.000000
0.000000
0.000000
0.000000
0.000000
0.000000
0.000000
0.000000
0.000000
0.000000
0.000000
0.000000
0.000000
0.000000
0.000000
0.000000
0.000000
0.000000
0.000000
0.000000
0.000000
0.000000
0.000000
0.000000
0.000000
0.000000
0.000000
0.000000
0.000000
0.000000
0.000000
0.000000
0.000000
0.000000
0.000000
0.000000
0.000000
0.000000
0.000000
0.000000
0.000000
0.000000
0.000000
0.000000
0.000000
0.000000
0.000000
0.000000
0.000000
0.000000
0.000000
0.000000
0.000000
0.000000
0.000000
0.000000
0.000000
0.000000
0.000000
0.000000
0.000000
0.000000
0.000000
0.000000
0.000000
0.000000
0.000000
0.000000
0.000000
0.000000
0.000000
0.000000
0.000000
0.000000
0.000000
0.000000
0.000000
0.000000
0.000000
0.000000
0.000000
0.000000
0.000000
0.000000
0.000000
0.000000
0.000000
0.000000
0.000000
0.000000
0.000000
0.000000
0.000000
0.000000
0.000000
0.000000
0.000000
0.000000
0.000000
0.000000
0.000000
0.000000
0.000000
0.000000
0.000000
0.000000
0.000000
0.000000
0.000000
0.000000
0.000000
0.000000
0.000000
0.000000
0.000000
0.000000
0.000000
0.000000
0.000000
0.000000
0.000000
0.000000
0.000000
0.000000
0.000000
0.000000
0.000000
0.000000
0.000000
0.000000
0.000000
0.000000
0.000000
0.000000
0.000000
0.000000
0.000000
0.000000
0.000000
0.000000
0.000000
0.000000
0.000000
0.000000
0.000000
0.000000
0.000000
0.000000
0.000000
0.000000
0.000000
0.000000
0.000000
0.000000
0.000000
0.000000
0.000000
0.000000
0.000000
0.000000
0.000000
0.000000
0.000000
0.000000
0.000000
0.000000
0.000000
0.000000
0.000000
0.000000
0.000000
0.000000
0.000000
0.000000
0.000000
0.000000
0.000000
0.000000
0.000000
0.000000
0.000000
0.000000
0.000000
0.000000
0.000000
0.000000
0.000000
0.000000
0.000000
0.000000
0.000000
0.000000
0.000000
0.000000
0.000000
0.000000
0.000000
0.000000
0.000000
0.000000
0.000000
0.000000
0.000000
0.000000
0.000000
0.000000
0.000000
0.000000
0.000000
0.000000
0.000000
0.000000
0.000000
0.000000
0.000000
0.000000
0.000000
0.000000
0.000000
0.000000
0.000000
0.000000
0.000000
0.000000
0.000000
0.000000
0.000000
0.000000
0.000000
0.000000
0.000000
0.000000
0.000000
0.000000
0.000000
0.000000
0.000000
0.000000
0.000000
0.000000
0.000000
0.000000
0.000000
0.000000
0.000000
0.000000
0.000000
0.000000
0.000000
0.000000
0.000000
0.000000
0.000000
0.000000
0.000000
0.000000
0.000000
0.000000
0.000000
0.000000
0.000000
0.000000
0.000000
0.000000
0.000000
0.000000
0.000000
0.000000
0.000000
0.000000
0.000000
0.000000
0.000000
0.000000
0.000000
0.000000
0.000000
0.000000
0.000000
0.000000
0.000000
0.000000
0.000000
0.000000
0.000000
0.000000
0.000000
0.000000
0.000000
0.000000
0.000000
0.000000
0.000000
0.000000
0.000000
0.000000
0.000000
0.000000
0.000000
0.000000
0.000000
0.000000
0.000000
0.000000
0.000000
0.000000
0.000000
0.000000
0.000000
0.000000
0.000000
0.000000
0.000000
0.000000
0.000000
0.000000
0.000000
0.000000
0.000000
0.000000
0.000000
0.000000
0.000000
0.000000
0.000000
0.000000
0.000000
0.000000
0.000000
0.000000
0.000000
0.000000
0.000000
0.000000
0.000000
0.000000
0.000000
0.000000
0.000000
0.000000
0.000000
0.000000
0.000000
0.000000
0.000000
0.000000
0.000000
0.000000
0.000000
0.000000
0.000000
0.000000
0.000000
0.000000
0.000000
0.000000
0.000000
0.000000
0.000000
0.000000
0.000000
0.000000
0.000000
0.000000
0.000000
0.000000
0.000000
0.000000
0.000000
0.000000
0.000000
0.000000
0.000000
0.000000
0.000000
0.000000
0.000000
0.000000
0.000000
0.000000
0.000000
0.000000
0.000000
0.000000
0.000000
0.000000
0.000000
0.000000
0.000000
0.000000
0.000000
0.000000
0.000000
0.000000
0.000000
0.000000
0.000000
0.000000
0.000000
0.000000
0.000000
0.000000
0.000000
0.000000
0.000000
0.000000
0.000000
0.000000
0.000000
0.000000
0.000000
0.000000
0.000000
0.000000
0.000000
0.000000
0.000000
0.000000
0.000000
0.000000
0.000000
0.000000
0.000000
0.000000
0.000000
0.000000
0.000000
0.000000
0.000000
0.000000
0.000000
0.000000
0.000000
0.000000
0.000000
0.000000
0.000000
0.000000
0.000000
0.000000
0.000000
0.000000
0.000000
0.000000
0.000000
0.000000
0.000000
0.000000
0.000000
0.000000
0.000000
0.000000
0.000000
0.000000
0.000000
0.000000
0.000000
0.000000
0.000000
0.000000
0.000000
0.000000
0.000000
0.000000
0.000000
0.000000
0.000000
0.000000
0.000000
0.000000
0.000000
0.000000
0.000000
0.000000
0.000000
0.000000
0.000000
0.000000
0.000000
0.000000
0.000000
0.000000
0.000000
0.000000
0.000000
0.000000
0.000000
0.000000
0.000000
0.000000
0.000000
0.000000
0.000000
0.000000
0.000000
0.000000
0.000000
0.000000
0.000000
0.000000
0.000000
0.000000
0.000000
0.000000
0.000000
0.000000
0.000000
0.000000
0.000000
0.000000
0.000000
0.000000
0.000000
0.000000
0.000000
0.000000
0.000000
0.000000
0.000000
0.000000
0.000000
0.000000
0.000000
0.000000
0.000000
0.000000
0.000000
0.000000
0.000000
0.000000
0.000000
0.000000
0.000000
0.000000
0.000000
0.000000
0.000000
0.000000
0.000000
0.000000
0.000000
0.000000
0.000000
0.000000
0.000000
0.000000
0.000000
0.000000
0.000000
0.000000
0.000000
0.000000
0.000000
0.000000
0.000000
0.000000
0.000000
0.000000
0.000000
0.000000
0.000000
0.000000
0.000000
0.000000
0.000000
0.000000
0.000000
0.000000
0.000000
0.000000
0.000000
0.000000
0.000000
0.000000
0.000000
0.000000
0.000000
0.000000
0.000000
0.000000
0.000000
0.000000
0.000000
0.000000
0.000000
0.000000
0.000000
0.000000
0.000000
0.000000
0.000000
0.000000
0.000000
0.000000
0.000000
0.000000
0.000000
0.000000
0.000000
0.000000
0.000000
0.000000
0.000000
0.000000
0.000000
0.000000
0.000000
0.000000
0.000000
0.000000
0.000000
0.000000
0.000000
0.000000
0.000000
0.000000
0.000000
0.000000
0.000000
0.000000
0.000000
0.000000
0.000000
0.000000
0.000000
0.000000
0.000000
0.000000
0.000000
0.000000
0.000000
0.000000
0.000000
0.000000
0.000000
0.000000
0.000000
0.000000
0.000000
0.000000
0.000000
0.000000
0.000000
0.000000
0.000000
0.000000
0.000000
0.000000
0.000000
0.000000
0.000000
0.000000
0.000000
0.000000
0.000000
0.000000
0.000000
0.000000
0.000000
0.000000
0.000000
0.000000
0.000000
0.000000
0.000000
0.000000
0.000000
0.000000
0.000000
0.000000
0.000000
0.000000
0.000000
0.000000
0.000000
0.000000
0.000000
0.000000
0.000000
0.000000
0.000000
0.000000
0.000000
0.000000
0.000000
0.000000
0.000000
0.000000
0.000000
