0.247786
0.612767
1.309246
1.366170
1.242277
1.657486
1.634047
1.570426
1.968892
1.701016
2.005725
1.838302
1.754591
1.630698
1.811515
1.938756
1.788076
1.858393
1.754591
2.022468
1.654137
1.895226
1.801469
1.838302
1.895226
1.881832
1.918665
1.821560
1.878484
1.844999
1.948802
1.938756
1.945453
1.841651
1.962195
2.065997
2.367358
2.718946
2.454418
3.154246
3.489091
2.842839
3.472349
4.011450
3.375244
4.681141
3.489091
4.831822
3.599590
4.882049
3.612984
4.111904
3.934436
4.225751
4.808383
4.363038
5.002594
4.339599
4.533809
5.290560
4.855261
4.617521
6.013827
5.357530
5.106396
5.384317
6.167856
5.404408
5.260425
5.370924
5.960252
6.214734
5.568482
5.950206
5.648846
6.462521
6.556277
6.429036
6.117629
6.485960
5.869843
5.347484
5.360878
5.143229
5.484771
4.697884
5.206849
4.771550
4.888746
4.992548
5.193455
4.848564
5.113092
5.283864
4.805034
4.925579
4.677793
4.560597
4.503673
4.560597
4.342948
4.205661
3.820588
4.446750
4.503673
4.687839
4.332902
4.225751
4.584036
4.279327
4.329554
4.275979
3.991359
3.887558
3.659863
3.693347
3.177685
3.556061
3.314971
2.983474
3.134155
2.866278
2.765825
2.956687
2.953338
2.618493
2.792612
2.601750
2.601750
2.621841
2.290344
2.360662
2.213329
2.139663
2.096133
2.069346
1.848348
1.814863
1.871787
1.814863
1.918665
1.784727
1.767985
1.885181
1.627350
1.791424
1.798121
1.664183
1.550335
1.597213
1.674228
1.577123
1.620653
1.680925
2.223375
1.613956
1.811515
1.597214
1.701016
2.216678
1.871787
2.132966
1.985634
2.270253
2.132967
2.303738
2.494600
2.595053
3.050443
3.160943
2.929899
3.964572
3.281487
4.811731
4.865307
3.696695
3.710089
4.075071
3.967921
4.640960
3.941133
4.975805
4.905488
3.643120
5.082956
4.714626
6.131023
4.858610
5.206849
5.836359
4.882049
4.928927
6.124326
5.297257
5.508210
5.210197
5.675633
5.200152
5.886586
5.779436
5.310651
6.010478
6.077448
5.913373
5.568482
6.110932
5.618709
5.993736
5.980342
6.717002
5.089653
5.899980
6.536186
6.238173
5.997085
6.465869
6.197992
6.469217
6.459171
6.017176
6.141068
5.699072
5.705769
5.745951
5.347484
5.223591
5.166668
5.153274
4.778246
4.697884
4.219055
4.352993
4.142040
3.750271
3.733528
3.589545
2.618493
3.248003
3.254699
3.425471
2.906460
2.521387
2.628538
2.816051
2.337222
2.437676
2.775870
2.353965
2.497948
2.591705
2.595053
2.591705
2.491251
2.424282
2.574963
2.494600
2.457767
2.112876
2.424282
2.283647
2.159754
2.303738
2.407540
2.112876
2.357313
2.367358
2.618493
2.648629
2.809355
2.779218
2.990171
3.147549
3.438864
3.147549
3.777058
3.740226
3.375244
4.118601
3.445561
4.091813
3.519228
3.837331
3.586196
3.763665
3.649817
3.894254
3.710089
3.499137
3.479046
3.616333
3.679953
3.720135
3.375244
3.268093
3.214518
3.070534
3.100670
3.063837
2.866278
2.866278
2.826097
2.852885
2.420934
2.186542
2.651977
2.698856
2.293693
2.417585
2.193239
2.179845
2.156406
2.256859
2.246814
2.233420
2.045907
1.875135
2.086088
1.841651
2.059300
1.999028
1.942104
2.012422
2.042558
2.039210
2.159754
1.982286
2.002377
2.029165
1.995680
2.029164
2.012422
1.915317
1.985634
2.005725
1.985634
1.881832
2.019119
2.025816
1.948802
1.972241
2.136315
1.888529
1.724455
2.243466
2.132967
2.119573
2.072694
2.079391
2.236768
2.196587
2.250163
2.029164
2.146360
2.015770
2.032513
2.002377
1.948802
1.985634
2.183193
1.985634
2.092785
2.045907
2.042558
2.009074
2.096133
2.176497
2.035861
2.005725
2.035861
2.069346
2.099482
2.119573
2.109527
2.240117
2.002377
2.069346
2.112876
2.099482
1.935408
2.015770
1.878484
2.176497
2.129618
1.932059
2.076043
2.216678
2.039210
1.928711
1.925362
2.022468
2.076043
1.881832
2.076043
2.179845
2.002377
2.193239
2.538130
2.290344
2.836142
3.006914
2.551524
3.304926
3.452258
3.030353
3.783755
3.268093
4.446750
4.255888
3.391986
3.214518
4.835170
3.659863
4.938972
3.833982
4.450099
4.121949
4.587385
4.654354
4.363038
5.374272
4.704581
5.012639
4.654354
4.610824
5.990388
4.865307
5.769390
5.481422
5.183410
5.344136
5.099699
4.882049
5.407757
5.257076
5.153274
4.965760
4.744762
4.825126
4.928927
4.751459
4.905488
4.510370
4.510371
4.423310
4.222403
4.158782
3.937784
3.783755
3.760316
3.612984
3.505834
3.435516
2.836143
3.244654
2.963384
3.134155
2.956687
2.635235
2.732340
2.518039
2.454418
2.340571
2.216678
2.213329
2.243466
2.002377
1.958847
1.727803
2.042558
1.791424
1.901923
1.794772
1.985634
2.015770
1.972241
2.116224
2.102830
2.022468
2.059300
2.149709
2.169800
2.186542
2.005725
2.029164
2.039210
2.317132
2.132966
2.273602
2.471161
2.487903
2.628538
2.745734
2.819400
2.926551
2.953338
3.030353
3.318320
3.271441
3.348456
4.098510
3.683302
4.731369
3.663211
3.967921
4.403220
4.111904
4.041586
4.269281
4.399871
3.643120
4.507022
5.524952
4.416614
5.082956
4.674445
5.226940
4.885397
4.949018
5.267122
5.069562
5.766041
5.247031
4.995896
5.374272
5.628755
5.451286
4.985851
5.293909
5.156622
4.942321
5.072911
4.771550
4.895443
4.517067
4.135344
4.309463
4.034890
3.807194
3.599590
3.556060
3.448910
3.258048
3.144200
2.913157
2.822748
2.862930
2.678765
2.574963
2.166451
2.420933
2.096133
1.942105
2.045907
1.881832
1.965544
2.049255
1.761288
1.804818
1.821560
1.757939
1.567077
1.577123
1.711061
1.781379
1.697667
1.932059
1.831605
2.049255
1.506805
1.439836
1.851696
1.680925
1.724455
1.895226
2.494600
2.795961
2.280298
2.946641
2.732340
2.802658
2.983474
3.006914
3.465652
3.462303
3.268093
4.841867
3.750271
3.944481
4.188918
4.008102
4.209009
3.904300
4.687839
4.955715
4.152085
5.380969
5.119789
4.607476
5.427847
4.925579
4.671096
4.202312
4.912185
5.277167
5.106396
4.845216
5.019336
4.172176
4.805035
4.225751
4.647657
4.540506
4.463491
4.245842
3.331714
4.496976
4.677793
4.530461
5.786132
4.694535
5.384317
4.587385
5.668936
4.808383
4.279327
4.503673
5.391014
5.159971
4.798337
4.982502
5.427847
5.183410
5.052820
5.069562
4.496976
4.624218
4.687839
4.436704
4.121949
4.279327
3.562757
4.038238
4.232449
3.777058
3.556060
3.288184
3.800498
3.130806
3.214518
3.134155
3.000216
2.883021
2.521387
2.641932
2.474509
1.985634
2.307086
2.424282
2.022468
2.427631
1.734500
2.035861
2.169800
2.132967
2.072694
2.002377
1.945453
1.788076
1.871787
1.972241
1.922014
2.039210
2.065997
2.112876
2.116224
1.958847
1.918665
1.868438
1.851696
1.978938
1.818212
1.851696
2.032513
1.044718
2.062649
2.139663
2.032513
2.052603
1.828257
1.861742
1.968892
1.935408
2.022468
1.925362
2.049255
2.069346
2.065997
1.948802
2.019119
1.898575
1.855045
1.794772
2.059300
1.607259
1.958847
2.022468
1.958847
2.149709
2.042558
2.039210
2.106179
1.985634
1.868438
1.804818
1.901923
1.747894
1.865090
1.915317
2.045907
1.992331
1.824908
2.139663
2.223375
2.153057
1.982286
1.865090
1.814863
1.945453
2.009074
2.022468
1.932059
2.216678
2.086088
2.079391
1.901923
1.828257
2.099482
1.828257
1.754591
1.865090
2.015770
1.992331
2.015770
2.059300
2.276950
1.928711
1.995680
1.915317
1.871787
1.922014
1.915317
2.009073
2.086088
1.952150
2.112876
2.049255
1.982286
1.824908
1.955498
1.885181
1.922014
1.948802
1.895226
2.002377
2.062649
2.059300
2.119573
1.999028
2.012422
2.186542
2.009073
2.032513
2.076043
1.975589
1.942104
1.968892
1.948802
1.948802
2.062649
2.019119
1.972241
1.871787
1.925362
2.076043
1.878484
2.055952
2.039210
1.868438
2.045907
1.992331
1.992331
2.019119
2.099482
1.945453
1.995680
1.734500
1.741197
1.922014
1.844999
1.687622
1.704364
1.764636
1.701016
1.687622
1.888529
1.523548
1.855045
1.794772
1.751243
1.848348
1.804818
1.747894
1.684273
1.962195
1.972241
2.166451
2.122921
2.012422
2.156406
2.387449
2.487903
2.173148
2.290344
2.303738
2.293693
1.824908
2.253511
2.209981
2.159754
1.808166
2.029164
2.035861
1.932059
1.744546
1.737849
1.734500
1.684273
1.741197
1.711061
1.771333
1.577123
1.627350
1.647440
1.888529
1.607259
1.885181
1.667531
1.808166
1.808166
1.952150
1.911968
2.055952
2.062649
1.982286
1.801469
1.911968
1.848348
1.922014
1.717758
1.761288
1.737849
1.721107
1.868438
1.644092
1.895226
1.583820
0.914129
1.701016
1.349428
1.389609
1.570426
1.724455
1.928711
1.814863
2.009073
2.002377
2.159754
2.236769
2.280298
2.380752
2.682113
2.705553
3.010262
3.037049
3.077231
3.666559
3.338411
3.539318
3.304926
3.495788
3.937784
3.529273
3.820589
3.569454
3.566106
3.663211
3.465652
3.214518
3.321668
3.479046
3.720135
3.539318
3.442213
3.716786
3.405380
3.750271
3.452258
3.840679
3.582848
3.398683
3.623030
3.750271
3.462303
3.391986
3.398683
3.201124
2.936596
3.107367
2.990171
2.946641
2.916505
2.712249
2.728992
2.491251
2.474509
2.571614
2.327177
2.246814
2.273602
2.451070
2.149709
2.122921
1.958847
1.952150
1.875135
1.724455
1.828257
1.701016
1.834954
1.868438
1.834954
1.811515
1.911968
1.844999
1.868438
1.791424
1.794772
1.788076
1.694319
1.701016
1.711061
1.751243
1.791424
1.637395
1.610607
1.603910
1.687622
1.634047
1.757939
0.974401
1.084900
1.794772
1.366170
1.707713
1.587168
2.240117
1.650789
1.449881
1.453230
1.694319
1.875135
1.767985
2.065997
1.721106
1.513502
1.717758
1.995680
1.610607
1.697667
1.721106
1.667531
1.952150
1.704364
2.102830
1.798121
2.186542
1.222186
1.891878
2.250162
1.583820
2.146360
2.039210
1.714409
2.079391
1.734500
2.062649
2.209981
1.439836
1.995680
1.731152
1.741197
1.901923
1.680925
1.855045
1.667531
1.781379
2.220026
1.463275
1.972241
1.238929
1.563729
2.009073
1.510154
0.452042
1.932059
1.948802
1.928711
1.922014
1.731152
1.456578
1.972241
2.065997
1.814863
1.915317
1.788076
1.634047
2.012422
1.707713
1.865090
1.888529
1.536941
2.377404
1.945453
2.427630
1.707713
1.838302
2.631886
1.972241
2.384101
1.982286
2.213329
2.176497
2.062649
2.059300
2.196587
2.025816
2.076043
1.968892
2.062649
2.079391
2.032513
1.875135
1.942105
1.721106
2.082740
2.099482
2.139663
2.420934
2.340571
2.491251
2.772522
2.896415
3.154246
3.579499
3.348456
4.366386
3.428819
4.229100
3.833982
4.185570
3.827285
4.808383
4.168828
4.657702
4.493628
4.553900
5.153274
4.456795
4.694535
5.176713
5.327394
5.678982
5.089653
5.444590
4.938972
5.484771
5.414454
5.464680
5.622057
5.752647
5.464680
5.354181
5.173365
5.139880
5.079608
4.781595
4.805035
4.463492
4.165480
3.827285
3.800498
3.991359
3.740226
3.596242
3.535970
3.361850
3.087276
3.040398
2.715598
2.903111
2.782567
2.541478
2.504645
2.494600
2.394146
2.280298
2.266905
2.062649
2.005725
2.035861
1.965544
1.962195
1.925362
1.821560
1.875135
1.801469
1.480018
1.744546
1.942104
1.801469
1.834954
1.811515
1.841651
1.824908
1.841651
1.828257
1.938756
1.791424
1.734500
1.788076
1.801469
1.731152
1.895226
1.761288
1.861742
1.928711
2.022468
2.092785
2.159754
2.139663
1.918665
2.116224
1.942104
1.975589
1.918665
1.982286
1.985634
1.982286
1.804818
1.841651
1.858393
1.774682
1.731152
1.828257
1.701016
1.764636
2.173148
1.690970
2.260208
1.737849
2.009074
2.012422
2.143012
2.260208
2.310435
2.611796
2.658674
2.497948
2.752431
2.859581
2.752431
2.789264
2.816052
2.595053
2.698856
2.615144
2.718946
2.718946
2.544827
2.444373
2.353965
2.457767
2.266905
2.263556
2.213329
2.263556
1.908620
1.918665
1.875135
1.761288
1.727803
1.818212
1.734500
1.801469
1.557032
1.778030
1.707713
1.677577
1.690970
1.734500
1.844999
1.667531
1.778030
1.506805
1.778030
1.600562
1.855045
1.798121
1.821560
1.965544
1.975589
2.076043
2.273602
2.404191
2.367358
2.518039
3.060489
2.762476
3.274790
3.013611
2.926551
3.227912
2.829445
2.996868
3.057140
2.926551
2.866278
2.923202
2.866278
2.638583
2.789264
2.394146
2.605099
2.397495
2.209981
2.364010
2.243466
1.891878
2.096133
2.049255
1.885181
1.968892
1.613956
1.463275
1.620653
1.824908
1.690970
1.985634
1.707713
1.697667
1.670880
1.607259
1.570426
1.707713
1.644092
1.680925
1.811515
1.701016
1.727803
1.915317
2.039210
2.035861
2.149709
1.901923
2.139663
2.310435
2.300389
2.615144
2.715598
2.792612
2.949990
3.010262
3.187730
3.144200
3.010262
3.090625
3.006914
2.929899
2.866278
2.742385
2.685462
2.641932
2.705553
2.678765
2.307086
2.397495
2.377404
2.230072
2.112876
2.176497
2.082740
1.985634
1.958847
1.804818
1.684273
1.901923
1.798121
1.764636
1.613956
1.711061
1.687622
1.714409
1.567077
1.915317
1.680925
1.724455
1.801469
1.734500
1.932059
1.778030
1.771333
1.821560
1.875135
1.999028
2.042558
2.019119
2.039210
1.895226
2.132967
2.996868
2.541478
3.097322
2.879672
3.067186
3.063837
2.906460
3.003565
3.060489
2.929899
3.016959
2.859581
2.615144
2.782567
2.641932
2.621841
2.682113
2.430979
2.186542
2.451070
2.159754
2.072694
2.042558
1.988983
1.932059
1.858393
1.808166
1.885181
1.838302
1.577123
1.824908
1.567077
1.637395
1.613956
1.711061
1.721106
1.245626
1.459927
1.687622
1.811515
1.744546
1.664183
1.694319
1.888529
2.032513
1.938756
2.072694
2.116224
2.019119
2.079391
2.226723
2.333874
2.775870
2.595053
3.006914
3.067186
2.929899
3.204472
3.100670
3.100670
2.899763
2.836142
2.585008
2.712250
2.785915
2.648629
2.638583
2.581660
2.397495
2.477858
2.320480
2.297041
2.300389
2.079391
2.166451
1.901923
1.978937
1.861742
1.844999
1.784727
1.744546
1.654137
1.734500
1.640743
1.747894
1.690970
1.737849
1.841651
1.687622
1.838302
1.717758
1.577123
1.620653
1.640743
1.764636
1.818211
1.834954
1.911968
2.015770
2.082740
2.216678
2.122921
1.958847
2.253511
2.973429
2.491251
2.822748
3.083928
2.802658
3.154246
3.020307
3.073883
3.020307
2.919854
2.953338
3.037050
2.695507
2.705553
2.662023
2.471161
2.484555
2.380752
2.374055
2.260208
2.256859
2.189890
2.099482
2.009073
2.119573
1.962195
1.938756
1.875135
1.674228
1.778030
1.711061
1.680925
1.593865
1.590517
1.811515
1.540290
1.664183
1.563729
1.567077
1.694319
1.640743
1.754591
1.664183
1.717758
1.992331
1.982286
2.169800
2.186542
2.193239
2.320480
2.364010
2.340571
2.675416
2.491251
2.846188
3.067186
2.913157
2.832794
2.856233
3.114064
2.735689
3.040398
2.970080
2.662023
2.795961
2.806006
2.752431
2.521387
2.548175
2.290344
2.364010
2.253511
2.333874
2.206633
2.076043
1.958847
1.938756
1.962195
1.824908
1.891878
1.831605
1.922014
1.453230
1.315943
1.674228
1.788076
1.570426
1.674228
1.724455
1.834954
1.520199
1.684273
1.670880
1.684273
1.747894
1.804818
1.834954
1.938756
1.962195
2.139663
2.223375
2.340571
2.203284
2.243466
2.474509
2.799309
2.705553
3.130806
2.896415
2.963384
2.926551
3.040398
2.986823
2.946641
2.980126
2.986823
2.842839
2.849536
2.631886
2.574963
2.605099
2.608447
2.561569
2.307086
2.417585
2.159754
2.199936
2.220026
1.908620
1.871787
1.871787
1.804818
1.741197
1.851696
1.804818
1.704364
1.707713
1.717758
1.603910
1.687622
1.647440
1.697667
1.386261
1.701016
1.670879
1.711061
1.724455
1.701016
1.878484
1.791424
1.918665
1.911968
1.895226
2.179845
2.035861
2.143012
2.240117
2.290344
2.739037
2.665371
2.852885
2.939945
3.000216
2.936596
3.087276
2.976778
2.832794
2.919854
2.816052
2.832794
2.836142
2.742385
2.568266
2.554872
2.307086
2.283647
2.404191
2.280298
2.223375
2.179845
2.069346
1.925362
1.895226
1.794772
1.828257
1.824908
1.784727
1.654137
1.814863
1.761288
1.737849
1.855045
1.788076
1.761288
1.955498
1.848348
1.932059
1.918665
2.089437
2.156406
2.196587
2.444373
2.531433
3.006914
2.739037
3.077231
4.061677
3.231260
3.927739
3.469000
4.168828
4.292721
4.198964
3.683301
3.984663
3.850724
4.265933
3.907648
4.396523
4.142040
4.851913
4.553900
4.483582
4.691187
4.647657
4.878700
5.153274
4.938972
5.521604
5.374272
5.391014
5.029381
6.054008
5.464680
5.612012
5.380969
5.913373
5.993736
5.943510
6.010478
5.946858
6.117629
6.218083
6.184598
5.990388
5.792829
5.668936
5.652194
5.417802
5.012639
5.263773
5.146577
5.280515
5.364227
5.484771
5.267122
5.354181
5.026032
5.116441
4.875352
4.825126
4.644309
4.617521
4.286024
4.088465
3.927739
3.733528
3.763665
3.787104
3.519227
3.278139
3.083928
3.345108
2.561569
3.609636
3.187730
1.520199
3.194427
2.906460
2.718946
2.728992
2.615144
2.548175
2.444373
2.621841
2.534781
2.451070
2.434328
2.474509
2.333874
2.414237
2.313783
2.216678
2.340571
2.307086
2.253511
2.256859
2.243466
2.209981
2.206633
2.209981
2.119573
2.159754
2.220026
2.179845
2.166451
2.250163
2.136315
2.159754
2.169800
2.213329
2.256859
2.106179
2.243466
2.474509
2.414237
2.678765
2.474509
2.477857
2.447721
2.554872
2.407540
2.233420
2.484555
2.280298
2.273602
2.313783
2.189890
2.153057
2.209981
2.203284
2.136315
2.129618
2.260208
2.323828
2.544827
2.397495
2.360662
2.625189
2.437676
2.203284
2.350616
2.233420
2.420934
2.283647
2.330525
2.286995
2.340571
2.223375
2.220026
2.457767
2.380752
2.437676
2.467812
2.444373
2.451070
2.290344
2.223375
2.330525
2.246814
2.256859
2.233420
2.283647
2.143012
2.347268
2.300389
2.290344
2.086088
2.313783
2.236769
2.290344
2.367358
2.521387
2.451070
2.286995
2.397495
2.451070
2.390798
2.293693
2.283647
2.260208
2.313783
2.129618
2.139663
1.978938
1.945453
1.828257
0.000000
0.000000
0.000000
0.000000
0.000000
0.000000
0.000000
0.000000
0.000000
0.000000
0.000000
0.000000
0.000000
0.000000
0.000000
0.000000
0.000000
0.000000
0.000000
0.000000
0.000000
0.000000
0.000000
0.000000
0.000000
0.000000
0.000000
0.000000
0.000000
0.000000
0.000000
0.000000
0.000000
0.000000
0.000000
0.000000
0.000000
0.000000
0.000000
0.000000
0.000000
0.000000
0.000000
0.000000
0.000000
0.000000
0.000000
0.000000
0.000000
0.000000
0.000000
0.000000
0.000000
0.000000
0.000000
0.000000
0.000000
0.000000
0.000000
0.000000
0.000000
0.000000
0.000000
0.000000
0.000000
0.000000
0.000000
0.000000
0.000000
0.000000
0.000000
0.000000
0.000000
0.000000
0.000000
0.000000
0.000000
0.000000
0.000000
0.000000
0.000000
0.000000
0.000000
0.000000
0.000000
0.000000
0.000000
0.000000
0.000000
0.000000
0.000000
0.000000
0.000000
0.000000
0.000000
0.000000
0.000000
0.000000
0.000000
0.000000
0.000000
0.000000
0.000000
0.000000
0.000000
0.000000
0.000000
0.000000
0.000000
0.000000
0.000000
0.000000
0.000000
0.000000
0.000000
0.000000
0.000000
0.000000
0.000000
0.000000
0.000000
0.000000
0.000000
0.000000
0.000000
0.000000
0.000000
0.000000
0.000000
0.000000
0.000000
0.000000
0.000000
0.000000
0.000000
0.000000
0.000000
0.000000
0.000000
0.000000
0.000000
0.000000
0.000000
0.000000
0.000000
0.000000
0.000000
0.000000
0.000000
0.000000
0.000000
0.000000
0.000000
0.000000
0.000000
0.000000
0.000000
0.000000
0.000000
0.000000
0.000000
0.000000
0.000000
0.000000
0.000000
0.000000
0.000000
0.000000
0.000000
0.000000
0.000000
0.000000
0.000000
0.000000
0.000000
0.000000
0.000000
0.000000
0.000000
0.000000
0.000000
0.000000
0.000000
0.000000
0.000000
0.000000
0.000000
0.000000
0.000000
0.000000
0.000000
0.000000
0.000000
0.000000
0.000000
0.000000
0.000000
0.000000
0.000000
0.000000
0.000000
0.000000
0.000000
0.000000
0.000000
0.000000
0.000000
0.000000
0.000000
0.000000
0.000000
0.000000
0.000000
0.000000
0.000000
0.000000
0.000000
0.000000
0.000000
0.000000
0.000000
0.000000
0.000000
0.000000
0.000000
0.000000
0.000000
0.000000
0.000000
0.000000
0.000000
0.000000
0.000000
0.000000
0.000000
0.000000
0.000000
0.000000
0.000000
0.000000
0.000000
0.000000
0.000000
0.000000
0.000000
0.000000
0.000000
0.000000
0.000000
0.000000
0.000000
0.000000
0.000000
0.000000
0.000000
0.000000
0.000000
0.000000
0.000000
0.000000
0.000000
0.000000
0.000000
0.000000
0.000000
0.000000
0.000000
0.000000
0.000000
0.000000
0.000000
0.000000
0.000000
0.000000
0.000000
0.000000
0.000000
0.000000
0.000000
0.000000
0.000000
0.000000
0.000000
0.000000
0.000000
0.000000
0.000000
0.000000
0.000000
0.000000
0.000000
0.000000
0.000000
0.000000
0.000000
0.000000
0.000000
0.000000
0.000000
0.000000
0.000000
0.000000
0.000000
0.000000
0.000000
0.000000
0.000000
0.000000
0.000000
0.000000
0.000000
0.000000
0.000000
0.000000
0.000000
0.000000
0.000000
0.000000
0.000000
0.000000
0.000000
0.000000
0.000000
0.000000
0.000000
0.000000
0.000000
0.000000
0.000000
0.000000
0.000000
0.000000
0.000000
0.000000
0.000000
0.000000
0.000000
0.000000
0.000000
0.000000
0.000000
0.000000
0.000000
0.000000
0.000000
0.000000
0.000000
0.000000
0.000000
0.000000
0.000000
0.000000
0.000000
0.000000
0.000000
0.000000
0.000000
0.000000
0.000000
0.000000
0.000000
0.000000
0.000000
0.000000
0.000000
0.000000
0.000000
0.000000
0.000000
0.000000
0.000000
0.000000
0.000000
0.000000
0.000000
0.000000
0.000000
0.000000
0.000000
0.000000
0.000000
0.000000
0.000000
0.000000
0.000000
0.000000
0.000000
0.000000
0.000000
0.000000
0.000000
0.000000
0.000000
0.000000
0.000000
0.000000
0.000000
0.000000
0.000000
0.000000
0.000000
0.000000
0.000000
0.000000
0.000000
0.000000
0.000000
0.000000
0.000000
0.000000
0.000000
0.000000
0.000000
0.000000
0.000000
0.000000
0.000000
0.000000
0.000000
0.000000
0.000000
0.000000
0.000000
0.000000
0.000000
0.000000
0.000000
0.000000
0.000000
0.000000
0.000000
0.000000
0.000000
0.000000
0.000000
0.000000
0.000000
0.000000
0.000000
0.000000
0.000000
0.000000
0.000000
0.000000
0.000000
0.000000
0.000000
0.000000
0.000000
0.000000
0.000000
0.000000
0.000000
0.000000
0.000000
0.000000
0.000000
0.000000
0.000000
0.000000
0.000000
0.000000
0.000000
0.000000
0.000000
0.000000
0.000000
0.000000
0.000000
0.000000
0.000000
0.000000
0.000000
0.000000
0.000000
0.000000
0.000000
0.000000
0.000000
0.000000
0.000000
0.000000
0.000000
0.000000
0.000000
0.000000
0.000000
0.000000
0.000000
0.000000
0.000000
0.000000
0.000000
0.000000
0.000000
0.000000
0.000000
0.000000
0.000000
0.000000
0.000000
0.000000
0.000000
0.000000
0.000000
0.000000
0.000000
0.000000
0.000000
0.000000
0.000000
0.000000
0.000000
0.000000
0.000000
0.000000
0.000000
0.000000
0.000000
0.000000
0.000000
0.000000
0.000000
0.000000
0.000000
0.000000
0.000000
0.000000
0.000000
0.000000
0.000000
0.000000
0.000000
0.000000
0.000000
0.000000
0.000000
0.000000
0.000000
0.000000
0.000000
0.000000
0.000000
0.000000
0.000000
0.000000
0.000000
0.000000
0.000000
0.000000
0.000000
0.000000
0.000000
0.000000
0.000000
0.000000
0.000000
0.000000
0.000000
0.000000
0.000000
0.000000
0.000000
0.000000
0.000000
0.000000
0.000000
0.000000
0.000000
0.000000
0.000000
0.000000
0.000000
0.000000
0.000000
0.000000
0.000000
0.000000
0.000000
0.000000
0.000000
0.000000
0.000000
0.000000
0.000000
0.000000
0.000000
0.000000
0.000000
0.000000
0.000000
0.000000
0.000000
0.000000
0.000000
0.000000
0.000000
0.000000
0.000000
0.000000
0.000000
0.000000
0.000000
0.000000
0.000000
0.000000
0.000000
0.000000
0.000000
0.000000
0.000000
0.000000
0.000000
0.000000
0.000000
0.000000
0.000000
0.000000
0.000000
0.000000
0.000000
0.000000
0.000000
0.000000
0.000000
0.000000
0.000000
0.000000
0.000000
0.000000
0.000000
0.000000
0.000000
0.000000
0.000000
0.000000
0.000000
0.000000
0.000000
0.000000
0.000000
0.000000
0.000000
0.000000
0.000000
0.000000
0.000000
0.000000
0.000000
0.000000
0.000000
0.000000
0.000000
0.000000
0.000000
0.000000
0.000000
0.000000
0.000000
0.000000
0.000000
0.000000
0.000000
0.000000
0.000000
0.000000
0.000000
0.000000
0.000000
0.000000
0.000000
0.000000
0.000000
0.000000
0.000000
0.000000
0.000000
0.000000
0.000000
0.000000
0.000000
0.000000
0.000000
0.000000
0.000000
0.000000
0.000000
0.000000
0.000000
0.000000
0.000000
0.000000
0.000000
0.000000
0.000000
0.000000
0.000000
0.000000
0.000000
0.000000
0.000000
0.000000
0.000000
0.000000
0.000000
0.000000
0.000000
0.000000
0.000000
0.000000
0.000000
0.000000
0.000000
0.000000
0.000000
0.000000
0.000000
0.000000
0.000000
0.000000
0.000000
0.000000
0.000000
0.000000
0.000000
0.000000
0.000000
0.000000
0.000000
0.000000
0.000000
0.000000
0.000000
0.000000
0.000000
0.000000
0.000000
0.000000
0.000000
0.000000
0.000000
0.000000
0.000000
0.000000
0.000000
0.000000
0.000000
0.000000
0.000000
0.000000
0.000000
0.000000
0.000000
0.000000
0.000000
0.000000
0.000000
0.000000
0.000000
0.000000
0.000000
0.000000
0.000000
0.000000
0.000000
0.000000
0.000000
0.000000
0.000000
0.000000
0.000000
0.000000
0.000000
0.000000
0.000000
0.000000
0.000000
0.000000
0.000000
0.000000
0.000000
0.000000
0.000000
0.000000
0.000000
0.000000
0.000000
0.000000
0.000000
0.000000
0.000000
0.000000
0.000000
0.000000
0.000000
0.000000
0.000000
0.000000
0.000000
0.000000
0.000000
0.000000
0.000000
0.000000
0.000000
0.000000
0.000000
0.000000
0.000000
0.000000
0.000000
0.000000
0.000000
0.000000
0.000000
0.000000
0.000000
0.000000
0.000000
0.000000
0.000000
0.000000
0.000000
0.000000
0.000000
0.000000
0.000000
0.000000
0.000000
0.000000
0.000000
0.000000
0.000000
0.000000
0.000000
0.000000
0.000000
0.000000
0.000000
0.000000
0.000000
0.000000
0.000000
0.000000
0.000000
0.000000
0.000000
0.000000
0.000000
0.000000
0.000000
0.000000
0.000000
0.000000
0.000000
0.000000
0.000000
0.000000
0.000000
0.000000
0.000000
0.000000
0.000000
0.000000
0.000000
0.000000
0.000000
0.000000
0.000000
0.000000
0.000000
0.000000
0.000000
0.000000
0.000000
0.000000
0.000000
0.000000
0.000000
0.000000
0.000000
0.000000
0.000000
0.000000
0.000000
0.000000
0.000000
0.000000
0.000000
0.000000
0.000000
0.000000
0.000000
0.000000
0.000000
0.000000
0.000000
0.000000
0.000000
0.000000
0.000000
0.000000
0.000000
0.000000
0.000000
0.000000
0.000000
0.000000
0.000000
0.000000
0.000000
0.000000
0.000000
0.000000
0.000000
0.000000
0.000000
0.000000
0.000000
0.000000
0.000000
0.000000
0.000000
0.000000
0.000000
0.000000
0.000000
0.000000
0.000000
0.000000
0.000000
0.000000
0.000000
0.000000
0.000000
0.000000
0.000000
0.000000
0.000000
0.000000
0.000000
0.000000
0.000000
0.000000
0.000000
0.000000
0.000000
0.000000
0.000000
0.000000
0.000000
0.000000
0.000000
0.000000
0.000000
0.000000
0.000000
0.000000
0.000000
0.000000
0.000000
0.000000
0.000000
0.000000
0.000000
0.000000
0.000000
0.000000
0.000000
0.000000
0.000000
0.000000
0.000000
0.000000
0.000000
0.000000
0.000000
0.000000
0.000000
0.000000
0.000000
0.000000
0.000000
0.000000
0.000000
0.000000
0.000000
0.000000
0.000000
0.000000
0.000000
0.000000
0.000000
0.000000
0.000000
0.000000
0.000000
0.000000
0.000000
0.000000
0.000000
0.000000
0.000000
0.000000
0.000000
0.000000
0.000000
0.000000
0.000000
0.000000
0.000000
0.000000
0.000000
0.000000
0.000000
0.000000
0.000000
0.000000
0.000000
0.000000
0.000000
0.000000
0.000000
0.000000
0.000000
0.000000
0.000000
0.000000
0.000000
0.000000
0.000000
0.000000
0.000000
0.000000
0.000000
0.000000
0.000000
0.000000
0.000000
0.000000
0.000000
0.000000
0.000000
0.000000
0.000000
0.000000
0.000000
0.000000
0.000000
0.000000
0.000000
0.000000
0.000000
0.000000
0.000000
0.000000
0.000000
0.000000
0.000000
0.000000
0.000000
0.000000
0.000000
0.000000
0.000000
0.000000
0.000000
0.000000
0.000000
0.000000
0.000000
0.000000
0.000000
0.000000
0.000000
0.000000
0.000000
0.000000
0.000000
0.000000
0.000000
0.000000
0.000000
0.000000
0.000000
0.000000
0.000000
0.000000
0.000000
0.000000
0.000000
0.000000
0.000000
0.000000
0.000000
0.000000
0.000000
0.000000
0.000000
0.000000
0.000000
0.000000
0.000000
0.000000
0.000000
0.000000
0.000000
0.000000
0.000000
0.000000
0.000000
0.000000
0.000000
0.000000
0.000000
0.000000
0.000000
0.000000
0.000000
0.000000
0.000000
0.000000
0.000000
0.000000
0.000000
0.000000
0.000000
0.000000
0.000000
0.000000
0.000000
0.000000
0.000000
0.000000
0.000000
0.000000
0.000000
0.000000
0.000000
0.000000
0.000000
0.000000
0.000000
0.000000
0.000000
0.000000
0.000000
0.000000
0.000000
0.000000
0.000000
0.000000
0.000000
0.000000
0.000000
0.000000
0.000000
0.000000
0.000000
0.000000
0.000000
0.000000
0.000000
0.000000
0.000000
0.000000
0.000000
0.000000
0.000000
0.000000
0.000000
0.000000
0.000000
0.000000
0.000000
0.000000
0.000000
0.000000
0.000000
0.000000
