0.354936
0.425254
0.971052
1.506805
1.814863
1.356125
1.513502
1.690970
1.794772
1.895226
1.721106
1.751243
1.761288
1.828257
1.871787
1.757939
1.764636
1.908620
1.888529
1.908620
1.540290
1.834954
1.938756
1.674228
1.938756
1.781379
1.818212
1.747894
1.841651
1.901923
1.690970
1.948802
1.858393
1.764636
1.788076
1.901923
1.744545
1.771333
1.855045
1.861742
1.754591
1.861742
1.704364
1.908620
1.995680
1.711061
1.771333
1.885181
1.801469
1.911968
1.814863
1.751243
1.804818
1.865090
1.975589
1.948802
1.761288
1.895226
1.781379
1.999028
1.677577
1.717758
1.834954
1.905272
1.828257
1.660834
1.911968
1.657486
1.814863
1.878484
1.660834
1.717758
1.895226
1.935408
1.711061
1.724455
1.771333
1.680925
1.694319
1.694319
1.898575
1.533593
1.711061
1.905272
1.721106
1.905271
1.834954
1.741197
1.771333
1.935408
1.707713
1.988983
1.925362
1.844999
1.841651
1.935408
1.727803
1.714409
1.818211
1.747894
1.871787
1.627350
1.841651
1.928711
1.972241
1.915317
1.694319
1.868438
1.697667
1.911968
1.707713
1.861742
2.025816
1.784727
1.771333
1.741197
1.855045
1.945453
1.808166
1.855045
1.640743
1.881832
1.861742
1.660834
1.664183
1.690970
1.791424
1.978938
2.086088
2.035861
1.821560
1.771333
1.972241
1.680925
1.831606
1.704364
1.878484
1.640743
1.640743
1.814863
1.727803
1.968892
1.788076
1.771333
1.844999
1.935408
1.965544
1.841651
1.711061
1.798121
1.814863
1.858393
1.704364
1.697667
1.814863
1.878484
1.747894
1.999028
1.677577
1.911968
1.764636
1.690970
1.701016
1.724455
1.888529
1.526896
1.871787
1.731152
1.818212
1.560381
1.593865
1.670880
1.711061
1.670880
1.798121
2.029164
1.878484
1.808166
1.617304
1.915317
1.838302
1.818212
1.855045
1.761288
1.865090
1.711061
1.794772
1.824908
1.727803
1.731152
1.734500
1.798121
1.885181
1.684273
1.757939
1.958847
1.741197
1.794772
1.848348
1.781379
1.888529
1.821560
1.811515
1.918665
1.844999
1.952150
1.707713
1.865090
1.811515
1.697667
1.781379
1.905272
1.831606
1.888529
1.707713
1.764636
2.045907
1.922014
1.918665
1.905272
1.630698
1.821560
1.637395
1.928711
1.570426
1.982286
1.942104
1.654137
1.617304
1.778030
1.781379
1.791424
1.701016
1.767985
1.804818
1.905272
1.861742
1.744546
1.891878
1.764636
1.774682
1.778030
1.687622
1.851696
1.965544
1.811515
1.674228
1.968892
1.985634
1.694319
1.911968
1.737849
1.935408
1.744546
1.895226
1.928711
1.811515
1.690970
1.881832
1.734500
1.617304
1.844999
1.861742
1.613956
1.667531
1.804818
1.717758
1.650789
1.697667
1.851696
1.707713
1.774682
1.878484
1.757940
1.834954
1.844999
1.821560
1.727803
1.778030
1.824908
1.741197
1.804818
1.767985
1.741197
1.667531
1.684273
1.711061
1.583820
1.858393
1.717758
2.059300
1.536941
1.942104
1.513502
1.637395
1.858393
1.834954
1.747894
1.895226
1.731152
1.911968
1.962195
1.727803
1.593865
2.005725
1.821560
1.985634
1.828257
1.831606
1.928711
1.771333
1.707713
1.767985
1.955498
1.875135
2.109527
1.690970
1.875135
1.935408
1.781379
1.855045
1.918665
1.868438
1.620653
1.721106
1.741197
1.871787
1.757939
1.865090
1.814863
1.814863
1.848348
1.814863
1.911968
2.005725
1.707713
1.771333
2.086088
1.962195
1.821560
1.757940
1.885181
1.905272
1.945453
1.831605
2.049255
1.610607
1.875135
1.754591
1.687622
1.761288
1.704364
1.660834
1.610607
1.690970
1.834954
1.935408
1.958847
1.995680
1.968892
1.808166
1.764636
1.992331
1.814863
1.855045
1.821560
1.754591
1.985634
1.841651
1.995680
1.834954
2.029164
1.704364
2.065997
2.092785
1.573774
1.737849
1.891878
1.791424
1.848348
1.828257
1.844999
1.834954
1.821560
1.764636
1.821560
1.707713
1.674228
1.808166
1.844999
1.747894
1.536942
1.516851
1.875135
1.824908
1.821560
1.828257
1.788076
1.774682
1.781379
1.774682
1.818212
1.848348
1.871787
1.975589
1.988983
1.680925
1.844999
1.881832
1.778030
1.841651
1.667531
1.928711
1.754591
1.731152
1.834954
1.928711
1.784727
1.851696
1.714409
1.670879
1.778030
1.657486
1.888529
1.818212
1.905272
1.945453
1.905272
1.701016
1.881832
1.821560
1.657486
1.865090
1.798121
1.955498
1.627350
1.808166
1.808166
1.928711
1.841651
1.694319
1.674228
1.875135
1.747894
1.624001
1.808166
1.831605
1.657486
1.938756
1.644092
1.670880
1.848348
1.751243
1.767985
1.898575
1.831605
1.680925
1.858393
1.871787
1.965544
1.871787
1.788076
1.724455
1.811515
1.734500
1.938756
1.684273
1.985634
1.821560
1.878484
1.905271
1.721106
1.978938
2.019119
1.908620
1.958847
1.871787
1.918665
1.734500
1.962195
1.761288
1.811515
1.778030
1.901923
2.005725
1.848348
1.701016
1.784727
1.928711
1.898575
1.844999
1.654137
1.855045
1.798121
1.878484
1.624001
1.888529
1.788076
1.808166
1.701016
1.905271
1.774682
1.938756
1.788076
1.824908
1.878484
1.791424
1.791424
1.824908
1.667531
1.808166
1.697667
1.701016
1.895226
1.831606
1.844999
1.865090
1.781379
1.757939
1.781379
1.895226
1.794772
1.801469
1.824908
1.784727
1.851696
1.982286
1.808166
1.958847
1.895226
1.737849
1.741197
1.881832
1.885181
1.811515
1.871787
1.804818
1.721106
1.828257
1.808166
1.848348
1.690970
1.744545
1.798121
1.721106
1.751243
1.734500
2.116224
1.637395
1.764636
1.878484
1.928711
1.741197
1.751243
1.734500
1.680925
1.757939
1.751243
1.804818
1.794772
1.878484
1.764636
1.593865
1.731152
1.861742
1.935408
1.901923
1.814863
1.878484
1.794772
1.711061
1.784727
1.707713
1.711061
1.838302
1.791424
1.828257
1.942104
1.781379
1.885181
1.754591
1.774682
1.952150
1.751243
1.583820
1.701016
1.818212
1.911968
1.784727
1.851696
1.677577
1.727803
1.711061
1.801469
1.694319
1.925362
1.744545
1.868438
1.908620
1.654137
1.798121
1.724455
1.731152
1.814863
1.794772
1.771333
1.757940
1.901923
1.677577
1.821560
1.778030
1.741197
1.844999
1.767985
1.875135
1.714409
1.888529
1.814863
2.002377
1.881832
1.915317
1.794772
1.828257
1.764636
1.741197
1.804818
1.721106
1.741197
1.858393
1.677577
1.808166
1.881832
1.885181
1.958847
1.754591
1.881832
1.798121
1.888529
1.781379
1.982286
1.577123
1.778030
1.798121
1.644092
1.801469
1.895226
1.737849
1.690970
1.942104
1.694319
1.744546
1.905272
1.861742
1.891878
2.059300
1.861742
1.858393
1.798121
1.942104
1.697667
1.774682
1.737849
1.791424
2.009073
1.848348
1.774682
1.801469
1.838302
2.065997
1.841651
1.881832
1.801469
1.593865
1.711061
1.754591
2.012422
1.500108
2.169800
1.871787
1.831605
1.922014
1.674228
1.821560
1.791424
1.818212
1.891878
1.848348
1.747894
1.885181
1.811515
1.784727
1.898575
1.908620
1.721106
1.644092
1.791424
1.731152
1.747894
1.754591
1.667531
1.767985
1.831605
1.811515
1.828257
1.925362
1.714409
1.824908
1.818211
1.721106
1.717758
1.821560
1.834954
1.808166
1.791424
1.751243
1.664183
1.650789
1.774682
1.901923
1.741197
1.844999
1.818212
1.784727
1.767985
1.811515
1.895226
1.804818
1.670880
1.717758
1.784727
1.891878
1.948802
1.704364
1.724455
1.965544
1.905272
1.851696
1.784727
1.811515
1.791424
1.707713
1.737849
1.798121
1.811515
1.788076
1.965544
1.834954
1.881832
1.982286
1.942104
1.778030
1.915317
1.647440
1.875135
1.828257
1.875135
1.865090
2.072694
1.697667
1.918665
1.724455
1.647440
1.794772
1.697667
1.667531
1.982286
1.650789
1.677577
1.724455
1.898575
1.687622
1.985634
1.741197
1.968892
1.841651
1.801469
1.798121
1.714409
1.714409
1.834954
1.855045
1.701016
2.156406
1.707713
1.737849
1.724455
1.855045
1.771333
1.865090
1.831605
1.600562
1.624001
1.988983
1.844999
1.781379
2.039210
1.865090
1.778030
1.704364
2.042558
1.714409
1.690970
1.878484
1.818212
1.583820
1.788076
1.781379
1.848348
1.764636
1.888529
1.677577
1.965544
1.895226
1.664183
1.888529
1.697667
1.922014
1.871787
1.757940
1.821560
1.744545
1.952150
1.677577
1.875135
1.861742
1.834954
1.885181
1.526896
1.885181
1.694319
1.664183
1.677577
1.727803
1.680925
1.898575
1.948802
1.824908
1.764636
1.908620
1.925362
1.881832
1.677577
2.025816
1.861742
1.684273
1.724455
1.881832
2.022468
1.667531
1.908620
1.988983
1.714409
1.721106
1.895226
1.838302
1.928711
1.657486
1.891878
1.711061
1.888529
1.824908
1.818212
1.801469
1.731152
1.844999
1.798121
1.774682
1.714409
1.784727
1.851696
1.865090
1.761288
1.851696
1.888529
1.694319
1.737849
1.881832
1.754591
1.888529
1.982286
1.778030
1.955498
2.022468
1.707713
1.814863
1.808166
1.801469
1.640743
1.818211
1.781379
1.784727
1.814863
1.704364
1.724455
1.824908
1.657486
1.871787
1.747894
1.891878
1.861742
1.824908
1.895226
2.082740
1.831605
1.667531
1.824908
1.791424
1.868438
1.905271
1.985634
1.925362
1.784727
1.814863
1.553684
1.814863
1.731152
1.764636
1.798121
1.834954
1.690970
1.814863
1.667531
1.694319
1.707713
1.858393
2.015770
1.841651
1.798121
2.019119
1.808166
2.005725
1.731152
1.905272
1.865090
1.724455
1.811515
1.821560
1.664183
1.871787
1.617304
1.778030
1.697667
1.644092
1.861742
1.613956
1.791424
1.855045
1.714409
1.871787
1.911968
1.737849
1.888529
1.858393
1.925362
1.958847
1.794772
1.844999
1.664183
1.911968
1.848348
1.955498
1.778030
1.737849
1.855045
1.821560
1.694319
1.767985
1.988983
1.687622
1.868438
1.851696
1.958847
1.687622
1.731152
1.774682
1.881832
1.858393
1.824908
1.861742
1.868438
1.764636
1.858393
1.861742
1.788076
1.891878
1.878484
1.801469
1.858393
1.841651
1.821560
1.841651
1.808166
1.831606
1.804818
1.701016
1.811515
1.794772
1.828257
1.774682
1.821560
1.767985
1.714409
1.831606
1.861742
1.828257
1.868438
1.821560
1.781379
1.781379
1.660834
0.991143
1.851696
1.731152
1.804818
1.754591
1.774682
1.865090
1.838302
1.865090
1.858393
1.824908
1.814863
1.898575
1.828257
1.731152
1.871787
1.771333
1.731152
1.767985
1.741197
1.734500
1.707713
1.657486
1.717758
1.680925
1.764636
1.694319
1.767985
1.654137
1.600562
1.707713
1.667531
1.717758
1.446533
1.744546
1.423094
1.804818
1.674228
1.436488
1.962195
1.513502
1.747894
1.607259
1.757939
1.834954
1.848348
1.915317
1.922014
1.901923
1.818212
1.875135
1.928711
1.999028
1.885181
1.771333
1.814863
1.878484
1.948802
1.952150
1.731152
1.821560
1.855045
1.851696
1.935408
1.888529
1.674228
1.848348
1.828257
1.821560
1.895226
1.844999
1.717758
1.818211
1.664183
1.791424
1.834954
1.573774
1.891878
1.878484
1.804818
1.922014
1.868438
1.811515
1.664183
1.841651
1.918665
1.801469
1.667531
1.704364
1.811515
1.945453
1.721106
1.754591
1.891878
1.871787
1.754591
1.620653
1.731152
1.794772
1.844999
1.895226
1.838302
1.804818
1.791424
1.717758
1.677577
1.804818
1.801469
1.754591
1.794772
1.821560
1.918665
1.767985
1.717758
1.747894
1.838302
1.727803
1.731152
1.801469
1.908620
1.694319
1.868438
1.871787
1.905272
1.761288
1.911968
1.737849
1.828257
1.627350
1.731152
1.834954
1.791424
1.767985
1.717758
1.865090
1.992331
1.707713
1.814863
1.533593
1.868438
1.791424
1.747894
1.771333
1.751243
1.878484
1.814863
1.868438
1.744545
1.855045
1.824908
1.727803
1.808166
1.767985
1.855045
1.684273
1.831606
1.811515
1.808166
1.690970
1.724455
1.888529
1.895226
1.761288
1.841651
1.791424
1.754591
1.684273
1.704364
1.858393
1.778030
1.814863
1.922014
2.079391
1.798121
1.711061
1.855045
2.035861
1.697667
1.925362
1.570426
1.523548
1.791424
1.878484
1.995680
1.731152
1.764636
1.794772
1.727803
1.841651
1.841651
1.985634
1.798121
1.593865
1.942104
1.804818
1.590517
1.834954
1.975589
1.828257
1.654137
1.848348
1.818211
1.905272
1.844999
1.690970
1.905271
1.821560
1.737849
1.781379
1.737849
1.818212
1.647440
1.895226
1.851696
1.818211
1.801469
1.781379
1.593865
1.848348
1.788076
1.774682
1.781379
1.741197
1.888529
1.841651
1.791424
1.751243
1.871787
1.788076
1.821560
1.841651
1.841651
1.784727
1.821560
1.841651
1.774682
1.821560
1.858393
1.905272
1.818212
1.905272
1.767985
1.938756
1.804818
1.808166
1.831605
1.687622
1.751243
1.788076
1.734500
1.764636
1.667531
1.694319
1.915317
1.781379
1.741197
1.871787
1.828257
1.871787
1.844999
1.821560
1.855045
1.868438
1.818212
1.828257
1.757939
1.858393
1.791424
1.888529
1.791424
1.697667
1.741197
1.751243
1.674228
1.814863
1.744546
1.778030
1.761288
1.811515
1.808166
1.985634
1.784727
1.858393
1.771333
1.844999
1.881832
1.875135
1.821560
1.714409
1.734500
1.761288
1.895226
1.731152
1.798121
1.858393
1.754591
1.804818
1.801469
1.757940
1.747894
1.808166
1.821560
1.861742
1.928711
1.855045
1.925362
1.737849
1.831606
1.794772
1.922014
1.761288
1.831606
1.784727
1.791424
1.714409
1.774682
1.697667
1.794772
1.774682
1.871787
1.751243
1.801469
1.764636
1.821560
1.885181
1.851696
1.747894
1.734500
1.794772
1.885181
1.838302
1.942104
1.784727
1.855045
1.778030
1.945453
1.925362
1.734500
1.764636
1.664183
1.858393
1.891878
1.751243
1.928711
1.811515
1.761288
1.861742
1.707713
1.741197
1.801469
1.861742
1.771333
1.808166
1.841651
1.781379
1.824908
1.788076
1.881832
1.784727
1.811515
1.771333
1.831606
1.801469
1.885181
1.838302
1.757940
1.754591
1.734500
1.784727
1.855045
1.798121
1.888529
1.811515
1.918665
1.828257
1.918665
1.881832
1.908620
1.664183
1.952150
1.744546
1.774682
1.767985
1.744545
1.757940
1.821560
1.818211
1.875135
1.751243
1.814863
1.694319
1.747894
1.677577
1.697667
1.727803
1.891878
1.690970
2.059300
1.540290
2.065997
1.634047
1.680925
1.734500
1.757940
1.858393
1.704364
1.922014
1.781379
1.881832
1.838302
1.784727
1.734500
1.647440
1.798121
1.677577
1.707713
1.965544
1.908620
1.818211
1.804818
1.841651
1.885181
1.788076
1.821560
1.891878
1.824908
1.804818
1.727803
1.694319
1.714409
1.704364
1.694319
1.567077
1.734500
1.734500
1.781379
1.724455
1.945453
1.634047
1.925362
1.560381
1.734500
1.701016
1.680925
1.818211
1.818212
1.911968
1.875135
1.851696
1.881832
1.747894
1.985634
1.848348
1.838302
1.687622
1.754591
1.878484
1.731152
1.801469
1.871787
1.922014
1.533593
1.483366
1.543638
2.082740
1.774682
1.814863
1.881832
1.855045
2.199936
1.871787
1.885181
1.851696
2.025816
1.798121
1.838302
1.259019
1.831605
1.865090
1.992331
1.918665
1.855045
1.962195
1.901923
1.861742
1.788076
1.744546
1.814863
1.727803
1.811515
1.975589
1.895226
1.664183
1.838302
1.865090
1.928711
1.650789
1.901923
1.844999
1.741197
1.737849
1.828257
1.828257
1.838302
1.774682
1.791424
1.490063
1.942104
1.734500
1.808166
1.811515
1.865090
1.660834
1.871787
1.654137
1.865090
1.794772
1.751243
1.754591
1.801469
1.654137
1.610608
1.808166
1.905272
1.757940
1.751243
1.801469
1.764636
1.925362
1.634047
1.851696
1.784727
1.791424
1.891878
1.985634
1.788076
1.747894
1.724455
1.821560
1.714409
1.791424
2.069346
1.841651
1.734500
1.741197
1.838302
1.824908
1.814863
1.637395
1.861742
1.858393
1.838302
1.757940
1.774682
1.858393
1.834954
1.771333
1.808166
1.881832
1.761288
1.781379
1.724455
1.798121
1.794772
1.771333
1.761288
1.818212
1.848348
1.821560
1.831605
1.747894
1.885181
1.731152
1.838302
1.764636
1.818212
1.841651
1.737849
1.824908
1.811515
1.834954
1.784727
1.804818
1.754591
1.711061
1.694319
1.721106
1.644092
1.714410
1.557032
1.771333
1.901923
1.510154
1.741197
1.898575
1.861742
1.721106
1.607259
2.035861
1.731152
0.904083
1.312595
1.771333
1.948802
1.741197
1.804818
1.654137
2.186542
1.721106
1.965544
1.597214
1.630698
1.895226
1.516851
1.962195
1.202096
1.339383
1.640743
1.560381
1.513502
2.173148
0.957658
2.116224
1.195399
1.694319
1.861742
1.613956
1.818211
1.711061
1.734500
1.834954
2.156406
1.761288
2.049255
1.821560
1.911968
1.707713
1.798121
1.901923
1.516851
1.818211
1.583820
1.764636
1.948802
1.543638
0.847159
2.169800
2.166451
1.898575
1.624001
1.945453
1.741197
2.012422
1.533593
1.999028
2.173148
1.617304
2.032513
1.627350
2.153057
1.526896
1.640743
2.059300
1.891878
1.295852
1.948802
1.617304
1.654137
2.203284
1.687622
1.861742
1.761288
1.778030
2.015770
1.925362
1.861742
2.059300
2.755780
1.804818
2.032513
1.915317
1.824908
2.106179
1.855045
1.724455
1.925362
1.834954
1.771333
2.055952
1.891878
1.952150
1.831606
1.881832
1.848348
1.844999
1.932059
1.818211
1.962195
1.774682
1.654137
1.885181
1.801469
1.794772
1.885181
1.881832
1.788076
1.707713
1.922014
1.875135
1.922014
1.888529
1.831606
1.999028
1.717758
1.844999
1.808166
1.952150
1.788076
1.751243
1.881832
1.791424
1.778030
1.858393
1.891878
1.885181
1.784727
1.925362
1.804818
1.667531
1.814863
1.784727
1.727803
1.881832
1.841651
1.948802
1.952150
1.727803
1.871787
1.801469
1.717758
1.922014
1.804818
1.778030
1.734500
1.831606
1.667531
1.841651
1.821560
1.948802
1.707713
1.744546
1.717758
1.784727
1.821560
1.761288
1.644092
1.821560
1.911968
1.597214
1.878484
1.818211
1.821560
1.898575
1.885181
1.767985
1.510154
1.711061
1.707713
1.664183
1.908620
1.791424
1.888529
1.828257
1.771333
1.955498
1.744545
1.868438
1.647440
1.925362
1.855045
1.627350
1.848348
1.841651
1.824908
1.788076
1.841651
1.664183
1.788076
1.871787
1.747894
1.838302
1.918665
1.721106
1.721106
1.878484
1.721106
1.801469
1.848348
1.774682
1.664183
1.684273
1.844999
1.781379
1.727803
1.865090
1.888529
1.690970
1.808166
1.898575
1.861742
1.697667
1.831606
1.791424
1.948802
1.724455
1.831605
1.741197
1.767985
1.918665
1.855045
1.888529
1.674228
1.955498
1.865090
1.737849
1.844999
1.831605
1.915317
1.824908
1.844999
1.844999
1.834954
1.767985
1.778030
1.724455
1.737849
1.791424
1.794772
1.741197
1.938756
1.667531
1.794772
1.747894
1.690970
1.764636
1.838302
1.754591
1.975589
1.848348
1.563729
1.767985
1.761288
1.814863
1.811515
1.764636
1.751243
1.771333
1.804818
1.804818
1.814863
1.838302
1.905272
1.727803
1.781379
1.945453
1.922014
1.962195
1.828257
1.694319
1.855045
1.794772
1.814863
1.737849
1.824908
1.905271
1.798121
1.781379
1.757939
1.701016
1.767985
1.808166
1.657486
1.824908
1.694319
1.855045
1.717758
1.834954
1.985634
1.808166
1.922014
1.741197
1.717758
1.798121
1.891878
1.801469
1.935408
1.851696
1.938756
1.774682
1.978938
1.915317
1.851696
1.888529
1.851696
1.814863
1.972241
1.791424
1.915317
1.798121
1.674228
1.657486
1.767985
2.042558
1.798121
1.761288
1.958847
1.784727
1.885181
1.808166
2.045907
1.784727
1.744545
1.680925
1.747894
1.734500
1.848348
1.744545
1.771333
1.664183
1.674228
1.654137
1.664183
1.747894
1.724455
1.771333
1.808166
1.818212
1.972241
1.483366
1.684273
1.865090
1.751243
1.878484
1.794772
1.794772
1.811515
1.922014
1.630698
1.664183
2.022468
1.747894
2.032513
1.925362
1.788076
1.952150
1.875135
1.838302
1.798121
1.868438
1.865090
1.868438
2.035861
1.855045
1.875135
1.798121
1.687622
1.881832
1.801469
1.851696
1.865090
1.945453
1.871787
1.824908
1.868438
1.905272
1.824908
1.741197
1.717758
1.841651
1.757940
1.761288
1.891878
1.754591
1.834954
1.821560
1.851696
1.771333
1.821560
1.701016
1.831605
1.644092
1.624001
1.724455
1.657486
1.690970
1.557032
1.657486
1.784727
1.798121
1.784727
1.701016
1.711061
1.617304
1.660834
1.905272
1.828257
1.767985
1.851696
1.935408
1.911968
2.042558
1.908620
1.734500
2.039210
1.908620
1.905271
1.881832
1.838302
1.898575
1.908620
1.831605
1.881832
1.911968
1.948802
1.654137
1.918665
1.714409
1.811515
1.821560
1.844999
1.911968
1.861742
1.834954
1.915317
1.784727
1.995680
1.922014
1.724455
1.871787
1.721106
1.901923
1.871787
2.009073
1.761288
1.844999
1.798121
1.844999
1.791424
1.831605
1.771333
1.831605
1.778030
1.868438
1.844999
1.764636
1.724455
1.717758
1.771333
1.737849
1.831605
1.711061
1.690970
2.313783
1.550335
1.587168
1.774682
1.483366
1.543638
1.647440
1.778030
1.851696
1.865090
1.851696
1.747894
1.828257
1.821560
1.798121
1.881832
1.838302
1.945453
1.754591
1.922014
1.844999
1.995680
1.871787
1.737849
2.045907
1.670879
1.978938
1.885181
2.132966
1.828257
1.757940
1.677577
1.677577
1.831606
1.821560
1.808166
1.875135
1.965544
1.908620
1.858393
1.644092
1.848348
1.741197
1.711061
1.831606
1.831605
1.811515
1.995680
1.911968
1.824908
1.761288
1.848348
1.744545
1.818212
1.761288
1.764636
1.694319
1.831606
1.767985
1.634046
1.751243
1.680925
1.670880
1.687622
1.844999
1.878484
1.670880
1.660834
1.640743
1.637395
1.694319
1.747894
1.784727
1.774682
1.898575
1.767985
1.737849
1.737849
1.798121
1.838302
1.855045
1.875135
1.922014
1.794772
1.798121
1.794772
1.821560
1.922014
1.774682
1.634047
1.841651
1.868438
1.774682
1.891878
1.771333
1.818212
1.851696
1.861742
1.647440
1.774682
1.697667
1.804818
2.015770
1.697667
1.717758
1.821560
1.841651
1.774682
1.848348
1.791424
1.784727
1.848348
1.895226
1.744545
1.834954
1.838302
1.714409
1.841651
1.717758
1.697667
1.657486
1.741197
1.721107
1.751243
1.778030
1.603910
1.613956
1.644092
1.821560
1.995680
1.911968
1.637395
1.637395
1.550335
1.674228
1.818212
1.674228
1.801469
1.778030
1.915317
2.002377
1.865090
1.834954
1.942104
1.865090
1.848348
1.670880
1.771333
1.965544
1.891878
1.938756
1.844999
1.875135
1.925362
1.901923
1.952150
1.988983
1.667531
1.938756
1.781379
1.861742
1.898575
1.868438
1.771333
1.811515
1.821560
1.811515
1.734500
1.794772
1.918665
1.865090
1.861742
1.711061
1.881832
1.834954
0.924174
1.982286
1.851696
1.804818
1.747894
1.721106
1.751243
1.844999
1.697667
1.724455
1.654137
1.784727
1.680925
1.603910
1.707713
1.660834
1.697667
1.563729
2.270253
1.372867
1.908620
1.342731
1.550335
1.690970
1.714409
1.747894
1.744546
1.935408
1.995680
1.905272
1.774682
1.898575
1.831606
1.888529
1.764636
1.972241
1.855045
1.985634
1.808166
2.012422
1.962195
1.828257
1.908620
1.844999
1.972241
1.955498
1.834954
1.704364
1.875135
1.801469
1.898575
1.741197
1.694319
1.821560
1.741197
1.637395
1.814863
1.824908
1.918665
1.684273
1.784727
1.747894
1.868438
1.844999
1.744545
1.804818
1.868438
1.814863
1.995680
1.848348
1.737849
1.731152
1.644092
1.784727
1.828257
1.624001
1.824908
1.573774
1.757939
1.607259
1.600562
1.603910
1.694319
1.764636
1.932059
1.737849
1.888529
1.583820
1.593865
1.694319
1.764636
1.878484
1.831606
1.814863
1.885181
1.814863
1.814863
1.838302
1.888529
1.838302
1.858393
1.911968
2.009073
1.717758
1.958847
1.711061
1.808166
1.915317
1.771333
1.841651
2.069346
1.828257
1.808166
1.888529
1.754591
1.918665
1.838302
1.754591
1.895226
1.875135
1.647440
1.647440
1.891878
1.824908
1.701016
1.707713
1.875135
1.757939
1.855045
1.724455
1.724455
1.848348
1.905272
1.828257
1.978937
1.881832
1.754591
1.737849
1.811515
1.767985
1.677577
1.687622
1.761288
1.821560
1.617304
1.607259
1.741197
1.918665
1.721106
1.624001
1.526896
1.536941
1.640743
1.727803
1.824908
1.767985
1.757940
1.885181
1.814863
1.855045
1.737849
2.055952
1.948802
1.824908
1.982286
1.871787
1.898575
1.838302
1.875135
1.754591
1.818212
1.801469
1.778030
1.958847
1.711061
1.764636
1.747894
1.747894
1.848348
1.804818
1.901923
1.885181
1.928711
1.942104
1.915317
1.844999
1.784727
1.861742
1.871787
1.754591
1.801469
1.942104
1.808166
1.965544
1.791424
1.818212
1.784727
1.871787
1.784727
1.734500
1.781379
1.767985
1.741197
1.781379
1.707713
1.717758
1.778030
1.868438
1.711061
1.885181
1.871787
1.778030
1.814863
1.851696
1.908620
1.737849
1.834954
1.848348
1.788076
1.747894
1.871787
1.634047
1.640743
1.767985
1.684273
1.925362
1.945453
1.898575
1.788076
1.905272
1.741197
1.798121
1.962195
1.757939
1.818211
1.737849
1.975589
1.861742
1.630698
1.781379
1.737849
1.871787
1.858393
1.922014
1.784727
1.657486
1.851696
1.915317
1.593865
1.828257
1.992331
1.701016
1.838302
1.851696
1.670880
1.734500
1.895226
1.895226
1.848348
1.741197
1.798121
1.744545
1.674228
1.851696
1.771333
1.737849
1.824908
1.828257
1.895226
1.814863
1.714409
2.015770
1.978938
1.804818
1.774682
2.042558
1.834954
1.727803
1.841651
1.841651
1.834954
1.734500
1.804818
1.764636
1.915317
1.751243
1.932059
1.834954
1.918665
1.701016
1.741197
1.721106
1.804818
1.834954
1.717758
1.774682
1.831606
1.677577
1.834954
1.784727
1.871787
1.891878
1.801469
1.861742
1.627350
1.871787
1.767985
1.714409
1.684273
1.784727
1.727803
1.577123
1.932059
1.791424
1.952150
1.975589
1.744545
1.932059
1.801469
1.761288
1.791424
2.005725
1.848348
1.841651
1.684273
1.603910
1.932059
1.868438
1.737849
1.871787
1.694319
1.945453
1.891878
1.808166
1.888529
1.992331
1.834954
1.781379
1.834954
1.784727
1.690970
1.664183
1.821560
1.664183
1.911968
1.778030
1.711061
1.620653
1.784727
1.838302
2.079391
1.794772
1.788076
1.771333
1.677577
1.878484
1.754591
1.865090
1.751243
1.868438
1.975589
1.674228
1.834954
1.861742
1.744546
2.065997
1.891878
1.771333
1.841651
1.697667
1.878484
1.942104
1.771333
1.834954
1.925362
1.647440
1.898575
1.744545
1.841651
1.714409
2.086088
1.587168
1.778030
1.938756
1.734500
1.988983
1.831605
1.844999
1.952150
1.834954
1.798121
1.922014
1.841651
1.878484
1.831606
1.767985
1.838302
1.875135
1.767985
1.788076
1.597213
1.697667
1.791424
1.724455
1.724455
1.848348
1.714409
1.895226
1.654137
1.838302
1.952150
1.707713
1.898575
1.694319
1.791424
1.831606
1.771333
1.533593
1.875135
1.717758
1.818212
1.814863
1.721106
1.811515
1.818211
1.784727
1.687622
1.898575
1.778030
1.841651
1.858393
1.788076
1.895226
1.828257
1.734500
1.744545
1.734500
1.590517
1.965544
1.861742
1.677577
1.881832
1.684273
1.690970
1.804818
1.687622
1.761288
1.938756
1.764636
1.767985
1.925362
1.901923
1.610607
1.888529
1.697667
1.657486
1.992331
1.891878
1.721106
1.670880
1.828257
1.828257
1.761288
1.778030
1.895226
1.751243
1.670879
1.848348
1.731152
1.794772
1.640743
1.771333
1.818212
1.901923
1.731152
1.831606
1.834954
1.898575
1.814863
1.707713
1.757939
1.737849
1.791424
1.855045
1.821560
1.868438
1.721106
1.855045
1.801469
1.788076
1.734500
1.798121
1.861742
1.654137
1.834954
1.865090
1.613956
1.938756
1.855045
1.764636
1.737849
1.865090
1.764636
1.881832
1.794772
1.754591
1.898575
1.828257
1.881832
1.724455
1.583820
1.771333
1.711061
1.757939
1.798121
2.002377
1.898575
1.757940
1.821560
1.701016
1.757940
1.962195
1.727803
1.701016
1.741197
1.714409
1.791424
1.751243
1.824908
1.704364
1.848348
1.821560
1.707713
1.737849
1.801469
1.747894
1.724455
1.747894
1.784727
1.804818
1.764636
1.687622
1.741197
1.721106
1.764636
1.844999
1.657486
1.871787
1.804818
1.948802
1.684273
1.901923
1.821560
0.000000
0.000000
0.000000
0.000000
0.000000
0.000000
0.000000
0.000000
0.000000
0.000000
0.000000
0.000000
0.000000
0.000000
0.000000
0.000000
0.000000
0.000000
0.000000
0.000000
0.000000
0.000000
0.000000
0.000000
0.000000
0.000000
0.000000
0.000000
0.000000
0.000000
0.000000
0.000000
0.000000
0.000000
0.000000
0.000000
0.000000
0.000000
0.000000
0.000000
0.000000
0.000000
0.000000
0.000000
0.000000
0.000000
0.000000
0.000000
0.000000
0.000000
0.000000
0.000000
0.000000
0.000000
0.000000
0.000000
0.000000
0.000000
0.000000
0.000000
0.000000
0.000000
0.000000
0.000000
0.000000
0.000000
0.000000
0.000000
0.000000
0.000000
0.000000
0.000000
0.000000
0.000000
0.000000
0.000000
0.000000
0.000000
0.000000
0.000000
0.000000
0.000000
0.000000
0.000000
0.000000
0.000000
0.000000
0.000000
0.000000
0.000000
0.000000
0.000000
0.000000
0.000000
0.000000
0.000000
0.000000
0.000000
0.000000
0.000000
0.000000
0.000000
0.000000
0.000000
0.000000
0.000000
0.000000
0.000000
0.000000
0.000000
0.000000
0.000000
0.000000
0.000000
0.000000
0.000000
0.000000
0.000000
0.000000
0.000000
0.000000
0.000000
0.000000
0.000000
0.000000
0.000000
0.000000
0.000000
0.000000
0.000000
0.000000
0.000000
0.000000
0.000000
0.000000
0.000000
0.000000
0.000000
0.000000
0.000000
0.000000
0.000000
0.000000
0.000000
0.000000
0.000000
0.000000
0.000000
0.000000
0.000000
0.000000
0.000000
0.000000
0.000000
0.000000
0.000000
0.000000
0.000000
0.000000
0.000000
0.000000
0.000000
0.000000
0.000000
0.000000
0.000000
0.000000
0.000000
0.000000
0.000000
0.000000
0.000000
0.000000
0.000000
0.000000
0.000000
0.000000
0.000000
0.000000
0.000000
0.000000
0.000000
0.000000
0.000000
0.000000
0.000000
0.000000
0.000000
0.000000
0.000000
0.000000
0.000000
0.000000
0.000000
0.000000
0.000000
0.000000
0.000000
0.000000
0.000000
