0.294664
0.629510
0.934219
1.349428
1.372867
1.503457
1.824908
1.717758
1.878484
1.784727
1.915317
1.747894
1.965544
1.965544
1.774682
1.861742
1.778030
1.677577
1.818211
1.952150
1.804818
1.818212
1.694319
1.818211
1.928711
1.848348
1.808166
1.915317
1.654137
1.680925
1.922014
1.918665
1.781379
1.667531
1.778030
1.794772
1.744546
1.895226
1.737849
1.794772
1.744546
1.630698
1.968892
1.975589
1.543638
1.791424
1.687622
1.808166
1.858393
1.851696
1.754591
1.731152
1.784727
1.901923
1.600562
1.727803
1.975589
1.948802
1.898575
1.881832
1.788076
1.878484
1.982286
1.962195
1.818211
1.757939
1.861742
1.637395
1.841651
1.690970
1.895226
1.747894
1.871787
1.721106
1.684273
1.942104
1.798121
1.808166
1.573774
1.711061
1.814863
2.015770
1.610607
1.995680
1.828257
1.771333
1.654137
1.895226
1.687622
1.808166
1.828257
1.741197
1.660834
1.848348
1.885181
1.747894
1.808166
1.804818
1.855045
2.015770
1.757940
1.861742
1.818212
1.895226
1.855045
1.737849
1.640743
1.925362
1.905272
1.928711
1.654137
1.593865
1.741197
1.634047
1.654137
1.824908
1.687622
1.814863
1.680925
1.764636
1.677577
1.754591
1.751243
1.647440
1.717758
1.868438
1.607259
1.784727
1.734500
1.915317
1.674228
1.714409
1.767985
1.875135
1.778030
1.948802
1.670880
1.704364
1.871787
1.744545
1.717758
1.778030
1.918665
1.798121
1.898575
1.771333
1.871787
1.767985
1.747894
1.831605
1.704364
1.871787
1.714409
1.637395
1.905271
1.841651
1.721106
1.985634
1.670879
1.814863
1.583820
1.687622
1.868438
1.858393
1.724455
1.771333
1.744545
1.975589
1.781379
1.684273
1.942104
1.734500
1.918665
1.707713
1.888529
1.804818
1.834954
1.744546
1.684273
1.634047
1.838302
1.784727
1.761288
1.861742
1.771333
1.821560
1.624001
1.674228
1.881832
1.814863
1.851696
1.624001
1.724455
1.828257
1.637395
1.540290
1.634047
1.861742
1.814863
1.905272
1.841651
1.834954
1.717758
1.945453
1.962195
1.781379
1.781379
1.697667
1.583820
1.711061
1.962195
1.861742
1.480018
1.865090
1.781379
1.687622
1.637395
1.667531
1.855045
1.908620
1.891878
1.496760
1.844999
1.727803
1.674228
1.794772
1.788076
1.932059
1.791424
1.724455
1.630698
1.962195
1.942104
1.704364
1.660834
1.791424
1.855045
1.677577
1.821560
1.687622
1.858393
1.727803
1.490063
1.861742
1.838302
1.764636
1.881832
1.915317
1.844999
1.791424
2.035861
1.711061
1.664183
1.711061
1.674228
1.858393
1.590517
1.838302
1.824908
1.918665
1.865090
1.771333
1.647440
1.704364
1.697667
1.801469
1.942104
1.714409
1.774682
1.888529
1.865090
1.560381
1.868438
1.834954
1.834954
1.600562
1.838302
1.811515
1.567077
1.901923
1.858393
1.778030
1.814863
1.798121
1.824908
1.818212
1.761288
1.674228
1.834954
1.841651
1.660834
1.724455
1.624001
1.744546
1.771333
1.573774
1.667531
1.704364
1.563729
1.814863
1.968892
1.627350
1.851696
1.747894
1.781379
1.875135
1.784727
1.908620
1.788076
1.670880
1.918665
1.657486
1.915317
1.855045
1.771333
1.801469
1.925362
1.627350
1.757939
1.858393
1.757940
1.751243
1.965544
1.932059
1.841651
1.767985
1.824908
1.774682
1.865090
1.674228
1.721106
1.680925
1.684273
1.761288
1.721106
1.644092
1.861742
1.851696
1.958847
1.617304
1.741197
1.697667
1.694319
2.049255
1.794772
1.891878
1.888529
1.804818
1.741197
1.868438
1.834954
1.724455
2.029164
1.841651
1.972241
1.831605
1.694319
1.697667
1.798121
1.734500
1.895226
1.915317
1.891878
1.650789
1.794772
1.533593
1.794772
1.694319
1.761288
1.841651
1.861742
1.654137
1.731152
1.590517
1.858393
1.911968
1.958847
1.955498
1.680925
1.707713
1.844999
1.707713
1.717758
1.734500
1.761288
1.831606
1.657486
1.677577
1.925362
1.831605
1.767985
1.922014
1.754591
1.908620
1.861742
1.878484
1.878484
1.888529
1.731152
1.540290
1.838302
1.831606
1.764636
2.002377
1.868438
1.834954
1.968892
1.955498
1.818212
1.774682
1.711061
1.962195
1.781379
1.851696
1.834954
1.711061
1.737849
1.905272
1.761288
2.005725
1.543638
1.945453
1.757940
1.717758
1.781379
1.928711
1.855045
1.818211
1.928711
1.985634
1.804818
1.881832
1.841651
1.818212
1.630698
1.744545
1.694319
1.731152
1.721106
1.731152
1.878484
2.012422
1.918665
2.002377
1.865090
1.992331
1.784727
1.778030
1.747894
1.952150
1.831605
1.798121
1.955498
1.550335
1.932059
1.922014
1.804818
1.540290
1.972241
1.757940
1.891878
1.774682
1.945453
1.932059
1.848348
1.908620
1.761288
1.774682
1.791424
1.844999
1.747894
1.804818
1.965544
1.834954
1.694319
1.751243
1.764636
1.948802
1.667531
1.878484
1.637395
1.935408
1.747894
2.082740
1.861742
1.818212
1.731152
1.868438
1.781379
1.694319
1.982286
1.811515
1.875135
1.804818
1.848348
1.778030
1.704364
1.724455
1.637395
1.741197
1.975589
1.955498
1.717758
1.855045
1.701016
1.727803
1.828257
1.637395
1.868438
1.875135
1.861742
1.731152
1.945453
1.721106
1.868438
1.704364
1.674228
1.781379
1.851696
1.701016
1.757940
2.025816
1.891878
1.898575
1.821560
1.727803
1.878484
1.788076
1.697667
1.798121
1.844999
1.754591
1.938756
1.778030
1.878484
1.838302
1.928711
1.878484
1.747894
1.821560
1.727803
1.935408
1.731152
1.895226
1.814863
1.714409
1.791424
1.627350
1.754591
1.767985
1.781379
1.818212
1.704364
1.694319
1.757940
1.848348
1.922014
1.670880
1.925362
1.714409
1.647440
1.724455
1.791424
2.025816
1.644092
1.778030
1.734500
1.741197
1.617304
1.821560
2.089437
1.711061
1.844999
2.049255
1.848348
1.697667
1.811515
1.757939
1.707713
1.637395
1.580471
1.955498
1.757939
1.667531
1.958847
1.992331
1.757939
1.948802
1.965544
1.848348
1.667531
1.744545
1.570426
1.972241
1.885181
1.905272
1.855045
1.734500
1.855045
1.764636
1.764636
1.667531
1.922014
1.865090
1.838302
1.684273
1.704364
1.935408
1.784727
1.821560
1.898575
1.734500
1.674228
1.841651
1.838302
1.784727
1.774682
1.801469
1.654137
1.878484
1.764636
1.901923
1.794772
1.761288
1.865090
1.704364
1.630698
1.838302
1.757939
1.824908
1.677577
1.844999
1.911968
1.778030
1.898575
1.734500
1.885181
1.911968
1.784727
1.781379
2.119573
1.905272
1.895226
1.834954
1.875135
1.985634
1.955498
1.751243
1.918665
1.828257
1.764636
2.082740
1.858393
1.697667
1.751243
1.834954
1.858393
1.778030
1.630698
1.932059
1.741197
1.875135
1.834954
1.640743
1.667531
1.774682
1.804818
1.821560
1.865090
1.804818
1.818212
1.834954
1.878484
1.657486
1.814863
1.781379
1.630698
1.711061
1.771333
1.814863
1.788076
1.747894
1.664183
1.704364
1.798121
1.992331
1.727803
1.798121
1.778030
1.952150
1.737849
1.888529
1.878484
1.962195
1.848348
1.918665
1.978937
1.513502
1.834954
1.788076
1.734500
1.694319
1.798121
1.784727
1.895226
1.928711
1.818212
1.744545
1.932059
1.781379
1.664183
1.680925
1.801469
1.938756
1.674228
1.747894
1.754591
1.801469
1.848348
1.690970
1.801469
1.868438
1.821560
1.818212
1.918665
1.824908
1.848348
1.610608
1.767985
1.734500
1.774682
1.697667
1.888529
1.895226
1.851696
1.804818
1.754591
1.747894
1.875135
1.791424
1.811515
1.781379
1.737849
1.737849
1.677577
1.647440
1.526896
2.012422
1.888529
1.684273
1.694319
1.804818
1.818211
1.694319
1.741197
1.563729
1.878484
1.737849
1.871787
1.798121
1.808166
1.908620
1.908620
1.741197
1.838302
2.022468
1.744546
1.895226
1.798121
1.697667
1.781379
1.731152
1.680925
1.972241
1.771333
1.764636
1.737849
1.694319
2.062649
1.704364
1.737849
1.727803
1.834954
1.781379
1.744546
1.747894
1.992331
1.801469
1.637395
1.717758
1.868438
1.774682
1.771333
2.022468
1.717758
1.724455
1.848348
1.831606
1.774682
1.824908
1.690970
1.744545
1.915317
1.838302
1.767985
1.824908
1.972241
1.640743
1.727803
1.818212
1.935408
1.747894
1.774682
1.908620
1.888529
1.855045
1.784727
1.707713
1.791424
1.607259
1.834954
1.536941
1.888529
1.851696
1.922014
1.764636
1.707713
1.935408
1.918665
1.821560
1.881832
1.895226
1.677577
1.908620
1.855045
1.861742
1.741197
2.002377
1.851696
1.905272
2.049255
1.915317
1.841651
1.701016
1.885181
1.778030
1.915317
1.500108
1.734500
1.811515
1.841651
1.781379
1.767985
1.784727
1.741197
1.570426
1.871787
1.858393
1.858393
1.737849
1.734500
1.704364
1.848348
1.855045
1.868438
1.724455
1.607259
1.761288
1.577123
1.838302
1.794772
1.881832
1.858393
1.737849
1.744546
1.634047
1.861742
1.660834
1.995680
1.701016
1.771333
1.724455
1.818212
1.761288
1.831606
1.781379
1.664183
1.801469
2.039210
1.767985
1.918665
1.841651
1.945453
2.002377
1.690970
1.861742
1.707713
1.955498
1.560381
1.711061
1.754591
2.079391
1.610607
1.624001
1.714409
1.878484
1.778030
1.911968
1.731152
1.865090
1.506805
1.948802
1.767985
1.680925
1.928711
1.667531
1.650789
1.841651
1.885181
1.888529
1.791424
1.848348
1.911968
1.798121
1.717758
1.824908
1.841651
1.690970
1.744545
1.721106
1.781379
1.701016
1.781379
1.687622
1.834954
1.754591
1.878484
1.811515
1.814863
1.818211
1.791424
1.804818
1.767985
1.764636
1.801469
1.711061
1.557032
1.754591
1.821560
1.687622
1.734500
1.707713
1.714409
1.778030
1.831606
1.674228
1.667531
1.828257
1.778030
1.714409
1.858393
1.624001
1.834954
1.938756
1.654137
1.878484
1.704364
1.871787
1.915317
1.774682
1.747894
1.818212
1.865090
1.761288
1.731152
1.717758
1.761288
1.834954
1.741197
1.684273
1.804818
1.771333
1.744546
1.908620
1.841651
1.610607
1.778030
1.818212
1.831605
1.637395
1.727803
1.811515
1.875135
1.798121
1.714409
1.824908
1.774682
1.650789
1.821560
1.865090
1.871787
1.808166
1.794772
1.711061
1.734500
1.774682
1.660834
1.901923
1.818212
1.988983
1.778030
1.727803
1.905271
1.707713
1.791424
1.868438
1.654137
1.855045
1.731152
1.781379
1.855045
1.751243
1.821560
1.905271
1.818211
1.811515
1.674228
1.948802
1.888529
1.861742
1.908620
1.744545
1.911968
1.838302
1.898575
1.664183
1.778030
1.667531
1.814863
1.774682
1.747894
1.905271
1.697667
1.834954
1.734500
1.687622
1.737849
1.764636
1.741197
1.654137
1.536941
1.469972
1.647440
1.443184
1.617304
1.637395
1.848348
1.694319
2.226723
1.597214
1.523547
1.560381
1.644092
1.721106
1.891878
1.898575
1.844999
1.737849
1.871787
1.844999
1.965544
2.025816
1.945453
1.794772
1.838302
1.818211
1.764636
1.865090
1.935408
1.918665
1.744545
1.788076
1.858393
1.751243
1.701016
1.865090
1.757939
1.764636
2.072694
1.674228
1.831606
1.774682
1.878484
1.834954
1.841651
1.885181
2.029164
2.009074
1.918665
2.082740
1.821560
1.841651
1.818212
1.754591
1.911968
1.818211
1.754591
2.002377
1.851696
1.908620
1.911968
2.035861
1.818212
1.861742
1.855045
1.801469
1.855045
1.704364
1.774682
1.824908
1.804818
1.891878
1.811515
1.791424
1.975589
1.680925
1.844999
1.694319
1.727803
1.908620
1.741197
1.955498
1.861742
1.841651
1.680925
1.714409
1.788076
1.821560
1.828257
1.791424
1.838302
1.911968
1.834954
1.824908
1.794772
1.831606
1.868438
1.751243
1.751243
1.848348
1.831606
1.767985
1.808166
1.624001
1.697667
1.721106
1.881832
1.908620
1.905272
1.908620
1.831605
1.540290
1.831605
1.881832
1.731152
1.814863
1.824908
1.911968
1.724455
1.975589
1.831606
1.922014
1.757940
1.717758
1.757940
1.781379
1.804818
1.724455
1.828257
1.767985
1.751243
1.851696
1.620653
1.778030
2.005725
1.851696
1.824908
1.664183
1.684273
1.861742
1.801469
1.891878
1.928711
1.824908
1.798121
1.613956
1.757940
1.905272
1.801469
1.737849
1.811515
1.654137
1.731152
1.808166
1.871787
1.767985
1.905272
1.687622
1.851696
1.727803
1.804818
1.654137
1.788076
1.844999
1.704364
1.694319
1.600562
1.704364
1.731152
1.918665
1.757939
1.637395
1.764636
1.781379
1.881832
1.875135
1.774682
1.841651
1.778030
1.737849
1.721106
1.932059
1.905272
1.784727
1.844999
1.838302
1.704364
1.804818
1.701016
1.928711
1.764636
2.069346
1.801469
1.690970
1.831606
1.764636
1.905271
1.851696
1.791424
1.844999
1.701016
1.764636
1.838302
1.704364
1.831606
1.808166
1.888529
1.754591
1.828257
1.891878
1.711061
1.834954
1.834954
1.861742
1.798121
1.778030
1.788076
2.029164
1.751243
1.791424
1.788076
1.834954
1.804818
1.570426
1.734500
1.711061
1.824908
1.878484
1.918665
1.798121
1.788076
1.955498
1.660834
1.801469
1.804818
1.814863
1.788076
1.942104
1.697667
1.761288
1.754591
1.727803
2.076043
1.727803
1.737849
1.727803
1.711061
1.771333
1.918665
1.751243
1.891878
1.875135
1.694319
1.985634
1.868438
1.824908
1.871787
1.831606
1.901923
1.717758
1.972241
1.744546
1.677577
1.855045
1.734500
1.865090
1.818212
1.764636
1.771333
1.684273
1.834954
1.788076
1.808166
1.764636
1.834954
1.834954
1.908620
1.798121
1.911968
1.778030
1.761288
1.821560
1.814863
1.834954
1.724455
1.865090
1.778030
1.734500
1.911968
1.855045
1.774682
1.848348
1.818212
1.801469
1.828257
1.801469
1.834954
1.808166
1.794772
1.570426
1.844999
1.824908
1.724455
1.751243
1.761288
1.811515
1.757939
1.794772
1.747894
1.811515
1.680925
1.727803
1.918665
1.778030
1.657486
1.804818
1.784727
1.654137
1.851696
1.734500
1.781379
1.774682
1.781379
1.838302
1.771333
1.861742
1.851696
1.731152
1.875135
1.788076
1.701016
1.771333
1.724455
1.711061
1.888529
2.096133
1.788076
1.801469
1.821560
1.684273
2.015770
2.032513
1.965544
1.808166
1.885181
1.848348
1.587168
1.858393
1.922014
1.828257
1.978938
1.871787
1.901923
1.784727
1.841651
1.861742
1.801469
1.751243
1.831606
1.727803
1.757939
1.670880
1.704364
1.761288
1.737849
1.811515
1.674228
1.690970
1.781379
1.905272
1.915317
1.814863
1.764636
1.774682
1.744546
1.955498
1.978938
1.834954
1.891878
1.844999
1.831605
1.975589
1.761288
1.818211
1.828257
1.804818
1.791424
1.794772
1.627350
1.838302
1.788076
1.875135
1.814863
1.901923
1.838302
1.603910
1.811515
1.801469
1.677577
1.670880
1.714409
1.704364
1.737849
1.610607
1.707713
1.808166
1.724455
1.687622
1.714409
1.922014
1.553684
1.747894
1.624001
1.784727
1.717758
1.901923
1.828257
1.965544
1.811515
1.875135
1.851696
1.838302
1.784727
1.751243
1.881832
1.925362
1.694319
1.778030
1.727803
1.774682
1.771333
1.406351
2.300389
1.791424
2.096133
1.362822
1.754591
1.801469
1.667531
1.711061
1.814863
1.908620
1.895226
1.821560
1.881832
1.968892
2.076043
1.744545
1.895226
1.948802
1.798121
1.811515
2.149709
2.002377
1.834954
1.841651
1.972241
1.844999
1.848348
1.895226
1.972241
1.911968
1.918665
1.687622
1.861742
1.891878
1.684273
1.858393
1.928711
1.804818
1.838302
1.707713
1.751243
1.747894
1.744545
1.731152
1.881832
1.841651
1.814863
1.751243
1.731152
1.717758
1.855045
1.761288
1.881832
1.942104
1.875135
1.701016
1.935408
1.774682
1.905272
1.744545
1.848348
1.741197
1.881832
1.707713
1.737849
1.922014
1.567077
1.744546
1.724455
1.761288
1.999028
1.794772
1.801469
1.841651
1.871787
1.831606
1.814863
1.811515
1.855045
1.928711
1.828257
1.844999
1.794772
1.911968
1.784727
1.717758
1.761288
1.744545
1.824908
1.717758
1.771333
1.948802
1.851696
1.721106
1.885181
1.868438
1.814863
1.724455
1.801469
1.784727
1.731152
1.834954
1.808166
1.858393
1.771333
1.727803
1.798121
1.781379
1.757940
1.660834
1.781379
1.677577
1.778030
1.875135
1.744546
1.925362
1.824908
1.757939
1.828257
1.774682
1.861742
1.734500
1.764636
1.794772
1.764636
1.711061
1.788076
1.701016
1.731152
1.704364
1.690970
1.727803
1.657486
2.216678
0.482178
0.927522
1.543638
1.660834
1.734500
2.079391
1.583820
1.536941
2.146360
1.684273
1.744545
1.915317
1.798121
2.099482
1.784727
1.848348
1.707713
2.025816
1.690970
2.076043
1.721106
1.627350
1.336034
1.855045
1.942104
1.279110
1.982286
1.382912
2.076043
1.516851
1.834954
1.895226
1.798121
1.727803
2.263556
1.814863
2.055952
1.811515
1.922014
1.737849
1.794772
1.794773
1.744546
1.788076
1.747894
1.664183
1.791424
1.848348
2.394146
1.490063
1.972241
1.587168
1.771333
1.670880
2.065997
1.557032
1.714409
2.092785
1.982286
1.811515
1.891878
1.731152
1.985634
1.858393
1.818212
1.878484
1.741197
1.764636
1.878484
1.851696
1.811515
1.613956
2.122921
1.647440
1.865090
1.831606
1.911968
2.012422
1.911968
2.136315
1.838302
2.169800
1.821560
1.841651
1.945453
1.771333
1.881832
1.982286
1.925362
1.861742
1.925362
1.942104
1.935408
1.895226
1.851696
1.898575
1.905271
1.928711
1.935408
1.841651
2.019119
1.828257
1.999028
1.918665
1.844999
1.905272
1.895226
1.821560
1.851696
1.848348
1.734500
1.898575
1.885181
1.861742
1.828257
1.834954
2.049255
1.935408
1.878484
1.898575
2.002377
2.005725
1.741197
1.905271
1.888529
1.811515
1.928711
1.684273
1.808166
1.727803
1.690970
1.781379
2.059300
1.972241
1.754591
1.506805
1.871787
1.811515
1.714409
1.851696
1.757939
1.868438
2.052604
1.788076
1.791424
1.855045
1.798121
1.868438
1.741197
1.690970
1.657486
1.731152
1.918665
1.868438
1.624001
1.707713
1.868438
1.737849
1.767985
1.634047
1.761288
1.952150
1.985634
2.002377
1.968892
1.603910
1.818212
1.968892
1.744546
1.824908
1.714409
1.942104
1.788076
1.717758
1.868438
1.734500
1.634047
1.717758
1.888529
1.660834
1.888529
1.935408
1.714409
1.938756
1.922014
1.791424
1.788076
1.875135
1.781379
1.841651
1.958847
1.801469
1.841651
1.841651
1.824908
1.938756
1.838302
1.804818
1.905272
1.734500
1.888529
1.754591
1.754591
1.848348
1.704364
1.999028
1.734500
1.741197
1.704364
1.570426
1.784727
2.022468
1.794772
1.734500
1.788076
1.650789
1.771333
1.898575
1.801469
1.640743
2.009073
1.757939
1.737849
1.861742
1.657486
1.814863
1.731152
1.744545
1.834954
1.570426
1.674228
1.754591
1.821560
2.112876
1.838302
1.634047
1.844999
1.814863
1.778030
1.764636
1.707713
1.684273
1.717758
1.834954
1.707713
1.774682
1.714409
1.885181
1.794772
1.613956
1.881832
1.794772
1.774682
1.838302
1.811515
1.727803
1.741197
1.878484
1.744546
1.891878
1.824908
1.781379
1.848348
1.741197
1.948802
1.791424
1.761288
1.767985
1.684273
1.915317
2.015770
1.935408
1.841651
1.848348
1.988983
1.922014
1.841651
1.828257
1.747894
1.855045
1.828257
1.908620
1.640743
1.701016
1.727803
1.808166
1.727803
1.764636
1.644092
1.714409
1.958847
1.858393
1.858393
1.580471
1.918665
1.851696
1.841651
1.677577
1.915317
1.922014
1.821560
1.784727
1.583820
1.791424
2.019119
1.794772
1.727803
1.751243
1.851696
1.881832
1.811515
1.865090
1.747894
1.821560
2.015770
1.754591
1.704364
1.855045
1.757939
1.905272
1.747894
1.868438
1.855045
1.848348
1.861742
1.744545
1.834954
1.744546
1.757939
1.757939
1.724455
1.717758
1.751243
1.811515
1.687622
1.593865
1.677577
1.697667
1.215490
2.082740
1.607259
1.995680
1.456578
1.918665
1.955498
1.791424
1.761288
1.818211
1.794772
1.858393
1.962195
1.881832
2.015771
1.871787
1.717758
1.901923
1.875135
1.911968
1.747894
1.778030
1.778030
1.865090
1.871787
1.965544
1.828257
1.891878
1.744545
1.724455
1.908620
1.798121
1.824908
1.878484
1.875135
1.848348
1.975589
1.610608
1.761288
1.764636
1.844999
1.999028
1.774682
1.834954
1.791424
1.690970
1.798121
1.717758
1.841651
1.804818
1.958847
1.831606
1.774682
2.035861
1.717758
1.674228
1.701016
1.724455
1.875135
1.690970
1.721106
1.603910
1.624001
1.714409
1.603910
1.724455
1.620653
1.744546
1.647440
1.674228
1.771333
1.788076
1.861742
1.918665
1.774682
1.908620
1.644092
2.129618
2.015770
1.855045
1.694319
2.005725
1.771333
1.838302
1.905272
1.831606
1.841651
1.875135
1.878484
1.915317
2.032513
1.844999
1.888529
1.855045
1.694319
1.808166
1.901923
1.761288
1.905271
1.978938
2.045907
1.848348
1.858393
2.012422
1.824908
1.821560
1.844999
1.781379
1.885181
1.707713
1.684273
1.828257
1.932059
1.861742
1.794772
1.841651
1.831605
1.791424
1.741197
1.774682
1.798121
1.731152
1.754591
1.670880
1.744546
1.737849
1.794772
1.684273
1.818212
1.667531
0.679737
1.868438
1.473321
1.754591
1.640743
1.694319
1.654137
1.784727
1.808166
1.848348
1.958847
1.821560
1.918665
1.895226
1.895226
1.982286
1.928711
1.841651
1.771333
1.928711
1.922014
1.881832
1.965544
1.831605
1.814863
1.811515
1.824908
1.992331
1.838302
1.647440
1.784727
1.868438
1.968892
1.888529
1.999028
1.915317
1.714409
1.747894
1.948802
1.754591
1.828257
1.868438
1.707713
1.798121
1.985634
1.791424
1.818212
1.821560
1.808166
1.828257
1.754591
1.774682
1.704364
1.694319
1.687622
1.851696
1.811515
1.647440
1.674228
1.620653
1.798121
1.607259
1.657486
1.811515
1.694319
1.664183
1.808166
1.701016
1.577123
1.824908
1.911968
1.881832
1.861742
1.844999
1.838302
1.811515
1.737849
1.958847
1.724455
1.784727
1.814863
1.851696
1.878484
1.774682
1.978937
1.804818
1.955498
1.915317
1.824908
1.701016
1.778030
1.794772
1.868438
1.962195
1.767985
1.895226
1.811515
1.868438
1.811515
1.885181
1.801469
1.781379
1.767985
1.757939
1.798121
1.885181
1.848348
1.767985
1.858393
1.885181
1.764636
1.791424
1.778030
1.727803
1.841651
1.821560
1.721106
1.674228
1.831605
1.680925
1.707713
1.634047
1.684273
1.664183
1.731152
1.667531
1.781379
1.841651
1.660834
2.005725
1.546987
1.674228
1.717758
1.701016
1.774682
1.804818
1.784727
1.844999
1.741197
1.687622
1.891878
1.891878
1.955498
1.824908
1.932059
1.965544
1.821560
1.885181
1.808166
1.841651
1.798121
2.072694
2.002377
1.828257
1.657486
1.794772
1.734500
1.821560
1.650789
1.881832
1.878484
1.818212
1.690970
1.627350
2.045907
1.747894
1.764636
1.791424
1.804818
1.871787
1.865090
1.891878
1.624001
1.838302
1.841651
1.858393
1.774682
1.915317
1.831606
1.834954
1.734500
1.714409
1.694319
1.650789
1.767985
1.764636
1.808166
1.918665
1.570426
1.968892
1.737849
1.346079
2.189890
1.299201
1.644092
1.610607
1.834954
1.560381
1.788076
1.664183
1.952150
1.744545
1.824908
2.072694
1.901923
1.640743
1.630698
1.918665
1.831605
1.942104
1.808166
1.831606
1.938756
1.901923
1.875135
1.905271
1.761288
1.808166
1.972241
1.948802
1.972241
1.754591
1.801469
1.908620
1.851696
1.761288
1.764636
1.781379
1.865090
1.851696
1.811515
1.948802
1.798121
1.844999
1.935408
1.751243
1.814863
1.875135
1.834954
1.811515
1.901923
1.784727
1.865090
1.734500
1.865090
1.767985
1.965544
2.039210
1.992331
1.674228
1.757940
1.620653
1.654137
1.607259
1.660834
1.583820
1.741197
1.791424
1.764636
2.035861
1.657486
1.684273
1.647440
1.784727
1.824908
1.814863
1.788076
1.908620
1.918665
1.895226
1.891878
1.851696
1.774682
1.932059
1.798121
1.697667
1.982286
1.774682
1.788076
1.757940
1.908620
1.901923
1.801469
1.925362
1.818211
1.978938
1.767985
2.045907
1.757939
1.824908
1.838302
1.684273
1.911968
1.831605
1.851696
1.801469
1.988983
1.821560
1.667531
1.774682
1.945453
1.804818
1.844999
1.982286
1.737849
1.841651
1.821560
1.824908
1.731152
1.834954
1.761288
1.878484
1.724455
1.620653
1.680925
1.721107
1.714409
1.667531
1.657486
1.680925
1.650789
1.731152
1.958847
1.657486
2.025816
1.644092
1.600562
1.667531
1.741197
1.731152
1.942104
1.714409
1.704364
1.895226
1.908620
1.707713
1.731152
1.834954
1.721106
1.905271
1.778030
1.962195
1.895226
1.690970
1.811515
1.875135
1.811515
1.814863
1.858393
1.811515
1.972241
1.804818
1.811515
1.808166
1.851696
1.674228
1.878484
1.952150
1.868438
1.741197
1.861742
1.731152
1.804818
1.841651
1.503457
1.828257
1.908620
1.774682
1.908620
1.801469
1.731152
1.771333
1.814863
1.778030
1.784727
1.794772
1.808166
1.680925
1.871787
1.771333
1.751243
1.818211
1.667531
1.821560
1.747894
1.697667
1.821560
1.684273
1.885181
1.687622
1.885181
1.855045
1.801469
1.808166
1.784727
1.774682
1.781379
1.761288
1.948802
1.804818
1.935408
1.784727
1.831606
1.680925
1.704364
1.717758
1.908620
1.858393
1.818211
1.687622
1.717758
1.767985
1.757939
1.922014
1.694319
1.546987
1.935408
1.988983
1.861742
1.774682
1.895226
1.848348
1.737849
1.808166
1.724455
1.711061
1.855045
1.751243
1.848348
1.952150
1.711061
1.791424
1.761288
1.878484
1.868438
1.660834
1.804818
1.848348
1.771333
1.727803
1.784727
1.901923
1.747894
1.697667
1.751243
1.684273
1.794772
1.814863
1.747894
1.965544
1.861742
1.844999
1.932059
1.704364
1.794772
1.808166
1.764636
1.767985
1.844999
1.727803
1.838302
1.761288
1.784727
1.992331
1.858393
1.771333
1.851696
1.911968
1.791424
1.851696
1.895226
1.848348
1.771333
1.868438
1.811515
1.878484
1.908620
1.677577
1.751243
1.583820
1.587168
1.704364
1.824908
1.881832
1.888529
1.687622
1.680925
1.915317
1.747894
1.871787
1.761288
1.684273
2.009073
1.620653
1.794772
1.915317
1.734500
1.754591
1.848348
1.640743
1.757940
1.781379
1.885181
1.948802
1.751243
1.834954
1.580471
1.627350
2.012422
1.811515
1.714409
1.861742
1.634047
1.851696
1.711061
1.714409
1.714409
1.701016
1.821560
1.701016
1.567077
1.754591
1.707713
1.804818
1.895226
1.821560
1.697667
1.801469
1.868438
1.727803
1.721106
1.871787
1.724455
1.918665
1.798121
1.938756
1.865090
1.724455
1.620653
1.788076
1.868438
1.711061
1.690970
1.794772
1.881832
1.747894
1.791424
1.774682
1.925362
1.824908
1.791424
1.848348
1.778030
1.895226
1.767985
1.764636
1.865090
1.734500
1.891878
1.764636
1.754591
1.751243
1.905272
2.019119
1.741197
1.865090
1.915317
1.844999
1.841651
1.908620
1.858393
1.694319
1.694319
1.844999
1.717758
1.714409
1.597213
1.737849
1.851696
1.523548
1.948802
1.647440
1.778030
1.808166
1.784727
1.834954
1.771333
1.811515
1.871787
1.828257
1.888529
1.898575
2.012422
1.771333
1.968892
1.868438
1.680925
1.871787
1.771333
1.744546
1.731152
1.778030
1.878484
1.881832
1.550335
1.798121
1.778030
1.865090
1.794772
1.915317
1.781379
1.935408
1.754591
1.838302
1.898575
1.808166
1.593865
2.002377
1.885181
1.721106
1.855045
1.778030
1.915317
1.744546
1.875135
1.901923
2.072694
1.824908
1.861742
1.901923
1.737849
1.630698
1.999028
1.814863
1.774682
1.741197
1.667531
1.834954
1.597214
1.724455
1.774682
1.868438
1.935408
1.607259
1.972241
1.677577
1.788076
1.767985
1.737849
1.701016
1.603910
1.701016
1.788076
1.701016
1.885181
1.794772
1.865090
1.761288
1.798121
1.851696
1.811515
1.938756
1.664183
1.687622
1.761288
1.717758
1.761288
1.965544
1.831606
1.587168
1.741197
1.841651
1.801469
1.915317
1.734500
1.868438
1.788076
1.858393
1.905272
1.751243
1.764636
1.814863
1.808166
1.731152
1.704364
1.824908
1.804818
1.714409
1.828257
1.978938
1.754591
1.881832
1.697667
1.767985
1.851696
1.597213
1.942104
1.741197
1.838302
1.942104
1.778030
1.858393
1.871787
1.908620
1.871787
1.520199
1.831605
1.778030
1.935408
1.573774
1.891878
1.751243
1.788076
1.881832
1.861742
1.778030
1.711061
1.844999
1.911968
1.747894
1.744545
1.888529
1.794772
1.861742
1.871787
1.878484
1.891878
1.680925
1.751243
0.000000
0.000000
0.000000
0.000000
0.000000
0.000000
0.000000
0.000000
0.000000
0.000000
0.000000
0.000000
0.000000
0.000000
0.000000
0.000000
0.000000
0.000000
0.000000
0.000000
0.000000
0.000000
0.000000
0.000000
0.000000
0.000000
0.000000
0.000000
0.000000
0.000000
0.000000
0.000000
0.000000
0.000000
0.000000
0.000000
0.000000
0.000000
0.000000
0.000000
0.000000
0.000000
0.000000
0.000000
0.000000
0.000000
0.000000
0.000000
0.000000
0.000000
0.000000
0.000000
0.000000
0.000000
0.000000
0.000000
0.000000
0.000000
0.000000
0.000000
0.000000
0.000000
0.000000
0.000000
0.000000
0.000000
0.000000
0.000000
0.000000
0.000000
0.000000
0.000000
0.000000
0.000000
0.000000
0.000000
0.000000
0.000000
0.000000
0.000000
0.000000
0.000000
0.000000
0.000000
0.000000
0.000000
0.000000
0.000000
0.000000
0.000000
0.000000
0.000000
0.000000
0.000000
0.000000
0.000000
0.000000
0.000000
0.000000
0.000000
0.000000
0.000000
0.000000
0.000000
0.000000
0.000000
0.000000
0.000000
0.000000
0.000000
0.000000
0.000000
0.000000
0.000000
0.000000
0.000000
0.000000
0.000000
0.000000
0.000000
0.000000
0.000000
0.000000
0.000000
0.000000
0.000000
0.000000
0.000000
0.000000
0.000000
0.000000
0.000000
0.000000
0.000000
0.000000
0.000000
0.000000
0.000000
0.000000
0.000000
0.000000
0.000000
0.000000
0.000000
0.000000
0.000000
0.000000
0.000000
0.000000
0.000000
0.000000
0.000000
0.000000
0.000000
0.000000
0.000000
0.000000
0.000000
0.000000
0.000000
0.000000
0.000000
0.000000
0.000000
0.000000
0.000000
0.000000
0.000000
0.000000
0.000000
0.000000
0.000000
0.000000
0.000000
0.000000
0.000000
0.000000
0.000000
0.000000
0.000000
0.000000
0.000000
0.000000
0.000000
0.000000
0.000000
0.000000
