0.267876
0.405163
0.716570
1.309246
1.228883
1.396306
1.486714
2.102830
1.821560
1.935408
1.794772
2.019119
1.875135
1.841651
1.888529
2.039210
2.032513
2.012422
1.871787
1.754591
2.042558
2.086088
1.945453
1.784727
1.821560
1.901923
1.724455
1.942104
1.952150
1.858393
1.925362
1.818212
1.935408
2.307086
1.918665
2.139663
2.554872
2.337222
2.665371
2.605099
3.656514
2.939945
3.415425
4.282675
3.589545
3.944481
3.689999
4.530461
3.971269
4.748110
4.302766
4.493628
4.396523
4.647657
5.039426
4.721323
4.955715
4.985851
5.143229
5.334091
5.180061
5.139880
5.216895
5.344136
5.441241
5.170016
5.283864
5.541695
5.357530
5.196804
5.451286
5.250379
5.340787
5.243682
5.243682
5.216895
5.364227
5.374272
5.595270
5.230289
5.223591
5.193455
5.059517
5.119789
5.183410
5.193455
5.093001
5.149926
5.330742
5.240334
5.136532
5.046123
5.056169
5.193455
5.273818
5.089653
5.049472
4.794989
4.912185
4.644309
4.664399
4.701232
4.624218
4.252539
4.346296
4.048284
4.229100
4.131995
4.105207
4.024844
3.813891
3.807194
3.837331
3.495788
3.559409
3.398683
3.201124
3.264745
3.023656
3.251351
3.037049
3.016959
2.615144
2.816051
2.819400
2.809355
2.665371
2.862930
2.611796
2.568266
2.611796
2.427631
2.514691
2.353965
2.397495
2.300389
2.203284
2.270253
1.992331
2.039210
1.888529
1.995680
2.029164
1.982286
2.106179
2.079391
2.159754
2.086088
2.461115
2.186542
2.662023
1.583820
1.694319
1.577123
2.595053
1.282459
2.531433
1.861742
1.690970
2.688810
2.444373
1.932059
2.327177
1.928711
2.246814
1.510154
2.159754
2.276950
2.122921
2.420934
2.119573
2.216678
2.410888
2.832794
2.973429
2.856233
2.970080
2.963384
3.127458
3.281487
4.182222
3.572803
4.158782
3.743574
4.490280
4.255888
4.118601
4.761505
4.500325
4.637611
4.841867
5.039426
4.493628
5.163319
4.607476
5.069562
5.829662
5.089653
5.508210
5.206849
5.444590
5.263773
5.558437
5.401060
5.699072
5.407757
5.538346
5.447938
5.149925
5.136532
5.387666
5.310651
5.632103
5.354181
5.421150
5.129835
5.220243
5.260424
5.260424
4.945670
5.253727
5.340787
5.421150
5.183410
5.079608
5.347484
5.113092
5.133183
5.233637
4.861959
4.882049
4.855261
4.728020
4.768201
4.490280
4.533809
4.530461
4.168828
4.306115
4.326205
3.931087
3.957875
3.994708
3.803846
3.787104
3.773710
3.562757
3.365198
3.465652
3.227912
3.221215
3.231260
3.264745
3.254699
3.087276
3.016959
2.980126
3.097322
3.355153
3.157594
3.187730
3.308275
3.107367
3.211170
2.889718
3.127458
3.100670
3.278139
2.876324
2.611796
2.913157
2.929899
3.499137
3.435516
3.756968
3.556060
3.669908
3.415425
4.054980
4.530461
4.108556
4.306114
4.078420
4.245842
4.108556
4.275978
4.024844
4.125298
4.071723
4.081768
3.927739
3.890906
3.974617
3.663211
3.592893
3.535970
3.669908
3.435516
3.274790
3.479046
3.221215
3.093973
2.702204
3.194427
2.775870
2.688810
2.658674
2.655326
2.089437
2.206633
3.097322
2.163103
2.230072
2.564917
2.099482
2.049255
2.220026
2.209981
2.136315
2.367358
2.297041
2.266905
2.109527
2.065997
2.236768
2.196587
2.072694
2.076043
1.992331
2.012422
1.978938
1.801469
2.025816
2.139663
2.035861
2.086088
2.055952
2.129618
2.156406
2.059300
2.209981
2.102830
2.246814
2.126270
2.119573
2.280298
2.092785
2.149709
2.337222
2.199936
2.283647
2.357313
2.089437
2.243466
2.196587
2.323828
2.230072
2.203284
2.246814
2.159754
1.982286
2.136315
1.958847
2.082740
2.045907
2.055952
2.062649
2.029164
2.042558
2.132966
1.982286
2.042558
2.065997
1.982286
1.965544
1.982286
1.999028
2.045907
1.999028
1.935408
1.988983
2.049255
2.049255
1.945453
1.999028
2.012422
2.005725
2.042558
2.106179
1.958847
2.176497
2.317132
2.250162
2.337222
2.374055
2.404191
2.785916
2.544827
2.685462
2.832794
2.859581
3.425471
3.023656
3.268093
3.783755
3.278139
4.373084
3.412076
3.753619
3.967921
4.011450
4.101859
4.252539
3.927739
4.754808
4.396523
4.500325
4.587385
4.952366
5.062866
4.905488
5.002594
5.032730
5.303955
4.858610
5.327394
5.314000
5.250379
5.293909
5.163319
5.046123
5.193455
4.805034
4.932276
4.691187
4.637612
4.486931
4.255888
4.302766
4.195616
3.904300
4.085116
3.703393
3.720135
3.475698
3.599590
3.385289
3.435516
3.261396
3.351804
3.144200
3.197776
2.939944
2.893066
2.816052
2.759128
2.665371
2.568266
2.561569
2.658674
2.461115
2.518039
2.337222
2.310435
2.236768
2.260208
2.065997
2.015770
1.972241
2.112876
1.918665
2.012422
1.952150
1.824908
2.055952
2.226723
2.286995
2.518039
2.628538
2.832794
2.866278
2.856233
2.712249
3.050443
2.859581
2.913157
3.097322
2.909808
3.003565
3.144200
3.716786
3.298229
3.988011
3.452258
4.021495
3.840679
4.396523
3.981314
4.493628
4.108556
5.146577
4.352993
4.185570
4.748111
4.707929
4.363038
4.805035
4.848564
4.975805
5.240334
5.628755
5.421150
4.815080
5.384317
5.350832
5.036078
4.788292
5.210197
4.587385
5.216895
5.263773
4.778246
5.066214
4.838519
4.798337
4.553900
4.671096
4.279327
4.068374
4.617521
4.249191
3.874163
3.937784
3.767013
3.944481
3.659863
3.673257
3.700044
3.388638
3.298229
3.241306
3.006914
3.164291
2.919854
2.963384
2.839491
2.688810
2.260208
2.340571
1.918665
2.116224
2.119573
1.637395
2.628538
2.427631
1.751243
0.967704
1.965544
1.034673
1.359473
1.225535
1.680925
1.413049
1.667531
1.898575
1.670879
1.620653
1.546987
1.945453
2.220026
1.945453
2.668720
1.747894
2.548175
1.580471
2.153057
1.945453
2.447721
2.176497
3.174336
2.611796
2.993520
3.201124
3.067186
4.212358
3.375244
3.472349
3.291532
3.864119
3.900951
3.743574
3.870815
3.817240
3.720135
4.091813
3.941133
4.292721
4.671096
4.510371
4.748111
5.176713
4.761505
4.557249
4.460144
5.340787
4.995896
5.136532
4.644309
5.052820
5.324045
6.204689
5.350832
5.290560
5.280515
5.946858
5.310651
6.010478
6.141068
5.277167
5.856450
5.739254
5.287212
5.374272
5.484771
5.451286
5.531650
5.568482
5.444590
5.156622
5.357530
5.096350
5.163319
4.959064
4.805034
4.758156
4.413265
4.265933
4.573991
4.091813
4.172176
4.075071
3.797149
3.840679
3.519227
3.472349
3.492440
3.525924
3.435516
3.258048
3.328366
3.227912
2.933248
2.960035
2.903111
2.839491
2.775870
2.317132
2.862930
1.182005
2.658674
2.099482
2.169800
2.199936
2.072694
2.096133
1.972241
2.451070
2.136315
2.065997
2.290344
2.263556
2.420934
2.166451
2.380752
2.410888
2.317132
1.875135
2.347268
2.313783
2.236769
2.360662
2.417585
2.528084
2.333874
2.333874
2.276950
1.928711
2.280298
2.193239
2.256859
2.243466
2.541478
2.337222
2.390798
2.173148
2.146360
2.297041
2.019119
1.935408
2.404191
2.769173
2.122921
2.203284
2.209981
2.333874
2.169800
2.276950
1.968892
2.350616
2.474509
2.561569
2.340571
2.434328
2.337222
2.297041
2.347268
2.169800
2.420934
2.166451
2.608447
2.357313
2.504645
2.410888
2.313783
2.497948
2.243466
2.116224
2.976778
2.226723
2.303738
2.390798
2.223375
2.286995
2.276950
2.297041
2.327177
2.116224
2.374055
2.377404
2.414237
2.317132
2.390798
2.327177
2.250162
2.199936
2.243466
2.558220
2.481206
2.635235
2.350616
2.353965
2.360662
2.343919
2.434328
2.464464
2.343919
2.397495
2.310435
2.143012
2.149709
2.156406
2.163102
2.019119
1.972241
2.129618
2.072694
2.230072
2.096133
2.196587
2.153057
2.096133
2.086088
2.052604
2.173148
2.072694
2.032513
1.928711
1.982286
2.002377
2.189890
2.072694
2.216678
2.203284
2.447721
1.952150
2.474509
2.029164
2.424282
1.908620
1.664183
1.098294
1.741197
2.511342
1.466624
1.285807
1.389609
2.086088
1.754591
1.844999
2.243466
2.166451
2.163102
2.129618
2.310435
2.236768
2.353965
2.256859
2.303738
2.454418
2.454418
2.538130
2.273602
2.374055
2.317132
2.471161
1.945453
1.439836
1.423094
0.646252
2.544827
2.511342
2.668720
1.784727
2.116224
1.747894
2.370707
2.390798
1.694319
2.276950
1.901923
2.009073
2.079391
2.223375
2.045907
2.186542
2.417585
2.364010
2.310435
2.608447
2.337222
2.862930
2.364010
2.005725
2.206633
1.647440
1.091597
2.407540
2.554872
1.908620
2.454418
1.526896
2.360662
1.473321
1.794772
1.667531
2.059300
2.156406
2.286995
2.333874
2.551524
3.020307
2.909808
2.802658
3.428819
3.067186
3.415425
4.148737
3.385289
4.744762
3.499137
3.770362
3.435516
3.988011
3.870815
4.044935
4.108555
4.202312
4.068374
4.021495
4.011450
4.044935
3.988011
3.998057
3.910997
3.676605
3.666559
3.502485
3.499137
3.448910
3.633075
3.368547
3.181033
3.077231
3.087276
2.929899
2.913157
2.883021
2.588356
2.668720
2.672068
2.544827
2.427631
2.407540
2.313783
2.206633
2.213329
2.256859
2.126270
2.112876
2.266905
1.975589
2.069346
1.962195
1.972241
2.052604
2.076043
2.076043
2.076043
2.139663
2.196587
2.109527
2.072694
2.035861
2.209981
2.209981
2.136315
2.153057
2.109527
2.119573
2.052604
2.183193
2.384101
2.012422
2.082740
2.076043
1.995680
1.982286
2.297041
1.965544
2.062649
1.988983
1.935408
2.300389
1.885181
1.955498
2.307086
1.423094
2.407540
1.550335
1.346079
1.650789
2.059300
2.668720
1.670880
1.885181
1.272413
1.881832
2.471161
2.102831
1.690970
1.932059
2.109527
2.441025
1.654137
2.491251
1.721106
2.012422
2.082740
1.222186
1.741197
1.021279
2.213329
1.011234
1.928711
1.650789
1.553684
1.670879
2.116224
2.233420
2.039210
2.571614
1.285807
2.896415
1.406351
2.166451
1.325989
1.922014
1.001188
1.516851
1.717758
0.411860
1.171960
1.031325
1.841651
1.232232
1.051415
2.397495
1.459927
1.898575
3.167639
1.985634
2.132966
2.286995
2.009074
2.839491
0.679737
2.889718
1.885181
3.371895
1.613956
1.577123
2.866278
1.965544
2.116224
2.233420
1.583820
2.086088
2.528084
3.140852
2.484555
2.106179
3.027004
1.922014
2.049255
3.191079
2.260208
1.878484
1.617304
2.303738
2.323828
2.538130
2.856233
2.501297
2.497948
2.923202
2.698856
2.980126
2.658674
2.772522
2.119573
2.625189
2.856233
2.943293
3.807194
3.716786
2.953338
2.461115
3.489091
2.869627
3.398683
3.268093
3.730180
3.693347
3.971269
3.921042
3.917694
3.961224
4.118601
4.152085
4.101859
4.101859
4.681141
4.624218
4.523764
5.176713
4.744762
5.079608
4.982503
5.732556
4.882049
5.334091
4.882049
4.925579
4.838519
4.788292
4.463492
4.540506
4.600779
4.269281
4.319509
4.225751
3.823937
4.048284
3.830634
3.820589
3.455607
3.475698
3.261397
3.371895
3.006914
2.896415
3.117413
2.889718
2.809355
2.728992
2.494600
2.497948
2.481206
2.404191
2.310435
2.236768
2.236768
2.126270
2.189890
2.276950
2.357313
2.554872
2.511342
2.578311
2.752431
2.651977
2.675416
2.651977
2.534781
2.404191
2.333874
2.089437
2.270253
2.377404
2.374055
1.516851
1.580471
2.595053
2.310435
1.630698
1.476669
1.734500
2.186542
1.901923
1.908620
2.199936
1.925362
2.173148
2.307086
2.139663
2.183193
2.173148
2.065997
2.601750
1.737849
2.524736
2.551523
1.844999
2.253511
2.380752
2.065997
1.911968
2.387449
2.377404
2.216678
2.307086
2.330525
2.293693
2.665371
1.982286
1.955498
2.196587
2.062649
2.199936
2.009073
2.173148
2.045907
2.561569
1.670879
2.370707
1.690970
2.065997
1.808166
2.414237
2.106179
2.193239
2.896415
2.357313
2.451070
2.645280
2.949990
2.638583
2.889718
2.879672
2.625189
2.732340
2.765825
2.913157
2.722295
2.769173
2.712249
2.648629
2.635235
2.595053
2.380752
2.032513
2.708901
1.992331
2.122921
2.079391
2.009074
2.065997
2.086088
2.146360
2.009073
2.286995
1.814863
2.317132
2.548175
1.962195
2.270253
2.685462
1.490063
2.672068
2.320480
1.707713
1.888529
2.132967
2.092785
2.116224
2.213329
2.286995
2.226723
2.360662
2.414237
2.655326
2.163102
2.159754
2.169800
2.153057
2.333874
2.782567
2.233420
2.541478
2.749082
2.665371
2.792612
2.946641
2.789264
2.735689
2.812703
2.665371
2.789264
2.742385
2.705553
2.548175
2.350616
2.608447
2.487903
2.434328
2.206633
2.193239
2.199935
2.240117
2.136315
2.270253
2.317132
2.015770
1.684273
1.801469
2.009073
2.340571
2.595053
1.557032
1.861742
2.226723
1.774682
2.886369
1.694319
2.879672
1.654137
1.945453
1.922014
2.153057
2.236768
2.173148
2.384101
2.374055
2.310435
2.347268
2.474509
2.430979
2.554872
2.605099
2.749082
2.591705
3.053792
2.856233
2.816051
2.822748
2.846188
3.033701
2.963384
2.876324
2.745734
2.678765
2.759128
2.662023
2.534781
2.521387
2.611796
2.330525
2.410888
2.297041
2.303738
2.062649
2.055952
1.975589
2.009073
2.012422
2.112876
2.119573
1.922014
2.240117
2.236769
2.186542
2.507993
1.871787
2.166451
2.327177
2.266905
1.784727
1.915317
2.246814
2.146360
2.116224
2.179845
2.226723
2.112876
2.166451
2.213329
2.220026
2.096133
2.250162
2.250163
2.286995
2.153057
2.276950
2.283647
2.196587
2.360662
2.518039
2.812703
2.554872
2.765825
2.715598
2.936596
2.692158
2.725643
2.625189
2.621841
2.641932
2.534781
2.672068
2.367358
2.417585
2.300389
2.327177
2.042558
2.062649
1.958847
2.126270
2.086088
2.400843
2.042558
1.968892
2.236768
1.935408
1.560381
2.528084
2.447721
2.059300
2.042558
2.735689
1.503457
2.605099
1.637395
1.737849
1.871787
2.029164
2.102830
2.156406
2.220026
2.253511
2.196587
2.333874
2.437676
2.417585
2.528084
2.404191
2.598402
2.672068
2.799309
2.986823
2.842839
3.037049
2.963384
2.903111
2.996868
2.996868
2.775870
2.682113
2.819400
2.665371
2.641932
2.605099
2.578311
2.407540
2.434328
1.881832
2.333874
2.052604
2.099482
1.975589
2.209981
2.176497
2.451070
2.049255
2.497948
1.878484
2.484555
1.754591
2.209981
2.487903
1.707713
2.015770
2.149709
2.116224
2.009074
2.387449
2.206633
2.176497
2.260208
2.337222
2.407540
2.266905
2.223375
2.310435
2.153057
2.216678
2.286995
2.230072
2.454418
2.347268
2.420934
2.558220
2.561569
2.859581
2.893066
2.692159
2.792612
2.712250
2.816051
2.712250
2.708901
2.665371
2.715598
2.561569
2.514691
2.360662
2.273602
2.333874
1.178656
2.146360
2.089437
1.824908
2.029164
2.203284
1.932059
2.206633
2.062649
2.337222
2.186542
2.035861
2.759128
1.905272
2.672068
2.280298
2.377404
1.841651
1.496760
2.132967
1.992331
1.811515
2.337222
1.707713
2.414237
2.042558
2.079391
2.189890
2.243466
2.323828
2.380752
2.477857
2.501297
2.883021
2.816051
2.735689
2.943293
3.100670
3.060489
2.852885
2.899763
2.836142
2.812703
2.949990
3.033701
2.879672
2.588356
2.601750
2.558220
2.347268
2.615144
2.374055
2.149709
1.627350
2.099482
1.932059
2.005725
2.116224
1.972241
2.112876
1.784727
2.457767
2.407540
1.965544
2.390798
1.767985
2.521387
2.400843
2.183193
2.320480
2.343919
2.447721
2.089437
2.317132
2.186542
2.209981
2.273602
2.327177
2.333874
2.317132
2.273602
2.260208
2.153057
2.189890
2.260208
2.199936
2.350616
2.350616
2.390798
2.417585
2.541478
2.816052
3.040398
2.698855
2.896415
2.893066
2.856233
2.675416
2.742385
2.474509
2.558220
2.353965
2.484555
2.461115
2.507993
2.384101
2.176497
1.948802
2.089437
2.015770
2.032513
2.076043
2.022467
2.156406
1.687622
1.439836
2.009074
2.280298
1.925362
2.568266
1.265716
2.153057
1.737849
1.778030
2.049255
2.045907
2.360662
2.290344
2.424282
2.471161
2.410888
2.484555
2.390798
2.340571
2.427631
2.451070
2.347268
2.451070
2.380752
2.564917
2.685462
2.698855
2.715598
2.879672
2.939944
2.889718
2.832794
2.829445
2.856233
2.859581
2.685462
2.752431
2.728992
2.752431
2.658674
2.390798
2.511342
2.313783
2.739037
2.243466
2.146360
2.122921
1.945453
2.263556
1.988983
2.558220
1.838302
2.380752
1.778030
2.320480
1.848348
2.126270
2.045907
2.136315
2.129618
2.022468
2.159754
2.209981
2.206633
2.163102
2.173148
2.273602
2.236769
2.233420
2.367358
2.615144
2.899763
2.678765
3.033701
3.278139
3.777058
3.140852
3.904300
3.445561
3.546015
3.646468
3.576151
3.609636
3.974617
3.897603
4.644309
4.312811
4.219055
4.255888
4.359690
4.875352
4.701232
4.473537
5.079608
4.657702
4.838519
4.985851
5.019336
5.166668
5.263773
5.026032
5.417802
5.839708
5.484771
5.357529
5.468029
5.859798
5.531650
5.565134
5.648846
5.504862
5.652194
5.387665
5.749299
5.521604
5.518256
5.337439
5.267122
5.106396
5.200152
5.166668
5.082956
4.952366
4.684490
4.724672
4.764853
4.563945
4.453446
4.373084
4.296069
4.309463
3.900951
4.068374
3.783755
3.713438
3.689999
3.689999
3.398683
3.358501
3.254699
3.030353
3.063837
3.060489
2.906460
2.615144
3.157594
2.846188
2.923202
2.866278
3.000216
2.990171
2.913157
2.869627
3.104019
2.903111
3.027004
3.114064
3.016959
3.124110
3.057140
2.916505
2.879672
2.903111
2.963384
3.037049
3.053792
2.919854
3.016959
3.100670
3.110716
3.100670
2.909808
3.000216
2.956687
3.000216
3.027004
2.816051
3.127458
2.933248
2.883021
3.027004
2.966732
2.852885
3.107367
2.886369
3.016959
2.819400
2.879672
2.789264
2.802658
2.605099
2.484555
2.672068
2.514691
2.471160
2.377404
2.307086
2.364010
2.340571
2.394146
2.474509
2.380752
2.430979
2.357313
2.290344
2.303738
2.276950
2.407540
2.283647
2.310435
2.193239
2.183193
2.263556
2.213329
2.045907
2.076043
2.333874
2.263556
2.049255
2.310435
2.283647
2.290344
2.102830
2.183193
2.273602
2.196587
2.136315
2.166451
2.337222
2.337222
2.464464
2.641932
2.618493
3.144200
2.980126
2.946641
3.679953
3.542667
4.014799
3.214518
3.857421
3.432167
0.000000
0.000000
0.000000
0.000000
0.000000
0.000000
0.000000
0.000000
0.000000
0.000000
0.000000
0.000000
0.000000
0.000000
0.000000
0.000000
0.000000
0.000000
0.000000
0.000000
0.000000
0.000000
0.000000
0.000000
0.000000
0.000000
0.000000
0.000000
0.000000
0.000000
0.000000
0.000000
0.000000
0.000000
0.000000
0.000000
0.000000
0.000000
0.000000
0.000000
0.000000
0.000000
0.000000
0.000000
0.000000
0.000000
0.000000
0.000000
0.000000
0.000000
0.000000
0.000000
0.000000
0.000000
0.000000
0.000000
0.000000
0.000000
0.000000
0.000000
0.000000
0.000000
0.000000
0.000000
0.000000
0.000000
0.000000
0.000000
0.000000
0.000000
0.000000
0.000000
0.000000
0.000000
0.000000
0.000000
0.000000
0.000000
0.000000
0.000000
0.000000
0.000000
0.000000
0.000000
0.000000
0.000000
0.000000
0.000000
0.000000
0.000000
0.000000
0.000000
0.000000
0.000000
0.000000
0.000000
0.000000
0.000000
0.000000
0.000000
0.000000
0.000000
0.000000
0.000000
0.000000
0.000000
0.000000
0.000000
0.000000
0.000000
0.000000
0.000000
0.000000
0.000000
0.000000
0.000000
0.000000
0.000000
0.000000
0.000000
0.000000
0.000000
0.000000
0.000000
0.000000
0.000000
0.000000
0.000000
0.000000
0.000000
0.000000
0.000000
0.000000
0.000000
0.000000
0.000000
0.000000
0.000000
0.000000
0.000000
0.000000
0.000000
0.000000
0.000000
0.000000
0.000000
0.000000
0.000000
0.000000
0.000000
0.000000
0.000000
0.000000
0.000000
0.000000
0.000000
0.000000
0.000000
0.000000
0.000000
0.000000
0.000000
0.000000
0.000000
0.000000
0.000000
0.000000
0.000000
0.000000
0.000000
0.000000
0.000000
0.000000
0.000000
0.000000
0.000000
0.000000
0.000000
0.000000
0.000000
0.000000
0.000000
0.000000
0.000000
0.000000
0.000000
0.000000
0.000000
0.000000
0.000000
0.000000
0.000000
0.000000
0.000000
0.000000
0.000000
0.000000
0.000000
0.000000
0.000000
0.000000
0.000000
0.000000
0.000000
0.000000
0.000000
0.000000
0.000000
0.000000
0.000000
0.000000
0.000000
0.000000
0.000000
0.000000
0.000000
0.000000
0.000000
0.000000
0.000000
0.000000
0.000000
0.000000
0.000000
0.000000
0.000000
0.000000
0.000000
0.000000
0.000000
0.000000
0.000000
0.000000
0.000000
0.000000
0.000000
0.000000
0.000000
0.000000
0.000000
0.000000
0.000000
0.000000
0.000000
0.000000
0.000000
0.000000
0.000000
0.000000
0.000000
0.000000
0.000000
0.000000
0.000000
0.000000
0.000000
0.000000
0.000000
0.000000
0.000000
0.000000
0.000000
0.000000
0.000000
0.000000
0.000000
0.000000
0.000000
0.000000
0.000000
0.000000
0.000000
0.000000
0.000000
0.000000
0.000000
0.000000
0.000000
0.000000
0.000000
0.000000
0.000000
0.000000
0.000000
0.000000
0.000000
0.000000
0.000000
0.000000
0.000000
0.000000
0.000000
0.000000
0.000000
0.000000
0.000000
0.000000
0.000000
0.000000
0.000000
0.000000
0.000000
0.000000
0.000000
0.000000
0.000000
0.000000
0.000000
0.000000
0.000000
0.000000
0.000000
0.000000
0.000000
0.000000
0.000000
0.000000
0.000000
0.000000
0.000000
0.000000
0.000000
0.000000
0.000000
0.000000
0.000000
0.000000
0.000000
0.000000
0.000000
0.000000
0.000000
0.000000
0.000000
0.000000
0.000000
0.000000
0.000000
0.000000
0.000000
0.000000
0.000000
0.000000
0.000000
0.000000
0.000000
0.000000
0.000000
0.000000
0.000000
0.000000
0.000000
0.000000
0.000000
0.000000
0.000000
0.000000
0.000000
0.000000
0.000000
0.000000
0.000000
0.000000
0.000000
0.000000
0.000000
0.000000
0.000000
0.000000
0.000000
0.000000
0.000000
0.000000
0.000000
0.000000
0.000000
0.000000
0.000000
0.000000
0.000000
0.000000
0.000000
0.000000
0.000000
0.000000
0.000000
0.000000
0.000000
0.000000
0.000000
0.000000
0.000000
0.000000
0.000000
0.000000
0.000000
0.000000
0.000000
0.000000
0.000000
0.000000
0.000000
0.000000
0.000000
0.000000
0.000000
0.000000
0.000000
0.000000
0.000000
0.000000
0.000000
0.000000
0.000000
0.000000
0.000000
0.000000
0.000000
0.000000
0.000000
0.000000
0.000000
0.000000
0.000000
0.000000
0.000000
0.000000
0.000000
0.000000
0.000000
0.000000
0.000000
0.000000
0.000000
0.000000
0.000000
0.000000
0.000000
0.000000
0.000000
0.000000
0.000000
0.000000
0.000000
0.000000
0.000000
0.000000
0.000000
0.000000
0.000000
0.000000
0.000000
0.000000
0.000000
0.000000
0.000000
0.000000
0.000000
0.000000
0.000000
0.000000
0.000000
0.000000
0.000000
0.000000
0.000000
0.000000
0.000000
0.000000
0.000000
0.000000
0.000000
0.000000
0.000000
0.000000
0.000000
0.000000
0.000000
0.000000
0.000000
0.000000
0.000000
0.000000
0.000000
0.000000
0.000000
0.000000
0.000000
0.000000
0.000000
0.000000
0.000000
0.000000
0.000000
0.000000
0.000000
0.000000
0.000000
0.000000
0.000000
0.000000
0.000000
0.000000
0.000000
0.000000
0.000000
0.000000
0.000000
0.000000
0.000000
0.000000
0.000000
0.000000
0.000000
0.000000
0.000000
0.000000
0.000000
0.000000
0.000000
0.000000
0.000000
0.000000
0.000000
0.000000
0.000000
0.000000
0.000000
0.000000
0.000000
0.000000
0.000000
0.000000
0.000000
0.000000
0.000000
0.000000
0.000000
0.000000
0.000000
0.000000
0.000000
0.000000
0.000000
0.000000
0.000000
0.000000
0.000000
0.000000
0.000000
0.000000
0.000000
0.000000
0.000000
0.000000
0.000000
0.000000
0.000000
0.000000
0.000000
0.000000
0.000000
0.000000
0.000000
0.000000
0.000000
0.000000
0.000000
0.000000
0.000000
0.000000
0.000000
0.000000
0.000000
0.000000
0.000000
0.000000
0.000000
0.000000
0.000000
0.000000
0.000000
0.000000
0.000000
0.000000
0.000000
0.000000
0.000000
0.000000
0.000000
0.000000
0.000000
0.000000
0.000000
0.000000
0.000000
0.000000
0.000000
0.000000
0.000000
0.000000
0.000000
0.000000
0.000000
0.000000
0.000000
0.000000
0.000000
0.000000
0.000000
0.000000
0.000000
0.000000
0.000000
0.000000
0.000000
0.000000
0.000000
0.000000
0.000000
0.000000
0.000000
0.000000
0.000000
0.000000
0.000000
0.000000
0.000000
0.000000
0.000000
0.000000
0.000000
0.000000
0.000000
0.000000
0.000000
0.000000
0.000000
0.000000
0.000000
0.000000
0.000000
0.000000
0.000000
0.000000
0.000000
0.000000
0.000000
0.000000
0.000000
0.000000
0.000000
0.000000
0.000000
0.000000
0.000000
0.000000
0.000000
0.000000
0.000000
0.000000
0.000000
0.000000
0.000000
0.000000
0.000000
0.000000
0.000000
0.000000
0.000000
0.000000
0.000000
0.000000
0.000000
0.000000
0.000000
0.000000
0.000000
0.000000
0.000000
0.000000
0.000000
0.000000
0.000000
0.000000
0.000000
0.000000
0.000000
0.000000
0.000000
0.000000
0.000000
0.000000
0.000000
0.000000
0.000000
0.000000
0.000000
0.000000
0.000000
0.000000
0.000000
0.000000
0.000000
0.000000
0.000000
0.000000
0.000000
0.000000
0.000000
0.000000
0.000000
0.000000
0.000000
0.000000
0.000000
0.000000
0.000000
0.000000
0.000000
0.000000
0.000000
0.000000
0.000000
0.000000
0.000000
0.000000
0.000000
0.000000
0.000000
0.000000
0.000000
0.000000
0.000000
0.000000
0.000000
0.000000
0.000000
0.000000
0.000000
0.000000
0.000000
0.000000
0.000000
0.000000
0.000000
0.000000
0.000000
0.000000
0.000000
0.000000
0.000000
0.000000
0.000000
0.000000
0.000000
0.000000
0.000000
0.000000
0.000000
0.000000
0.000000
0.000000
0.000000
0.000000
0.000000
0.000000
0.000000
0.000000
0.000000
0.000000
0.000000
0.000000
0.000000
0.000000
0.000000
0.000000
0.000000
0.000000
0.000000
0.000000
0.000000
0.000000
0.000000
0.000000
0.000000
0.000000
0.000000
0.000000
0.000000
0.000000
0.000000
0.000000
0.000000
0.000000
0.000000
0.000000
0.000000
0.000000
0.000000
0.000000
0.000000
0.000000
0.000000
0.000000
0.000000
0.000000
0.000000
0.000000
0.000000
0.000000
0.000000
0.000000
0.000000
0.000000
0.000000
0.000000
0.000000
0.000000
0.000000
0.000000
0.000000
0.000000
0.000000
0.000000
0.000000
0.000000
0.000000
0.000000
0.000000
0.000000
0.000000
0.000000
0.000000
0.000000
0.000000
0.000000
0.000000
0.000000
0.000000
0.000000
0.000000
0.000000
0.000000
0.000000
0.000000
0.000000
0.000000
0.000000
0.000000
0.000000
0.000000
0.000000
0.000000
0.000000
0.000000
0.000000
0.000000
0.000000
0.000000
0.000000
0.000000
0.000000
0.000000
0.000000
0.000000
0.000000
0.000000
0.000000
0.000000
0.000000
0.000000
0.000000
0.000000
0.000000
0.000000
0.000000
0.000000
0.000000
0.000000
0.000000
0.000000
0.000000
0.000000
0.000000
0.000000
0.000000
0.000000
0.000000
0.000000
0.000000
0.000000
0.000000
0.000000
0.000000
0.000000
0.000000
0.000000
0.000000
0.000000
0.000000
0.000000
0.000000
0.000000
0.000000
0.000000
0.000000
0.000000
0.000000
0.000000
0.000000
0.000000
0.000000
0.000000
0.000000
0.000000
0.000000
0.000000
0.000000
0.000000
0.000000
0.000000
0.000000
0.000000
0.000000
0.000000
0.000000
0.000000
0.000000
0.000000
0.000000
0.000000
0.000000
0.000000
0.000000
0.000000
0.000000
0.000000
0.000000
0.000000
0.000000
0.000000
0.000000
0.000000
0.000000
0.000000
0.000000
0.000000
0.000000
0.000000
0.000000
0.000000
0.000000
0.000000
0.000000
0.000000
0.000000
0.000000
0.000000
0.000000
0.000000
0.000000
0.000000
0.000000
0.000000
0.000000
0.000000
0.000000
0.000000
0.000000
0.000000
0.000000
0.000000
0.000000
0.000000
0.000000
0.000000
0.000000
0.000000
0.000000
0.000000
0.000000
0.000000
0.000000
0.000000
0.000000
0.000000
0.000000
0.000000
0.000000
0.000000
0.000000
0.000000
0.000000
0.000000
0.000000
0.000000
0.000000
0.000000
0.000000
0.000000
0.000000
0.000000
0.000000
0.000000
0.000000
0.000000
0.000000
0.000000
0.000000
0.000000
0.000000
0.000000
0.000000
0.000000
0.000000
0.000000
0.000000
0.000000
0.000000
0.000000
0.000000
0.000000
0.000000
0.000000
0.000000
0.000000
0.000000
0.000000
0.000000
0.000000
0.000000
0.000000
0.000000
0.000000
0.000000
0.000000
0.000000
0.000000
0.000000
0.000000
0.000000
0.000000
0.000000
0.000000
0.000000
0.000000
0.000000
0.000000
0.000000
0.000000
0.000000
0.000000
0.000000
0.000000
0.000000
0.000000
0.000000
0.000000
0.000000
0.000000
0.000000
0.000000
0.000000
0.000000
0.000000
0.000000
0.000000
0.000000
0.000000
0.000000
0.000000
0.000000
0.000000
0.000000
0.000000
0.000000
0.000000
0.000000
0.000000
0.000000
0.000000
0.000000
0.000000
0.000000
0.000000
0.000000
0.000000
0.000000
0.000000
0.000000
0.000000
0.000000
0.000000
0.000000
0.000000
0.000000
0.000000
0.000000
0.000000
0.000000
0.000000
0.000000
0.000000
0.000000
0.000000
0.000000
0.000000
0.000000
0.000000
0.000000
0.000000
0.000000
0.000000
0.000000
0.000000
0.000000
0.000000
0.000000
0.000000
0.000000
0.000000
0.000000
0.000000
0.000000
0.000000
0.000000
0.000000
0.000000
0.000000
0.000000
0.000000
0.000000
0.000000
0.000000
0.000000
0.000000
0.000000
0.000000
0.000000
0.000000
0.000000
0.000000
0.000000
0.000000
0.000000
0.000000
0.000000
0.000000
0.000000
0.000000
0.000000
0.000000
0.000000
0.000000
0.000000
0.000000
0.000000
0.000000
0.000000
0.000000
0.000000
0.000000
0.000000
0.000000
0.000000
0.000000
0.000000
0.000000
0.000000
0.000000
0.000000
0.000000
0.000000
0.000000
0.000000
0.000000
0.000000
0.000000
0.000000
0.000000
0.000000
0.000000
0.000000
0.000000
0.000000
