0.291316
0.639555
1.068158
1.232232
1.449881
1.640743
1.767985
1.697667
2.062649
1.851696
1.992331
1.818212
1.975589
1.915317
2.139663
1.871787
1.731152
1.888529
1.891878
1.865090
1.828257
1.885181
1.855045
1.774682
1.757939
1.932059
1.985634
2.143012
1.731152
1.774682
1.811515
1.855045
1.727803
1.878484
1.711061
1.895226
2.082740
2.166451
2.514691
2.246814
2.829445
2.896415
2.789264
3.381940
2.970080
3.207821
3.177685
3.231260
3.499137
3.147549
3.063838
3.391986
3.097322
3.107367
3.261396
3.348456
3.311623
3.582848
3.448910
2.665371
3.341759
3.509182
3.224563
3.120761
3.093973
3.144200
3.351804
3.458955
3.191078
3.710089
3.489091
4.021495
3.921042
4.734717
4.008102
4.801686
4.282675
4.577340
4.423310
4.168828
4.289372
4.212358
3.880861
4.011450
4.034890
4.185570
3.917694
3.837331
3.813892
3.224563
4.054980
3.335062
3.599590
3.391986
3.114064
3.207821
3.304926
3.676605
3.629726
3.596241
3.442213
3.756968
3.442213
3.472349
3.438864
3.251351
3.418774
3.274790
3.204472
3.234608
3.271441
3.140852
3.445561
3.241305
3.338411
3.408728
3.495788
3.258048
3.177685
3.077231
3.201124
3.261396
3.134155
3.284835
3.261396
3.134155
3.030353
3.258048
2.946641
3.321668
3.120761
3.137503
3.134155
3.184381
3.204472
3.154246
3.455607
3.214518
3.251351
3.248003
3.177685
3.120761
3.244654
3.227912
3.100670
3.425471
3.217866
3.201124
1.690970
3.224563
3.006914
3.187730
2.946641
3.023656
2.960035
2.906460
2.842839
2.668720
2.712250
2.521387
2.534781
2.625190
2.404191
2.353965
2.357313
2.353965
2.256859
2.260208
2.206633
2.216678
2.196587
1.968892
1.811515
1.767985
1.664183
1.553684
1.677577
1.717758
1.694319
1.647440
1.744546
1.339382
1.851696
1.717758
1.597214
1.727803
1.701016
1.801469
1.911968
1.925362
1.888529
1.814863
2.055952
1.911968
1.804818
1.714409
1.942104
1.875135
2.106179
1.861742
1.942104
2.049255
2.166451
2.122921
2.173148
2.216678
2.236768
2.477858
2.648629
2.822748
2.983474
2.893066
3.087276
3.107367
2.809355
2.963384
2.980126
3.013610
3.134155
3.057140
3.087276
3.134155
3.117413
3.207821
3.087276
3.187730
3.134155
3.264745
3.244654
2.732340
4.389826
3.716786
4.476886
3.800498
4.065026
3.656514
3.967921
3.820588
3.847376
3.736877
3.780407
3.830634
3.546015
3.679953
3.572803
3.623030
3.576151
3.485743
3.395334
3.294881
3.304926
3.003565
3.144200
3.325017
3.304926
3.271441
3.234608
3.288184
3.177685
3.160942
3.211170
3.214518
3.311623
3.016959
3.154245
3.181033
3.539318
3.659863
3.780407
4.550552
4.081768
4.393174
3.619681
4.091813
4.158782
4.061677
4.138691
3.931087
4.182222
4.034890
4.014799
3.820588
3.780407
3.679953
3.743574
3.669908
3.612984
3.539318
3.495788
3.365198
3.110716
3.100670
3.117413
3.100670
3.214518
3.304926
3.211169
3.224563
3.499136
3.673256
3.546015
3.515879
3.703393
3.502485
3.224563
3.572803
3.274790
3.298229
3.224563
3.087276
3.244654
3.137503
3.093973
2.990171
2.886369
3.110716
2.963384
2.936596
3.023656
2.963384
3.027004
3.050443
3.177685
2.993520
3.117413
2.946641
3.083928
2.842839
2.926551
2.926551
2.986823
3.087276
3.060489
2.986823
2.956687
2.990171
2.869627
2.949990
3.033701
3.241305
2.933248
3.000216
3.043747
3.127458
3.100670
3.224563
3.050443
3.100670
3.181033
3.117413
3.020307
3.013611
3.023656
3.083928
3.157594
3.254699
3.378592
3.241305
3.398683
3.294881
3.361850
3.291532
3.191079
3.174336
3.278139
2.966732
3.063838
2.826097
2.963384
2.712250
2.708901
2.812703
2.859581
2.581660
2.420934
2.571614
2.280298
2.260208
2.303738
2.203284
2.203284
2.163102
1.865090
2.206633
2.283647
2.253511
2.246814
2.132967
2.230072
2.049255
2.189890
2.209981
2.132967
2.116224
1.972241
1.938756
2.042558
2.099482
2.112876
2.039210
2.045907
2.039210
2.102830
2.233420
2.035861
2.042558
2.149709
2.143012
2.149709
2.106179
2.216678
2.126270
2.122921
2.250162
2.266905
2.076043
2.246814
2.129618
2.163102
2.132967
2.333874
2.179845
2.129618
1.922014
2.106179
2.039210
2.002377
1.968892
1.958847
2.035861
1.885181
2.029165
2.019119
2.069346
2.009073
2.079391
1.995680
2.129618
1.995680
1.995680
2.042558
2.082740
1.848348
2.002377
1.999028
2.042558
2.055952
1.938756
2.076043
2.055952
1.925362
2.176497
2.189890
2.072694
2.323828
2.065997
2.206632
2.297041
2.303738
3.083928
2.531433
2.856233
2.728992
2.829445
2.963384
3.174336
2.859581
3.003565
2.956687
3.037050
3.060489
2.829445
3.184382
3.117413
2.993520
3.117413
2.926551
3.147549
3.093973
3.328366
3.234608
3.475698
3.268093
3.616332
3.606287
3.425471
3.234608
3.301578
3.147549
3.090625
3.164291
3.194427
2.970080
3.127458
3.053792
3.013611
3.023656
3.016959
3.083928
2.913157
3.144200
3.388638
3.465652
3.609636
3.663211
4.396523
3.937784
4.098510
3.924390
3.977966
3.837331
3.877512
3.897603
3.710089
3.730180
3.790452
3.716786
3.656514
3.348456
3.556060
3.268093
3.465652
3.261396
3.234609
3.308275
3.134155
3.147549
2.960035
3.020307
3.040398
3.013611
2.755780
2.799309
2.755780
2.608447
2.404191
2.558220
2.564917
2.481206
2.357313
2.263556
2.276950
2.266905
2.042558
2.086088
2.096133
2.029164
2.173148
2.009073
2.049255
2.015770
1.962195
2.216678
2.330525
2.574963
2.631886
3.127458
2.544827
2.651977
2.862930
2.852885
2.836142
2.852885
2.996868
2.839491
2.742385
3.047095
3.070534
2.889718
2.993520
3.033701
2.966732
2.949990
2.953338
2.976778
3.104019
3.077231
3.060489
3.060489
3.053792
3.097322
3.197776
3.201124
3.465652
3.586196
3.552712
3.502485
3.532621
3.425471
3.378592
3.355153
3.264745
3.314971
3.311623
2.919854
3.402031
3.037050
3.612984
3.311623
4.446750
3.378592
4.259236
4.316160
3.867467
3.760316
3.753619
3.773710
4.118601
4.235797
3.860770
3.904300
3.820589
3.870815
3.880861
3.827285
3.746922
3.679953
3.546015
3.579499
3.157594
3.485743
3.314971
3.204472
3.187730
3.211169
2.966732
2.993520
2.846188
2.742385
2.635235
2.715598
2.651977
2.447721
2.330525
2.300389
2.266905
2.377404
2.236768
2.159754
2.049255
2.153057
1.757939
1.848348
1.771333
1.798121
1.801469
1.620653
1.580471
1.563729
1.667531
1.690970
1.620653
1.342731
1.737849
1.677577
1.680925
1.865090
1.741197
1.875135
1.714409
1.613956
1.617304
1.995680
1.690970
1.734500
1.985634
1.935408
1.922014
2.096133
2.089437
2.233420
2.143012
2.163102
2.253511
2.270253
2.337222
2.929899
2.437676
2.842839
2.728992
2.812703
2.976778
3.204472
2.896415
3.077231
2.983474
3.023656
3.338411
3.422122
3.921042
3.586196
3.777058
3.679953
4.279327
3.793800
4.470189
3.890906
4.158782
4.272630
4.178873
4.282675
4.158782
4.158782
3.951178
3.947830
3.927739
3.813892
3.767013
3.646468
3.643120
3.576151
3.522576
3.552712
3.355153
3.448910
3.358502
3.572803
3.579499
4.034890
4.637612
3.479046
3.582848
4.550551
3.743574
4.513719
4.172176
4.038238
4.292721
4.798337
4.674445
4.714626
4.928927
4.801686
5.009290
4.882049
4.875352
4.754808
4.594082
4.647657
4.500325
4.349645
4.500325
4.373084
4.108556
4.172176
4.021495
3.619681
3.931087
3.656514
3.639772
3.388638
3.492440
3.532621
3.154246
3.284835
3.181033
3.157594
2.862930
2.939945
2.749082
2.809355
2.176497
0.937568
1.798121
1.714409
1.925362
2.069346
2.672068
1.824908
1.948802
1.727803
2.357313
0.746706
2.789264
2.414237
2.253511
2.464464
2.390798
2.390798
2.571614
2.159754
2.330525
2.672068
2.621841
2.591705
2.240117
2.578311
2.387449
2.297041
2.350616
2.712249
2.611796
2.156406
2.076043
2.253511
2.574963
2.260208
2.725643
2.307086
2.397495
2.276950
2.256859
1.935408
2.441025
2.407540
2.310435
2.273602
2.390798
2.702204
2.367358
2.102831
2.159754
2.116224
2.313783
2.504645
2.471160
2.474509
2.467812
2.317132
2.337222
2.297041
1.403003
2.226723
2.420934
2.206633
2.407540
2.457767
2.397495
2.504645
2.203284
2.189890
2.176497
2.256859
2.598402
2.250162
2.364010
2.755780
2.286995
2.367358
2.226723
2.146360
2.045907
2.343919
2.146360
2.370707
2.350616
2.414237
2.568266
2.189890
2.374055
2.270253
2.290344
2.441025
2.417585
2.588356
2.330525
2.451070
2.374055
2.437676
2.414237
2.327177
2.377404
2.394146
2.226723
2.183193
2.153057
2.226723
2.166451
2.042558
2.052604
2.069346
2.290344
2.015770
2.169800
1.985634
2.025816
2.012422
1.988983
2.129618
1.988983
2.002377
2.015770
1.932059
1.871787
1.707713
1.808166
1.865090
1.707713
1.767985
1.694319
1.704364
1.781379
1.647440
1.838302
1.694319
1.915317
1.741197
1.831605
1.747894
1.945453
1.801469
1.855045
1.871787
1.861742
1.905271
1.818212
1.885181
1.978938
2.059300
1.922014
1.888529
1.911968
1.932059
2.283647
2.102830
2.220026
2.206633
2.143012
2.099482
2.065997
1.808166
1.992331
1.885181
1.778030
1.791424
1.751243
1.767985
1.680925
1.423094
1.834954
1.670879
1.483366
1.814863
1.714409
1.868438
1.821560
1.687622
1.831606
1.744546
2.019119
1.798121
1.727803
1.915317
1.935408
2.015770
1.898575
1.925362
1.895226
1.871787
1.855045
1.925362
1.654137
1.630698
1.627350
1.650789
1.386261
0.036833
1.757940
1.630698
1.647440
1.814863
1.834954
1.855045
1.925362
1.831606
1.965544
1.955498
1.965544
2.169800
2.183193
2.143012
2.196587
2.283647
2.179845
2.139663
2.196587
2.337222
2.531433
2.658674
3.037049
2.816051
3.027004
2.936596
3.090625
3.117413
3.120761
3.294881
3.174336
3.090625
3.147549
3.006914
3.248003
3.211169
2.976778
2.993520
3.010262
2.926551
2.970080
2.953338
3.077231
3.150897
2.986823
3.070534
3.016959
3.087276
2.933247
2.956687
3.063838
3.040398
2.949990
3.154246
2.986823
3.000216
3.093973
2.862930
2.836142
2.795961
2.816051
2.678765
2.615144
2.578311
2.474509
2.317132
2.481206
2.491251
2.364010
2.390798
2.065997
2.176497
2.099482
2.116224
1.988983
2.062649
1.958847
2.002377
1.881832
1.875135
1.918665
2.022468
2.049255
1.985634
1.995680
1.871787
1.858393
1.838302
1.814863
1.714409
1.838302
1.624001
1.573774
1.634047
1.613956
1.721106
1.690970
1.456578
1.480018
1.597214
1.711061
2.099482
1.486714
1.721106
1.493411
1.831605
1.798121
1.570426
1.982286
1.804818
2.015770
1.721106
1.727803
1.376215
1.731152
1.861742
1.741197
1.664183
1.463275
1.767985
1.667531
1.536941
1.958847
1.573774
2.049255
1.647440
1.610607
1.932059
1.711061
2.089437
1.988983
2.015771
2.153057
2.069346
1.446533
1.821560
1.975589
2.002377
1.624001
1.814863
1.761288
1.593865
2.029164
1.751243
1.701016
1.744546
1.895226
1.269065
1.764636
1.747894
1.754591
1.881832
1.540290
1.737849
2.106179
1.868438
1.955498
1.456578
1.908620
2.159754
1.841651
1.938756
1.734500
1.774682
1.834954
1.741197
1.650789
1.784727
1.888529
1.630698
1.707713
2.035861
1.968892
2.179845
1.898575
1.972241
2.065997
2.223375
2.069346
2.179845
2.179845
2.263556
2.223375
2.377404
2.266905
2.504645
2.333874
2.243466
2.042558
2.179845
2.203284
2.092785
2.370707
2.122921
1.942104
1.915317
2.146360
1.948802
2.132966
2.079391
2.076043
2.163102
2.226723
2.293693
2.400843
2.461115
2.648629
2.836142
2.866278
3.211170
2.970080
2.913157
3.033701
3.020307
3.207821
3.130806
3.080580
3.037050
3.073883
3.114064
3.030353
3.184381
3.097322
3.157594
3.385289
3.475697
3.231260
3.562757
3.576151
3.512530
4.041586
3.576151
3.837331
3.639772
3.787104
3.686650
3.716786
3.629726
3.629726
3.465652
3.535969
3.432167
3.355153
3.405380
3.167639
3.231260
3.157594
3.408729
3.425471
3.469001
3.458955
3.482394
3.435516
3.241305
3.535969
3.388638
3.274790
3.124110
3.217866
3.027004
2.946641
2.782567
2.762476
2.839491
2.682113
2.651977
2.678765
2.538130
2.481206
2.481206
2.504645
2.283647
2.330525
2.069346
2.169800
2.179845
1.747894
2.129618
2.019119
1.798121
1.613956
1.590517
1.550335
1.721106
1.721106
1.687622
1.640743
1.751243
1.573774
1.741197
1.801469
1.767985
1.757940
1.798121
1.848348
1.664183
1.727803
1.734500
1.898575
1.818212
1.801469
1.821560
1.603910
1.955498
1.804818
1.938756
1.734500
1.848348
1.848348
1.935408
1.982286
2.102831
1.985634
1.988983
1.955498
2.069346
2.139663
2.109527
1.717758
1.955498
1.791424
1.674228
1.878484
2.059300
1.727803
1.788076
1.734500
2.032513
1.915317
2.106179
1.948802
2.029164
1.881832
1.905272
1.988983
2.153057
2.132967
2.032513
2.176497
2.333874
2.538130
2.447721
2.682113
2.514691
2.494600
2.628538
2.551524
2.688810
2.367358
2.394146
2.461115
2.417585
2.230072
2.206633
2.236769
2.156406
2.076043
2.005725
1.928711
1.888529
1.851696
1.808166
1.828257
1.664183
1.603910
1.727803
1.657486
1.754591
1.677577
1.814863
1.640743
2.414237
1.503457
1.999028
1.459927
1.767985
1.744545
1.771333
1.844999
1.848348
1.811515
1.761288
1.841651
1.808166
1.885181
1.774682
1.838302
1.885181
2.065997
2.139663
2.139663
2.166451
2.280298
2.019119
2.400843
2.414237
2.618493
2.759128
2.742385
2.725643
2.598402
2.601750
2.571614
2.591705
2.484555
2.574963
2.353965
2.323829
2.169800
2.427631
2.457767
2.166451
1.781379
2.156406
2.049255
1.881832
1.908620
1.824908
1.901923
1.704364
1.724455
1.520199
1.737849
1.690970
1.701016
1.546987
1.543638
1.694319
1.767985
1.774682
1.610608
1.788076
1.664183
2.076043
1.844999
1.714409
1.878484
1.804818
1.901923
1.995680
1.908620
1.928711
1.871787
1.918665
2.005725
2.022468
2.049255
2.102830
2.169800
2.233420
2.337222
2.467812
2.444373
2.638583
2.933248
2.852885
2.745734
2.795961
2.816051
2.672068
2.574963
2.678765
2.581660
2.400843
2.497948
2.477857
2.384101
2.303738
2.276950
2.022468
2.119573
1.999028
1.838302
1.844999
1.761288
1.707713
1.670880
1.680925
1.610607
1.711061
1.704364
1.610607
1.634047
1.824908
1.794772
1.593865
1.654137
1.724455
1.831605
1.744546
1.834954
1.878484
1.855045
1.895226
1.670879
1.821560
2.216678
1.952150
1.865090
1.928711
2.039210
2.009074
2.223375
2.035861
2.062649
2.106179
2.199936
2.340571
2.427631
2.611796
2.631886
2.507993
2.598402
2.685462
2.588356
2.631886
2.504645
2.518039
2.447721
2.384101
2.320480
2.283647
2.126270
2.112876
2.176497
2.199935
1.811515
1.875135
1.901923
1.660834
1.784727
1.580471
1.717758
1.647440
1.647440
1.761288
1.406352
1.717758
1.667531
2.129618
1.674228
1.764636
1.630698
1.660834
1.677577
1.844999
1.754591
1.871787
1.948802
1.888529
1.878484
1.925362
1.791424
1.901923
1.988983
1.898575
1.851696
1.922014
2.065997
2.153057
2.163102
2.243466
2.216678
2.290344
2.501297
2.531433
2.574963
2.538130
2.444373
2.564918
2.695507
2.645280
2.511342
2.561569
2.464464
2.270253
2.457767
2.260208
2.266905
2.290344
2.176497
2.099482
2.069346
1.928711
1.831605
1.824908
1.744546
1.654137
1.798121
1.684273
1.640743
1.593865
1.694319
1.603910
1.423094
1.577123
1.834954
1.858393
1.697667
1.737849
1.781379
1.747894
1.798121
1.798121
1.868438
1.814863
1.898575
1.891878
1.868438
1.486715
1.972241
1.958847
2.009073
1.925362
2.055952
2.029164
2.163102
2.183193
2.290344
2.390798
2.702204
2.531433
2.578311
2.665371
2.732340
2.521387
2.554872
2.564917
2.601750
2.444373
2.474509
2.317132
2.487903
2.300389
2.320480
2.116224
2.209981
2.062649
1.985634
1.975589
1.905271
1.851696
1.714409
1.721106
1.647440
1.694319
1.637395
1.610607
1.624001
1.613956
1.851696
1.557032
1.399655
2.183193
0.123893
1.503457
1.627350
1.724455
1.878484
1.680925
1.798121
1.988983
1.844999
1.911968
1.918665
2.015770
2.065997
2.062649
2.119573
2.012422
2.055952
2.136315
2.377404
2.206633
2.353965
2.728992
2.605099
2.772521
2.705553
2.762476
2.762476
2.732340
2.665371
2.718946
2.608447
2.611796
2.662023
2.397495
2.735689
2.628538
2.397495
2.216678
2.280298
2.253511
1.858393
2.032513
1.982286
1.895226
1.881832
1.222186
1.674228
1.687622
1.456578
1.526896
1.687622
1.610607
2.183193
1.670880
1.701016
1.747894
1.905272
1.670880
1.878484
1.764636
1.895226
1.952150
1.680925
1.834954
1.938756
1.975589
1.828257
1.982286
1.978937
1.992331
2.035861
2.109527
1.988983
1.962195
2.002377
2.146360
2.216678
2.410888
2.327177
2.330525
2.668720
2.658674
2.618493
2.722295
2.698855
2.742385
2.708901
2.749082
2.675416
2.585008
2.397495
2.521387
2.461115
2.394146
2.246814
2.146360
1.617304
-0.056924
2.002377
2.055952
2.179845
1.630698
1.660834
1.932059
1.871787
1.640743
1.711061
1.731152
1.717758
1.778030
1.828257
1.855045
2.116224
1.670880
1.774682
1.804818
1.848348
1.895226
1.935408
1.831605
2.169800
1.965544
2.019119
1.858393
1.911968
2.086088
1.999028
2.106179
2.012422
2.132966
2.166451
2.059300
2.263556
2.283647
2.240117
2.441025
2.655326
2.434328
2.665371
2.672068
2.447721
2.551524
2.698856
2.313783
2.598402
2.487903
2.434328
2.300389
2.330525
2.220026
2.246814
2.005725
2.076043
2.009073
1.922014
1.828257
1.844999
1.754591
1.801469
0.987794
1.811515
1.684273
1.731152
1.644092
1.871787
1.821560
1.761288
1.721106
1.988983
1.972241
1.992331
2.025816
1.965544
2.042558
2.206632
2.203284
2.193239
1.888529
2.323829
2.307086
2.337222
2.749082
2.990171
2.631886
2.963384
2.708901
3.016959
2.916505
2.819400
2.916505
2.953338
3.110716
3.006913
3.006914
3.201124
3.271441
3.251351
3.572803
3.643120
4.537158
3.723484
4.701232
3.924390
4.865307
4.359690
4.135344
4.594082
4.399871
4.567294
4.473537
4.560597
4.282675
4.302766
4.212358
4.118601
4.212358
4.041586
4.038238
3.807194
3.833982
3.606287
3.529273
3.388638
3.435516
3.328366
3.455607
3.395334
3.314971
3.355153
3.288184
3.512530
3.248003
3.402031
3.070534
3.201124
3.150897
3.371895
3.224563
3.170988
3.120761
3.150897
3.271441
3.170988
3.582848
3.472349
3.556060
3.823936
3.556061
3.880861
3.787104
3.921042
3.673257
3.746922
3.746922
3.793800
3.921042
3.361850
3.596242
3.576151
3.358502
3.495788
3.398683
3.271441
3.147549
3.077231
3.010262
3.020307
3.150897
2.933248
3.107367
3.010262
3.016959
2.802658
2.692159
2.601750
3.214518
2.715598
2.832794
2.893066
3.043747
2.889718
3.057140
2.939944
2.963384
2.923202
2.872975
3.027004
3.207821
3.087276
3.013610
2.903111
2.906460
3.070534
2.946641
2.946641
3.217866
3.181033
3.067186
2.986823
3.140851
3.063837
2.960035
3.077231
2.862930
3.211169
3.003565
2.970080
2.923202
2.986823
3.027004
3.097322
3.063837
3.006914
2.963384
2.936596
3.060489
2.980126
2.852885
2.739037
2.826097
2.662023
2.461115
2.538130
2.615144
2.611796
2.467812
2.323828
2.484555
2.250163
2.461115
2.370707
2.394146
2.397495
2.333874
2.290344
2.273602
2.186542
2.236768
2.360662
2.236769
2.129618
2.303738
2.203284
2.176497
2.283647
2.203284
2.176497
2.186542
2.122921
2.226723
2.387449
2.156406
2.273602
2.193239
2.203284
2.209981
2.143012
2.327177
2.092785
2.337222
2.216678
2.223375
2.370707
2.226723
2.343920
2.230072
2.233420
2.183193
2.109527
1.975589
2.039210
2.086088
2.062649
1.911968
1.942104
1.905272
1.731152
0.000000
0.000000
0.000000
0.000000
0.000000
0.000000
0.000000
0.000000
0.000000
0.000000
0.000000
0.000000
0.000000
0.000000
0.000000
0.000000
0.000000
0.000000
0.000000
0.000000
0.000000
0.000000
0.000000
0.000000
0.000000
0.000000
0.000000
0.000000
0.000000
0.000000
0.000000
0.000000
0.000000
0.000000
0.000000
0.000000
0.000000
0.000000
0.000000
0.000000
0.000000
0.000000
0.000000
0.000000
0.000000
0.000000
0.000000
0.000000
0.000000
0.000000
0.000000
0.000000
0.000000
0.000000
0.000000
0.000000
0.000000
0.000000
0.000000
0.000000
0.000000
0.000000
0.000000
0.000000
0.000000
0.000000
0.000000
0.000000
0.000000
0.000000
0.000000
0.000000
0.000000
0.000000
0.000000
0.000000
0.000000
0.000000
0.000000
0.000000
0.000000
0.000000
0.000000
0.000000
0.000000
0.000000
0.000000
0.000000
0.000000
0.000000
0.000000
0.000000
0.000000
0.000000
0.000000
0.000000
0.000000
0.000000
0.000000
0.000000
0.000000
0.000000
0.000000
0.000000
0.000000
0.000000
0.000000
0.000000
0.000000
0.000000
0.000000
0.000000
0.000000
0.000000
0.000000
0.000000
0.000000
0.000000
0.000000
0.000000
0.000000
0.000000
0.000000
0.000000
0.000000
0.000000
0.000000
0.000000
0.000000
0.000000
0.000000
0.000000
0.000000
0.000000
0.000000
0.000000
0.000000
0.000000
0.000000
0.000000
0.000000
0.000000
0.000000
0.000000
0.000000
0.000000
0.000000
0.000000
0.000000
0.000000
0.000000
0.000000
0.000000
0.000000
0.000000
0.000000
0.000000
0.000000
0.000000
0.000000
0.000000
0.000000
0.000000
0.000000
0.000000
0.000000
0.000000
0.000000
0.000000
0.000000
0.000000
0.000000
0.000000
0.000000
0.000000
0.000000
0.000000
0.000000
0.000000
0.000000
0.000000
0.000000
0.000000
0.000000
0.000000
0.000000
0.000000
0.000000
0.000000
0.000000
0.000000
0.000000
0.000000
0.000000
0.000000
0.000000
0.000000
0.000000
0.000000
0.000000
0.000000
0.000000
0.000000
0.000000
0.000000
0.000000
0.000000
0.000000
0.000000
0.000000
0.000000
0.000000
0.000000
0.000000
0.000000
0.000000
0.000000
0.000000
0.000000
0.000000
0.000000
0.000000
0.000000
0.000000
0.000000
0.000000
0.000000
0.000000
0.000000
0.000000
0.000000
0.000000
0.000000
0.000000
0.000000
0.000000
0.000000
0.000000
0.000000
0.000000
0.000000
0.000000
0.000000
0.000000
0.000000
0.000000
0.000000
0.000000
0.000000
0.000000
0.000000
0.000000
0.000000
0.000000
0.000000
0.000000
0.000000
0.000000
0.000000
0.000000
0.000000
0.000000
0.000000
0.000000
0.000000
0.000000
0.000000
0.000000
0.000000
0.000000
0.000000
0.000000
0.000000
0.000000
0.000000
0.000000
0.000000
0.000000
0.000000
0.000000
0.000000
0.000000
0.000000
0.000000
0.000000
0.000000
0.000000
0.000000
0.000000
0.000000
0.000000
0.000000
0.000000
0.000000
0.000000
0.000000
0.000000
0.000000
0.000000
0.000000
0.000000
0.000000
0.000000
0.000000
0.000000
0.000000
0.000000
0.000000
0.000000
0.000000
0.000000
0.000000
0.000000
0.000000
0.000000
0.000000
0.000000
0.000000
0.000000
0.000000
0.000000
0.000000
0.000000
0.000000
0.000000
0.000000
0.000000
0.000000
0.000000
0.000000
0.000000
0.000000
0.000000
0.000000
0.000000
0.000000
0.000000
0.000000
0.000000
0.000000
0.000000
0.000000
0.000000
0.000000
0.000000
0.000000
0.000000
0.000000
0.000000
0.000000
0.000000
0.000000
0.000000
0.000000
0.000000
0.000000
0.000000
0.000000
0.000000
0.000000
0.000000
0.000000
0.000000
0.000000
0.000000
0.000000
0.000000
0.000000
0.000000
0.000000
0.000000
0.000000
0.000000
0.000000
0.000000
0.000000
0.000000
0.000000
0.000000
0.000000
0.000000
0.000000
0.000000
0.000000
0.000000
0.000000
0.000000
0.000000
0.000000
0.000000
0.000000
0.000000
0.000000
0.000000
0.000000
0.000000
0.000000
0.000000
0.000000
0.000000
0.000000
0.000000
0.000000
0.000000
0.000000
0.000000
0.000000
0.000000
0.000000
0.000000
0.000000
0.000000
0.000000
0.000000
0.000000
0.000000
0.000000
0.000000
0.000000
0.000000
0.000000
0.000000
0.000000
0.000000
0.000000
0.000000
0.000000
0.000000
0.000000
0.000000
0.000000
0.000000
0.000000
0.000000
0.000000
0.000000
0.000000
0.000000
0.000000
0.000000
0.000000
0.000000
0.000000
0.000000
0.000000
0.000000
0.000000
0.000000
0.000000
0.000000
0.000000
0.000000
0.000000
0.000000
0.000000
0.000000
0.000000
0.000000
0.000000
0.000000
0.000000
0.000000
0.000000
0.000000
0.000000
0.000000
0.000000
0.000000
0.000000
0.000000
0.000000
0.000000
0.000000
0.000000
0.000000
0.000000
0.000000
0.000000
0.000000
0.000000
0.000000
0.000000
0.000000
0.000000
0.000000
0.000000
0.000000
0.000000
0.000000
0.000000
0.000000
0.000000
0.000000
0.000000
0.000000
0.000000
0.000000
0.000000
0.000000
0.000000
0.000000
0.000000
0.000000
0.000000
0.000000
0.000000
0.000000
0.000000
0.000000
0.000000
0.000000
0.000000
0.000000
0.000000
0.000000
0.000000
0.000000
0.000000
0.000000
0.000000
0.000000
0.000000
0.000000
0.000000
0.000000
0.000000
0.000000
0.000000
0.000000
0.000000
0.000000
0.000000
0.000000
0.000000
0.000000
0.000000
0.000000
0.000000
0.000000
0.000000
0.000000
0.000000
0.000000
0.000000
0.000000
0.000000
0.000000
0.000000
0.000000
0.000000
0.000000
0.000000
0.000000
0.000000
0.000000
0.000000
0.000000
0.000000
0.000000
0.000000
0.000000
0.000000
0.000000
0.000000
0.000000
0.000000
0.000000
0.000000
0.000000
0.000000
0.000000
0.000000
0.000000
0.000000
0.000000
0.000000
0.000000
0.000000
0.000000
0.000000
0.000000
0.000000
0.000000
0.000000
0.000000
0.000000
0.000000
0.000000
0.000000
0.000000
0.000000
0.000000
0.000000
0.000000
0.000000
0.000000
0.000000
0.000000
0.000000
0.000000
0.000000
0.000000
0.000000
0.000000
0.000000
0.000000
0.000000
0.000000
0.000000
0.000000
0.000000
0.000000
0.000000
0.000000
0.000000
0.000000
0.000000
0.000000
0.000000
0.000000
0.000000
0.000000
0.000000
0.000000
0.000000
0.000000
0.000000
0.000000
0.000000
0.000000
0.000000
0.000000
0.000000
0.000000
0.000000
0.000000
0.000000
0.000000
0.000000
0.000000
0.000000
0.000000
0.000000
0.000000
0.000000
0.000000
0.000000
0.000000
0.000000
0.000000
0.000000
0.000000
0.000000
0.000000
0.000000
0.000000
0.000000
0.000000
0.000000
0.000000
0.000000
0.000000
0.000000
0.000000
0.000000
0.000000
0.000000
0.000000
0.000000
0.000000
0.000000
0.000000
0.000000
0.000000
0.000000
0.000000
0.000000
0.000000
0.000000
0.000000
0.000000
0.000000
0.000000
0.000000
0.000000
0.000000
0.000000
0.000000
0.000000
0.000000
0.000000
0.000000
0.000000
0.000000
0.000000
0.000000
0.000000
0.000000
0.000000
0.000000
0.000000
0.000000
0.000000
0.000000
0.000000
0.000000
0.000000
0.000000
0.000000
0.000000
0.000000
0.000000
0.000000
0.000000
0.000000
0.000000
0.000000
0.000000
0.000000
0.000000
0.000000
0.000000
0.000000
0.000000
0.000000
0.000000
0.000000
0.000000
0.000000
0.000000
0.000000
0.000000
0.000000
0.000000
0.000000
0.000000
0.000000
0.000000
0.000000
0.000000
0.000000
0.000000
0.000000
0.000000
0.000000
0.000000
0.000000
0.000000
0.000000
0.000000
0.000000
0.000000
0.000000
0.000000
0.000000
0.000000
0.000000
0.000000
0.000000
0.000000
0.000000
0.000000
0.000000
0.000000
0.000000
0.000000
0.000000
0.000000
0.000000
0.000000
0.000000
0.000000
0.000000
0.000000
0.000000
0.000000
0.000000
0.000000
0.000000
0.000000
0.000000
0.000000
0.000000
0.000000
0.000000
0.000000
0.000000
0.000000
0.000000
0.000000
0.000000
0.000000
0.000000
0.000000
0.000000
0.000000
0.000000
0.000000
0.000000
0.000000
0.000000
0.000000
0.000000
0.000000
0.000000
0.000000
0.000000
0.000000
0.000000
0.000000
0.000000
0.000000
0.000000
0.000000
0.000000
0.000000
0.000000
0.000000
0.000000
0.000000
0.000000
0.000000
0.000000
0.000000
0.000000
0.000000
0.000000
0.000000
0.000000
0.000000
0.000000
0.000000
0.000000
0.000000
0.000000
0.000000
0.000000
0.000000
0.000000
0.000000
0.000000
0.000000
0.000000
0.000000
0.000000
0.000000
0.000000
0.000000
0.000000
0.000000
0.000000
0.000000
0.000000
0.000000
0.000000
0.000000
0.000000
0.000000
0.000000
0.000000
0.000000
0.000000
0.000000
0.000000
0.000000
0.000000
0.000000
0.000000
0.000000
0.000000
0.000000
0.000000
0.000000
0.000000
0.000000
0.000000
0.000000
0.000000
0.000000
0.000000
0.000000
0.000000
0.000000
0.000000
0.000000
0.000000
0.000000
0.000000
0.000000
0.000000
0.000000
0.000000
0.000000
0.000000
0.000000
0.000000
0.000000
0.000000
0.000000
0.000000
0.000000
0.000000
0.000000
0.000000
0.000000
0.000000
0.000000
0.000000
0.000000
0.000000
0.000000
0.000000
0.000000
0.000000
0.000000
0.000000
0.000000
0.000000
0.000000
0.000000
0.000000
0.000000
0.000000
0.000000
0.000000
0.000000
0.000000
0.000000
0.000000
0.000000
0.000000
0.000000
0.000000
0.000000
0.000000
0.000000
0.000000
0.000000
0.000000
0.000000
0.000000
0.000000
0.000000
0.000000
0.000000
0.000000
0.000000
0.000000
0.000000
0.000000
0.000000
0.000000
0.000000
0.000000
0.000000
0.000000
0.000000
0.000000
0.000000
0.000000
0.000000
0.000000
0.000000
0.000000
0.000000
0.000000
0.000000
0.000000
0.000000
0.000000
0.000000
0.000000
0.000000
0.000000
0.000000
0.000000
0.000000
0.000000
0.000000
0.000000
0.000000
0.000000
0.000000
0.000000
0.000000
0.000000
0.000000
0.000000
0.000000
0.000000
0.000000
0.000000
0.000000
0.000000
0.000000
0.000000
0.000000
0.000000
0.000000
0.000000
0.000000
0.000000
0.000000
0.000000
0.000000
0.000000
0.000000
0.000000
0.000000
0.000000
0.000000
0.000000
