0.324800
0.786887
1.523547
1.084900
1.627350
1.403003
1.721106
1.640743
1.741197
1.828257
1.878484
1.496760
1.791424
1.734500
1.724455
1.617304
1.818211
1.717758
1.875135
1.928711
1.905272
1.784727
1.784727
1.865090
1.821560
1.721106
1.747894
1.928711
1.962195
1.801469
1.898575
1.828257
1.694319
1.838302
1.704364
1.744546
1.818212
2.065997
2.022468
2.216678
2.266905
2.739037
2.541478
2.782567
2.996868
2.936596
3.951178
3.321668
4.503673
3.740226
4.798337
3.854073
4.547204
4.135344
4.332902
4.225751
4.731369
4.527112
4.577340
4.667747
4.533809
4.577340
4.520416
4.691187
4.818428
4.580688
4.527112
4.573991
4.734717
4.543855
4.573991
4.684490
4.463491
4.533809
4.758156
4.597430
4.426659
4.480234
4.543855
4.691187
4.607475
5.213546
4.707929
4.714626
4.661051
4.517067
4.590733
4.393174
4.316160
4.379781
4.607476
4.456795
4.527112
4.584036
4.560597
4.831822
4.503673
4.734717
4.557249
4.547204
4.493628
4.490280
4.419962
4.651005
4.594082
4.600778
4.580688
4.547204
4.600779
4.476886
4.322857
4.597430
4.640960
4.573991
4.644309
4.490280
4.691187
4.239145
4.557249
4.486931
4.178873
4.098510
4.041586
3.904300
3.877512
3.552712
3.984663
3.435516
3.385289
3.150897
2.956687
3.016959
2.966732
3.010262
2.896415
2.872975
2.725643
2.651977
2.571614
2.514691
2.524736
2.380752
2.297041
2.347268
2.176497
2.079391
1.838302
1.868438
2.096133
2.102830
2.032513
2.159754
2.096133
2.293692
2.518039
2.454418
2.163102
2.491251
2.655326
2.079391
2.092785
3.033701
1.094945
2.722295
1.299201
1.161914
1.737849
1.684273
1.560381
1.938756
2.009073
2.260208
2.226723
2.307086
2.400843
2.404191
2.447721
2.310435
2.481206
2.223375
2.243466
2.343919
2.514691
2.611796
2.621841
2.775870
2.755780
2.715598
2.574963
2.672068
2.712250
3.006914
3.207821
3.284835
3.700044
3.679953
4.148737
3.854073
4.008102
4.312812
4.329554
4.296069
4.553900
4.543855
4.553900
4.677793
4.440053
4.707929
4.553900
4.764853
4.721323
4.798337
4.617521
4.647657
4.540506
4.774898
4.594082
4.610824
4.573991
4.617521
4.714626
4.594082
4.563945
4.547204
4.503673
4.594082
4.590734
4.383129
4.460144
4.694535
4.691187
4.634263
4.547204
4.600778
4.476886
4.537158
4.563945
4.547204
4.533809
4.507022
4.751459
4.523764
4.547204
4.480235
4.436704
4.366386
4.399871
4.426659
4.563945
4.466840
4.178873
4.222403
4.071723
4.235797
4.195616
3.736877
3.743574
3.767013
3.592893
3.509182
3.351804
3.207821
3.013611
3.107367
3.027004
2.939945
2.936596
2.822748
2.715598
2.651977
2.574963
2.424282
2.648629
2.521387
2.404191
2.574963
2.451070
2.541478
2.497948
2.420934
2.380752
2.645280
2.427631
2.655326
2.595053
2.531433
2.585008
2.481206
2.534781
2.454418
2.528084
2.384101
2.534781
2.518039
2.521387
2.564918
2.598402
2.685462
3.261396
3.000216
3.519227
3.217866
3.619681
3.499136
3.833982
4.212358
4.269281
4.088465
4.396523
4.289372
4.219055
4.453446
3.910997
4.289372
3.857421
3.880861
3.867467
3.492440
3.472349
3.422122
3.211169
3.237957
3.144200
3.160943
3.124110
2.816051
2.822748
2.802658
2.665371
2.444373
2.615144
2.330525
2.122921
2.243466
2.303738
2.273602
2.106179
2.193239
2.126270
2.092785
1.958847
2.076043
1.938756
1.985634
2.035861
2.086088
1.881832
2.132966
1.908620
2.059300
2.089437
2.112876
1.978937
1.942104
1.942104
2.002377
1.747894
1.928711
2.015770
1.962195
1.992331
2.039210
1.938756
2.019119
2.015770
2.049255
1.885181
1.935408
2.136315
2.220026
1.915317
2.072694
1.965544
2.022468
1.982286
2.059300
2.032513
2.009074
2.139663
2.012422
1.871787
2.082740
1.855045
2.099482
2.169800
1.995680
2.086088
2.032513
1.888529
1.922014
2.005725
2.049255
2.019119
1.855045
1.885181
1.928711
2.015770
2.052604
1.945453
2.052604
2.002377
2.082740
1.972241
2.203284
2.015770
2.019119
1.962195
2.032513
1.911968
1.942104
1.992331
1.895226
2.126270
2.039210
1.898575
2.032513
2.022468
2.122921
2.049255
1.972241
2.042558
2.015770
2.019119
2.042558
1.721106
2.035861
1.972241
1.988983
2.163102
2.089437
2.149709
2.273602
2.337222
2.427631
2.367358
2.705553
2.534781
2.484555
2.638583
2.795961
2.872975
3.355153
3.201124
3.475698
3.391986
3.733528
4.249191
3.967921
4.530461
4.085116
4.269281
4.607476
4.292721
4.533809
4.493628
4.651005
4.523764
4.694535
4.651005
4.721323
4.517067
4.717974
4.470189
4.604127
4.473537
4.463491
4.697884
4.584036
4.513719
4.744762
4.366386
4.466840
4.476886
4.496976
4.446750
4.490280
4.178873
4.131995
3.736877
3.951178
3.830634
3.619681
3.666559
3.552712
3.472349
3.234608
3.234608
3.090625
2.960035
2.816051
2.933248
2.829445
2.725643
1.557032
2.648629
2.534781
2.410888
2.189890
2.256859
2.484555
2.159754
2.189890
2.119573
2.049255
1.848348
2.099482
1.814863
1.844999
1.982286
1.891878
1.975589
1.975589
1.922014
2.139663
2.015770
2.119573
2.159754
2.273602
2.005725
2.082740
2.072694
2.052604
1.982286
2.126270
2.143012
2.223375
2.414237
2.454418
2.400843
2.548175
2.521387
2.434328
2.554872
2.608447
2.615144
2.534781
2.551523
2.561569
2.628538
2.688810
3.127458
3.107367
3.301577
3.505834
3.475698
4.182222
3.777058
4.165480
3.823937
4.540506
4.332902
4.316160
4.366386
4.711277
4.791641
5.166668
4.490280
4.697884
4.443401
4.446750
4.547204
4.697884
4.342947
4.594082
4.265933
4.818428
4.634263
4.379781
4.419962
4.376432
4.510370
4.363038
4.275979
4.188918
4.125298
3.813891
3.867467
3.900951
3.679953
3.616333
3.552712
3.432167
3.006913
3.221215
3.090625
2.879672
2.923202
2.822748
2.765825
2.618493
2.615144
2.501297
2.290344
2.293693
2.327177
2.163102
2.143012
2.062649
1.962195
1.985634
2.173148
2.049255
1.928711
1.771333
1.603910
2.106179
2.497948
2.725643
2.132966
2.497948
1.982286
2.320480
2.193239
2.183193
1.968892
2.136315
2.762476
1.958847
2.216678
1.834954
2.072694
1.992331
2.159754
2.156406
2.226723
2.233420
2.196587
2.233420
2.236768
2.367358
2.487903
2.524736
2.528084
2.514691
2.564917
2.437676
2.692159
2.230072
2.682113
2.963384
3.234608
3.127458
3.509182
3.345108
3.743574
3.870816
4.222403
4.496976
4.101859
4.704581
4.523764
4.640960
4.004754
4.553900
4.557249
4.647657
4.597430
4.490280
3.921042
4.523764
4.630915
4.704581
4.473537
4.577340
4.677793
4.671096
4.704581
4.513719
3.693347
4.945669
4.691187
4.600778
4.573991
4.778246
4.835170
4.476886
4.651005
4.152085
4.667747
4.523764
4.533809
4.654354
4.687839
4.614172
4.486931
4.389826
4.543855
4.483582
4.319509
4.346296
4.198964
3.941133
3.763665
4.131995
3.807194
3.917694
3.525924
3.452258
3.345108
3.381940
3.395334
3.006914
2.976778
2.953338
2.903111
2.718946
2.906460
2.504645
2.574963
2.487903
2.471160
2.407540
2.223375
2.240117
2.136315
2.092785
1.965544
1.958847
2.089437
2.069346
2.055952
2.166451
2.206633
1.918665
1.995680
1.982286
1.801469
2.092785
1.962195
2.146360
1.982286
2.029164
2.126270
2.189890
2.076043
2.052603
1.955498
1.965544
1.982286
2.052604
1.915317
2.015770
2.337222
2.186542
2.045907
2.062649
2.065997
2.042558
2.022468
2.062649
2.042558
1.935408
2.049255
2.049255
2.119573
2.129618
2.072694
2.136315
2.102830
1.978938
2.012422
2.045907
1.958847
2.059300
2.437676
2.156406
2.092785
2.049255
2.223375
2.092785
2.102830
1.901923
2.069346
2.009073
2.220026
1.935408
2.263556
2.143012
2.062649
2.156406
2.055952
2.039210
2.213329
1.932059
2.246814
1.988983
2.015771
2.206632
2.122921
2.112876
2.106179
1.948802
2.072694
2.112876
1.988983
2.183193
2.159754
2.240117
2.132967
2.233420
2.035861
2.163102
2.049255
2.022468
1.942104
1.982286
2.102830
2.153057
2.233420
2.213329
2.146360
2.009073
2.069346
2.005725
2.019119
2.035861
2.009073
2.025816
2.099482
2.353964
2.005725
2.313783
2.223375
2.116224
2.012422
2.226723
2.156406
2.076043
2.015770
2.032513
1.995680
1.891878
2.129618
1.908620
1.992331
2.049255
2.082740
2.022468
1.988983
1.988983
2.002377
1.982286
2.059300
1.818212
1.962195
2.193239
2.146360
2.069346
2.072694
2.069346
2.213329
2.079391
2.206633
2.109527
2.645280
2.568266
2.752431
2.367358
2.551524
0.549147
2.451070
2.092785
2.166451
2.303738
1.523547
2.343919
1.778030
1.831606
1.597214
2.082740
2.109527
2.022468
2.223375
2.220026
2.491251
2.283647
2.340571
2.427631
2.189890
2.360662
2.367358
2.441025
2.209981
2.323829
2.293693
2.598402
2.099482
1.801469
3.003565
2.574963
2.631886
2.638583
2.015771
2.588356
2.487903
2.270253
2.119573
2.096133
1.962195
1.637395
2.009073
1.453230
2.186542
1.791424
1.875135
2.022468
2.119573
2.230072
2.494600
2.785916
3.211170
2.136315
2.531433
2.397495
2.585008
2.538130
2.397495
2.240117
1.717758
2.464464
1.459927
1.315943
2.283647
1.684273
1.048067
2.303738
0.766796
1.516851
1.091597
0.000000
0.000000
0.000000
0.000000
0.000000
0.000000
0.000000
0.000000
0.000000
0.000000
0.000000
0.000000
0.000000
0.000000
0.000000
0.000000
0.000000
0.000000
0.000000
0.000000
0.000000
0.000000
0.000000
0.000000
0.000000
0.000000
0.000000
0.000000
0.000000
0.000000
0.000000
0.000000
0.000000
0.000000
0.000000
0.000000
0.000000
0.000000
0.000000
0.000000
0.000000
0.000000
0.000000
0.000000
0.000000
0.000000
0.000000
0.000000
0.000000
0.000000
0.000000
0.000000
0.000000
0.000000
0.000000
0.000000
0.000000
0.000000
0.000000
0.000000
0.000000
0.000000
0.000000
0.000000
0.000000
0.000000
0.000000
0.000000
0.000000
0.000000
0.000000
0.000000
0.000000
0.000000
0.000000
0.000000
0.000000
0.000000
0.000000
0.000000
0.000000
0.000000
0.000000
0.000000
0.000000
0.000000
0.000000
0.000000
0.000000
0.000000
0.000000
0.000000
0.000000
0.000000
0.000000
0.000000
0.000000
0.000000
0.000000
0.000000
0.000000
0.000000
0.000000
0.000000
0.000000
0.000000
0.000000
0.000000
0.000000
0.000000
0.000000
0.000000
0.000000
0.000000
0.000000
0.000000
0.000000
0.000000
0.000000
0.000000
0.000000
0.000000
0.000000
0.000000
0.000000
0.000000
0.000000
0.000000
0.000000
0.000000
0.000000
0.000000
0.000000
0.000000
0.000000
0.000000
0.000000
0.000000
0.000000
0.000000
0.000000
0.000000
0.000000
0.000000
0.000000
0.000000
0.000000
0.000000
0.000000
0.000000
0.000000
0.000000
0.000000
0.000000
0.000000
0.000000
0.000000
0.000000
0.000000
0.000000
0.000000
0.000000
0.000000
0.000000
0.000000
0.000000
0.000000
0.000000
0.000000
0.000000
0.000000
0.000000
0.000000
0.000000
0.000000
0.000000
0.000000
0.000000
0.000000
0.000000
0.000000
0.000000
0.000000
0.000000
0.000000
0.000000
0.000000
0.000000
0.000000
0.000000
0.000000
0.000000
0.000000
0.000000
0.000000
0.000000
0.000000
0.000000
0.000000
0.000000
0.000000
0.000000
0.000000
0.000000
0.000000
0.000000
0.000000
0.000000
0.000000
0.000000
0.000000
0.000000
0.000000
0.000000
0.000000
0.000000
0.000000
0.000000
0.000000
0.000000
0.000000
0.000000
0.000000
0.000000
0.000000
0.000000
0.000000
0.000000
0.000000
0.000000
0.000000
0.000000
0.000000
0.000000
0.000000
0.000000
0.000000
0.000000
0.000000
0.000000
0.000000
0.000000
0.000000
0.000000
0.000000
0.000000
0.000000
0.000000
0.000000
0.000000
0.000000
0.000000
0.000000
0.000000
0.000000
0.000000
0.000000
0.000000
0.000000
0.000000
0.000000
0.000000
0.000000
0.000000
0.000000
0.000000
0.000000
0.000000
0.000000
0.000000
0.000000
0.000000
0.000000
0.000000
0.000000
0.000000
0.000000
0.000000
0.000000
0.000000
0.000000
0.000000
0.000000
0.000000
0.000000
0.000000
0.000000
0.000000
0.000000
0.000000
0.000000
0.000000
0.000000
0.000000
0.000000
0.000000
0.000000
0.000000
0.000000
0.000000
0.000000
0.000000
0.000000
0.000000
0.000000
0.000000
0.000000
0.000000
0.000000
0.000000
0.000000
0.000000
0.000000
0.000000
0.000000
0.000000
0.000000
0.000000
0.000000
0.000000
0.000000
0.000000
0.000000
0.000000
0.000000
0.000000
0.000000
0.000000
0.000000
0.000000
0.000000
0.000000
0.000000
0.000000
0.000000
0.000000
0.000000
0.000000
0.000000
0.000000
0.000000
0.000000
0.000000
0.000000
0.000000
0.000000
0.000000
0.000000
0.000000
0.000000
0.000000
0.000000
0.000000
0.000000
0.000000
0.000000
0.000000
0.000000
0.000000
0.000000
0.000000
0.000000
0.000000
0.000000
0.000000
0.000000
0.000000
0.000000
0.000000
0.000000
0.000000
0.000000
0.000000
0.000000
0.000000
0.000000
0.000000
0.000000
0.000000
0.000000
0.000000
0.000000
0.000000
0.000000
0.000000
0.000000
0.000000
0.000000
0.000000
0.000000
0.000000
0.000000
0.000000
0.000000
0.000000
0.000000
0.000000
0.000000
0.000000
0.000000
0.000000
0.000000
0.000000
0.000000
0.000000
0.000000
0.000000
0.000000
0.000000
0.000000
0.000000
0.000000
0.000000
0.000000
0.000000
0.000000
0.000000
0.000000
0.000000
0.000000
0.000000
0.000000
0.000000
0.000000
0.000000
0.000000
0.000000
0.000000
0.000000
0.000000
0.000000
0.000000
0.000000
0.000000
0.000000
0.000000
0.000000
0.000000
0.000000
0.000000
0.000000
0.000000
0.000000
0.000000
0.000000
0.000000
0.000000
0.000000
0.000000
0.000000
0.000000
0.000000
0.000000
0.000000
0.000000
0.000000
0.000000
0.000000
0.000000
0.000000
0.000000
0.000000
0.000000
0.000000
0.000000
0.000000
0.000000
0.000000
0.000000
0.000000
0.000000
0.000000
0.000000
0.000000
0.000000
0.000000
0.000000
0.000000
0.000000
0.000000
0.000000
0.000000
0.000000
0.000000
0.000000
0.000000
0.000000
0.000000
0.000000
0.000000
0.000000
0.000000
0.000000
0.000000
0.000000
0.000000
0.000000
0.000000
0.000000
0.000000
0.000000
0.000000
0.000000
0.000000
0.000000
0.000000
0.000000
0.000000
0.000000
0.000000
0.000000
0.000000
0.000000
0.000000
0.000000
0.000000
0.000000
0.000000
0.000000
0.000000
0.000000
0.000000
0.000000
0.000000
0.000000
0.000000
0.000000
0.000000
0.000000
0.000000
0.000000
0.000000
0.000000
0.000000
0.000000
0.000000
0.000000
0.000000
0.000000
0.000000
0.000000
0.000000
0.000000
0.000000
0.000000
0.000000
0.000000
0.000000
0.000000
0.000000
0.000000
0.000000
0.000000
0.000000
0.000000
0.000000
0.000000
0.000000
0.000000
0.000000
0.000000
0.000000
0.000000
0.000000
0.000000
0.000000
0.000000
0.000000
0.000000
0.000000
0.000000
0.000000
0.000000
0.000000
0.000000
0.000000
0.000000
0.000000
0.000000
0.000000
0.000000
0.000000
0.000000
0.000000
0.000000
0.000000
0.000000
0.000000
0.000000
0.000000
0.000000
0.000000
0.000000
0.000000
0.000000
0.000000
0.000000
0.000000
0.000000
0.000000
0.000000
0.000000
0.000000
0.000000
0.000000
0.000000
0.000000
0.000000
0.000000
0.000000
0.000000
0.000000
0.000000
0.000000
0.000000
0.000000
0.000000
0.000000
0.000000
0.000000
0.000000
0.000000
0.000000
0.000000
0.000000
0.000000
0.000000
0.000000
0.000000
0.000000
0.000000
0.000000
0.000000
0.000000
0.000000
0.000000
0.000000
0.000000
0.000000
0.000000
0.000000
0.000000
0.000000
0.000000
0.000000
0.000000
0.000000
0.000000
0.000000
0.000000
0.000000
0.000000
0.000000
0.000000
0.000000
0.000000
0.000000
0.000000
0.000000
0.000000
0.000000
0.000000
0.000000
0.000000
0.000000
0.000000
0.000000
0.000000
0.000000
0.000000
0.000000
0.000000
0.000000
0.000000
0.000000
0.000000
0.000000
0.000000
0.000000
0.000000
0.000000
0.000000
0.000000
0.000000
0.000000
0.000000
0.000000
0.000000
0.000000
0.000000
0.000000
0.000000
0.000000
0.000000
0.000000
0.000000
0.000000
0.000000
0.000000
0.000000
0.000000
0.000000
0.000000
0.000000
0.000000
0.000000
0.000000
0.000000
0.000000
0.000000
0.000000
0.000000
0.000000
0.000000
0.000000
0.000000
0.000000
0.000000
0.000000
0.000000
0.000000
0.000000
0.000000
0.000000
0.000000
0.000000
0.000000
0.000000
0.000000
0.000000
0.000000
0.000000
0.000000
0.000000
0.000000
0.000000
0.000000
0.000000
0.000000
0.000000
0.000000
0.000000
0.000000
0.000000
0.000000
0.000000
0.000000
0.000000
0.000000
0.000000
0.000000
0.000000
0.000000
0.000000
0.000000
0.000000
0.000000
0.000000
0.000000
0.000000
0.000000
0.000000
0.000000
0.000000
0.000000
0.000000
0.000000
0.000000
0.000000
0.000000
0.000000
0.000000
0.000000
0.000000
0.000000
0.000000
0.000000
0.000000
0.000000
0.000000
0.000000
0.000000
0.000000
0.000000
0.000000
0.000000
0.000000
0.000000
0.000000
0.000000
0.000000
0.000000
0.000000
0.000000
0.000000
0.000000
0.000000
0.000000
0.000000
0.000000
0.000000
0.000000
0.000000
0.000000
0.000000
0.000000
0.000000
0.000000
0.000000
0.000000
0.000000
0.000000
0.000000
0.000000
0.000000
0.000000
0.000000
0.000000
0.000000
0.000000
0.000000
0.000000
0.000000
0.000000
0.000000
0.000000
0.000000
0.000000
0.000000
0.000000
0.000000
0.000000
0.000000
0.000000
0.000000
0.000000
0.000000
0.000000
0.000000
0.000000
0.000000
0.000000
0.000000
0.000000
0.000000
0.000000
0.000000
0.000000
0.000000
0.000000
0.000000
0.000000
0.000000
0.000000
0.000000
0.000000
0.000000
0.000000
0.000000
0.000000
0.000000
0.000000
0.000000
0.000000
0.000000
0.000000
0.000000
0.000000
0.000000
0.000000
0.000000
0.000000
0.000000
0.000000
0.000000
0.000000
0.000000
0.000000
0.000000
0.000000
0.000000
0.000000
0.000000
0.000000
0.000000
0.000000
0.000000
0.000000
0.000000
0.000000
0.000000
0.000000
0.000000
0.000000
0.000000
0.000000
0.000000
0.000000
0.000000
0.000000
0.000000
0.000000
0.000000
0.000000
0.000000
0.000000
0.000000
0.000000
0.000000
0.000000
0.000000
0.000000
0.000000
0.000000
0.000000
0.000000
0.000000
0.000000
0.000000
0.000000
0.000000
0.000000
0.000000
0.000000
0.000000
0.000000
0.000000
0.000000
0.000000
0.000000
0.000000
0.000000
0.000000
0.000000
0.000000
0.000000
0.000000
0.000000
0.000000
0.000000
0.000000
0.000000
0.000000
0.000000
0.000000
0.000000
0.000000
0.000000
0.000000
0.000000
0.000000
0.000000
0.000000
0.000000
0.000000
0.000000
0.000000
0.000000
0.000000
0.000000
0.000000
0.000000
0.000000
0.000000
0.000000
0.000000
0.000000
0.000000
0.000000
0.000000
0.000000
0.000000
0.000000
0.000000
0.000000
0.000000
0.000000
0.000000
0.000000
0.000000
0.000000
0.000000
0.000000
0.000000
0.000000
0.000000
0.000000
0.000000
0.000000
0.000000
0.000000
0.000000
0.000000
0.000000
0.000000
0.000000
0.000000
0.000000
0.000000
0.000000
0.000000
0.000000
0.000000
0.000000
0.000000
0.000000
0.000000
0.000000
0.000000
0.000000
0.000000
0.000000
0.000000
0.000000
0.000000
0.000000
0.000000
0.000000
0.000000
0.000000
0.000000
0.000000
0.000000
0.000000
0.000000
0.000000
0.000000
0.000000
0.000000
0.000000
0.000000
0.000000
0.000000
0.000000
0.000000
0.000000
0.000000
0.000000
0.000000
0.000000
0.000000
0.000000
0.000000
0.000000
0.000000
0.000000
0.000000
0.000000
0.000000
0.000000
0.000000
0.000000
0.000000
0.000000
0.000000
0.000000
0.000000
0.000000
0.000000
0.000000
0.000000
0.000000
0.000000
0.000000
0.000000
0.000000
0.000000
0.000000
0.000000
0.000000
0.000000
0.000000
0.000000
0.000000
0.000000
0.000000
0.000000
0.000000
0.000000
0.000000
0.000000
0.000000
0.000000
0.000000
0.000000
0.000000
0.000000
0.000000
0.000000
0.000000
0.000000
0.000000
0.000000
0.000000
0.000000
0.000000
0.000000
0.000000
0.000000
0.000000
0.000000
0.000000
0.000000
0.000000
0.000000
0.000000
0.000000
0.000000
0.000000
0.000000
0.000000
0.000000
0.000000
0.000000
0.000000
0.000000
0.000000
0.000000
0.000000
0.000000
0.000000
0.000000
0.000000
0.000000
0.000000
0.000000
0.000000
0.000000
0.000000
0.000000
0.000000
0.000000
0.000000
0.000000
0.000000
0.000000
0.000000
0.000000
0.000000
0.000000
0.000000
0.000000
0.000000
0.000000
0.000000
0.000000
0.000000
0.000000
0.000000
0.000000
0.000000
0.000000
0.000000
0.000000
0.000000
0.000000
0.000000
0.000000
0.000000
0.000000
0.000000
0.000000
0.000000
0.000000
0.000000
0.000000
0.000000
0.000000
0.000000
0.000000
0.000000
0.000000
0.000000
0.000000
0.000000
0.000000
0.000000
0.000000
0.000000
0.000000
0.000000
0.000000
0.000000
0.000000
0.000000
0.000000
0.000000
0.000000
0.000000
0.000000
0.000000
0.000000
0.000000
0.000000
0.000000
0.000000
0.000000
0.000000
0.000000
0.000000
0.000000
0.000000
0.000000
0.000000
0.000000
0.000000
0.000000
0.000000
0.000000
0.000000
0.000000
0.000000
0.000000
0.000000
0.000000
0.000000
0.000000
0.000000
0.000000
0.000000
0.000000
0.000000
0.000000
0.000000
0.000000
0.000000
0.000000
0.000000
0.000000
0.000000
0.000000
0.000000
0.000000
0.000000
0.000000
0.000000
0.000000
0.000000
0.000000
0.000000
0.000000
0.000000
0.000000
0.000000
0.000000
0.000000
0.000000
0.000000
0.000000
0.000000
0.000000
0.000000
0.000000
0.000000
0.000000
0.000000
0.000000
0.000000
0.000000
0.000000
0.000000
0.000000
0.000000
0.000000
0.000000
0.000000
0.000000
0.000000
0.000000
0.000000
0.000000
0.000000
0.000000
0.000000
0.000000
0.000000
0.000000
0.000000
0.000000
0.000000
0.000000
0.000000
0.000000
0.000000
0.000000
0.000000
0.000000
0.000000
0.000000
0.000000
0.000000
0.000000
0.000000
0.000000
0.000000
0.000000
0.000000
0.000000
0.000000
0.000000
0.000000
0.000000
0.000000
0.000000
0.000000
0.000000
0.000000
0.000000
0.000000
0.000000
0.000000
0.000000
0.000000
0.000000
0.000000
0.000000
0.000000
0.000000
0.000000
0.000000
0.000000
0.000000
0.000000
0.000000
0.000000
0.000000
0.000000
0.000000
0.000000
0.000000
0.000000
0.000000
0.000000
0.000000
0.000000
0.000000
0.000000
0.000000
0.000000
0.000000
0.000000
0.000000
0.000000
0.000000
0.000000
0.000000
0.000000
0.000000
0.000000
0.000000
0.000000
0.000000
0.000000
0.000000
0.000000
0.000000
0.000000
0.000000
0.000000
0.000000
0.000000
0.000000
0.000000
0.000000
0.000000
0.000000
0.000000
0.000000
0.000000
0.000000
0.000000
0.000000
0.000000
0.000000
0.000000
0.000000
0.000000
0.000000
0.000000
0.000000
0.000000
0.000000
0.000000
0.000000
0.000000
0.000000
0.000000
0.000000
0.000000
0.000000
0.000000
0.000000
0.000000
0.000000
0.000000
0.000000
0.000000
0.000000
0.000000
0.000000
0.000000
0.000000
0.000000
0.000000
0.000000
0.000000
0.000000
0.000000
0.000000
0.000000
0.000000
0.000000
0.000000
0.000000
0.000000
0.000000
0.000000
0.000000
0.000000
0.000000
0.000000
0.000000
0.000000
0.000000
0.000000
0.000000
0.000000
0.000000
0.000000
0.000000
0.000000
0.000000
0.000000
0.000000
0.000000
0.000000
0.000000
0.000000
0.000000
0.000000
0.000000
0.000000
0.000000
0.000000
0.000000
0.000000
0.000000
0.000000
0.000000
0.000000
0.000000
0.000000
0.000000
0.000000
0.000000
0.000000
0.000000
0.000000
0.000000
0.000000
0.000000
0.000000
0.000000
0.000000
0.000000
0.000000
0.000000
0.000000
0.000000
0.000000
0.000000
0.000000
0.000000
0.000000
0.000000
0.000000
0.000000
0.000000
0.000000
0.000000
0.000000
0.000000
0.000000
0.000000
0.000000
0.000000
0.000000
0.000000
0.000000
0.000000
0.000000
0.000000
0.000000
0.000000
0.000000
0.000000
0.000000
0.000000
0.000000
0.000000
0.000000
0.000000
0.000000
0.000000
0.000000
0.000000
0.000000
0.000000
0.000000
0.000000
0.000000
0.000000
0.000000
0.000000
0.000000
0.000000
0.000000
0.000000
0.000000
0.000000
0.000000
0.000000
0.000000
0.000000
0.000000
0.000000
0.000000
0.000000
0.000000
0.000000
0.000000
0.000000
0.000000
0.000000
0.000000
0.000000
0.000000
0.000000
0.000000
0.000000
0.000000
0.000000
0.000000
0.000000
0.000000
0.000000
0.000000
0.000000
0.000000
0.000000
0.000000
0.000000
0.000000
0.000000
0.000000
0.000000
0.000000
0.000000
0.000000
0.000000
0.000000
0.000000
0.000000
0.000000
0.000000
0.000000
0.000000
0.000000
0.000000
0.000000
0.000000
0.000000
0.000000
0.000000
0.000000
0.000000
0.000000
0.000000
0.000000
0.000000
0.000000
0.000000
0.000000
0.000000
0.000000
0.000000
0.000000
0.000000
0.000000
0.000000
0.000000
0.000000
0.000000
0.000000
0.000000
0.000000
0.000000
0.000000
0.000000
0.000000
0.000000
0.000000
0.000000
0.000000
0.000000
0.000000
0.000000
0.000000
0.000000
0.000000
0.000000
0.000000
0.000000
0.000000
0.000000
0.000000
0.000000
0.000000
0.000000
0.000000
0.000000
0.000000
0.000000
0.000000
0.000000
0.000000
0.000000
0.000000
0.000000
0.000000
0.000000
0.000000
0.000000
0.000000
0.000000
0.000000
0.000000
0.000000
0.000000
0.000000
0.000000
0.000000
0.000000
0.000000
0.000000
0.000000
0.000000
0.000000
0.000000
0.000000
0.000000
0.000000
0.000000
0.000000
0.000000
0.000000
0.000000
0.000000
0.000000
0.000000
0.000000
0.000000
0.000000
0.000000
0.000000
0.000000
0.000000
0.000000
0.000000
0.000000
0.000000
0.000000
0.000000
0.000000
0.000000
0.000000
0.000000
0.000000
0.000000
0.000000
0.000000
0.000000
0.000000
0.000000
0.000000
0.000000
0.000000
0.000000
0.000000
0.000000
0.000000
0.000000
0.000000
0.000000
0.000000
0.000000
0.000000
0.000000
0.000000
0.000000
0.000000
0.000000
0.000000
0.000000
0.000000
0.000000
0.000000
0.000000
0.000000
0.000000
0.000000
0.000000
0.000000
0.000000
0.000000
0.000000
0.000000
0.000000
0.000000
0.000000
0.000000
0.000000
0.000000
0.000000
0.000000
0.000000
0.000000
0.000000
0.000000
0.000000
0.000000
0.000000
0.000000
0.000000
0.000000
0.000000
0.000000
0.000000
0.000000
0.000000
0.000000
0.000000
0.000000
0.000000
0.000000
0.000000
0.000000
0.000000
0.000000
0.000000
0.000000
0.000000
0.000000
0.000000
0.000000
0.000000
0.000000
0.000000
0.000000
0.000000
0.000000
0.000000
0.000000
0.000000
0.000000
0.000000
0.000000
0.000000
0.000000
0.000000
0.000000
0.000000
0.000000
0.000000
0.000000
0.000000
0.000000
0.000000
0.000000
0.000000
0.000000
0.000000
0.000000
0.000000
0.000000
0.000000
0.000000
0.000000
0.000000
0.000000
0.000000
0.000000
0.000000
0.000000
0.000000
0.000000
0.000000
0.000000
0.000000
0.000000
0.000000
0.000000
0.000000
0.000000
0.000000
0.000000
0.000000
0.000000
0.000000
0.000000
0.000000
0.000000
0.000000
0.000000
0.000000
0.000000
0.000000
0.000000
0.000000
0.000000
0.000000
0.000000
0.000000
0.000000
0.000000
0.000000
0.000000
0.000000
0.000000
0.000000
0.000000
0.000000
0.000000
0.000000
0.000000
0.000000
0.000000
0.000000
0.000000
0.000000
0.000000
0.000000
0.000000
0.000000
0.000000
0.000000
0.000000
0.000000
0.000000
0.000000
0.000000
0.000000
0.000000
0.000000
0.000000
0.000000
0.000000
0.000000
0.000000
0.000000
0.000000
0.000000
0.000000
0.000000
0.000000
0.000000
0.000000
0.000000
0.000000
0.000000
0.000000
0.000000
0.000000
0.000000
0.000000
0.000000
0.000000
0.000000
0.000000
0.000000
0.000000
0.000000
0.000000
0.000000
0.000000
0.000000
0.000000
0.000000
0.000000
0.000000
0.000000
0.000000
0.000000
0.000000
0.000000
0.000000
0.000000
0.000000
0.000000
0.000000
0.000000
0.000000
0.000000
0.000000
0.000000
0.000000
0.000000
0.000000
0.000000
0.000000
0.000000
0.000000
0.000000
0.000000
0.000000
0.000000
0.000000
0.000000
0.000000
0.000000
0.000000
0.000000
0.000000
0.000000
0.000000
0.000000
0.000000
0.000000
0.000000
0.000000
0.000000
0.000000
0.000000
0.000000
0.000000
0.000000
0.000000
0.000000
0.000000
0.000000
0.000000
0.000000
0.000000
0.000000
0.000000
0.000000
0.000000
0.000000
0.000000
0.000000
0.000000
0.000000
0.000000
0.000000
0.000000
0.000000
0.000000
0.000000
0.000000
0.000000
0.000000
0.000000
0.000000
0.000000
0.000000
0.000000
0.000000
0.000000
0.000000
0.000000
0.000000
0.000000
0.000000
0.000000
0.000000
0.000000
0.000000
0.000000
0.000000
0.000000
0.000000
0.000000
0.000000
0.000000
0.000000
0.000000
0.000000
0.000000
0.000000
0.000000
0.000000
0.000000
0.000000
0.000000
0.000000
0.000000
0.000000
0.000000
0.000000
0.000000
0.000000
0.000000
0.000000
0.000000
0.000000
0.000000
0.000000
0.000000
0.000000
0.000000
0.000000
0.000000
0.000000
0.000000
0.000000
0.000000
0.000000
0.000000
0.000000
0.000000
0.000000
0.000000
0.000000
0.000000
0.000000
0.000000
0.000000
0.000000
0.000000
0.000000
0.000000
0.000000
0.000000
0.000000
0.000000
0.000000
0.000000
0.000000
0.000000
0.000000
0.000000
0.000000
0.000000
0.000000
0.000000
0.000000
0.000000
0.000000
0.000000
0.000000
0.000000
0.000000
0.000000
0.000000
0.000000
0.000000
0.000000
0.000000
0.000000
0.000000
0.000000
0.000000
0.000000
0.000000
0.000000
0.000000
0.000000
0.000000
0.000000
0.000000
0.000000
