0.224347
0.616116
1.155217
1.727803
1.439836
1.831606
2.169800
1.771333
2.029164
1.727803
2.079391
2.119573
2.029164
2.119573
2.112876
2.122921
2.226723
2.263556
2.126270
2.236769
1.952150
2.414237
2.025816
2.096133
2.029164
2.015770
2.059300
2.119573
2.240117
2.102830
2.122921
2.146360
2.256859
2.457767
2.966732
2.551524
3.301578
3.636423
2.956687
4.198964
3.268093
3.803846
3.723483
3.957875
2.795961
4.185570
3.576151
4.098510
3.984663
4.945670
5.682330
4.071723
5.521604
4.219055
5.200152
3.515879
4.342948
4.892095
4.610824
6.020524
5.745951
5.119790
4.091813
4.885397
5.468029
5.113092
4.496976
3.318320
4.312812
4.681141
4.744762
4.610824
4.851913
4.882049
4.406568
6.043963
6.181250
6.258265
6.479262
4.165479
5.066214
3.100670
4.312811
4.801686
4.882049
4.959064
5.166668
5.106396
4.801686
4.744762
2.739037
4.667747
4.751459
4.805034
5.009290
5.106396
2.641932
4.892095
4.841867
4.955715
4.426659
4.326205
4.292720
4.373084
3.924390
4.105207
4.101859
3.713438
4.075071
4.383129
4.088465
3.904300
3.860770
3.870815
3.860770
4.008102
3.623030
3.833982
3.750271
3.335062
3.402031
3.418774
3.134155
2.926551
3.184381
2.976778
2.869627
2.886369
2.816051
2.725643
2.595053
2.554872
2.477858
2.280298
2.189890
2.153057
2.199936
2.035861
2.143012
1.911968
1.747894
2.015770
1.978938
1.988983
1.938756
2.029164
1.908620
1.891878
1.911968
1.958847
1.761288
1.811515
1.844999
2.059300
1.801469
1.898575
1.999028
1.513502
1.875135
1.704364
1.838302
2.199936
1.563729
2.186542
2.702204
1.942104
2.728992
2.993520
2.220026
2.692159
3.328366
2.692159
3.726831
2.755780
3.549363
4.604127
3.268093
3.840679
3.472349
3.710089
4.500325
3.793801
4.192267
3.988011
4.262585
4.567294
4.389826
4.771550
4.215706
4.801686
4.426659
4.567294
5.411105
4.851913
5.029381
5.267121
5.086305
5.303955
5.591922
5.692375
5.300606
5.518256
5.491468
5.695724
5.581876
5.605316
5.538346
5.380969
5.380969
5.260424
4.872004
4.855261
4.466840
4.882049
4.841867
4.778247
4.667747
4.627566
4.657702
4.563945
4.419962
4.882049
4.460144
4.855261
4.600779
4.573991
4.259236
4.235797
4.466840
4.332902
4.138692
2.960035
4.262585
4.433355
4.219055
4.450099
4.306115
4.547204
4.282675
4.172176
4.051631
4.242494
3.971269
3.961223
4.105207
3.864118
3.790452
3.763665
3.469000
3.643120
3.288184
3.452258
3.127458
3.432167
3.264745
3.157594
3.217866
3.013610
2.869627
3.003565
3.134155
3.083928
3.341759
3.003565
2.809355
2.986823
2.879672
3.037049
2.953338
2.980126
3.227912
3.207821
2.919853
2.826097
2.883021
3.127458
3.043747
3.060489
3.314971
3.546015
3.104019
3.308275
3.482394
3.495788
4.416614
3.448910
4.135344
3.505834
3.967920
4.044935
3.971269
3.874163
3.890906
3.830634
3.840679
3.787104
3.696695
3.602939
3.787104
3.753619
3.683301
3.676605
3.894254
3.556060
3.425471
3.519227
3.227912
3.110716
2.816051
3.432167
3.207821
3.077231
2.956687
3.391986
3.144200
2.852885
2.923202
2.949990
2.742386
2.779218
2.772522
2.585008
2.662023
2.524736
2.662023
2.896415
2.909808
2.755780
2.953338
2.839491
2.889718
2.990171
2.869627
2.986823
2.775870
2.936596
3.097322
2.929899
2.960035
2.755780
2.789264
2.759128
2.454418
2.769173
2.585008
2.829445
3.104019
2.672068
2.956687
2.939945
2.779218
3.147549
2.906460
3.110716
3.050443
2.836142
2.990171
2.909808
2.916505
2.996868
3.063837
3.047095
2.745734
2.886369
2.682113
2.708901
2.708901
2.688810
2.641932
2.816051
2.775870
2.913157
2.762476
2.832794
2.869627
3.137503
3.217866
3.489091
3.104019
3.974617
3.321668
3.552712
3.890906
3.716786
4.450099
3.941133
4.078420
4.533809
4.282675
5.133183
4.791641
4.815080
5.036078
4.734717
5.133183
5.350832
4.895443
4.915533
5.802874
5.414454
5.327394
5.468029
5.464681
4.952367
5.411105
4.995896
5.123137
4.851913
4.788292
5.186759
4.898791
5.042775
4.858610
4.748111
4.594082
4.513719
4.630915
4.430007
4.229100
4.342947
4.038238
3.817240
3.770362
3.656514
3.676605
3.612984
3.281487
3.465652
3.415425
3.127458
2.879672
2.893066
2.906460
2.625190
2.745734
2.531433
2.481206
2.571614
2.186542
2.303738
2.243466
2.089437
2.086088
1.978937
2.039210
2.035861
2.092785
2.002377
2.096133
2.099482
2.457767
2.544827
2.424282
2.364010
2.290344
2.374055
2.826097
2.467812
2.457767
2.427631
2.534781
2.755780
2.893066
2.846188
3.649817
3.130806
3.659863
4.363038
3.532621
4.028193
3.740226
4.533809
4.101859
3.937784
3.823937
3.760316
3.656514
3.549363
3.659863
3.485743
3.345108
3.773710
3.934436
4.473537
4.627566
4.095162
4.597430
4.754808
4.188918
2.953338
4.239145
4.651005
4.312812
3.840679
4.326205
4.383129
4.573991
4.142040
4.476886
4.486931
4.868655
4.476886
4.356341
4.490280
4.701232
4.349645
4.165480
4.296069
4.162131
4.088465
4.068374
3.803846
3.609636
3.422122
3.720135
3.288184
3.251351
3.234608
2.990171
2.883021
2.866278
2.732340
2.806006
2.638583
2.504645
2.250162
2.377404
2.149709
2.447721
1.151869
2.226723
2.089437
1.955498
1.952150
1.828257
1.891878
1.834954
1.751243
1.764636
1.911968
1.690970
1.948802
1.637395
1.838302
1.751243
1.791424
2.159754
1.757940
2.417585
1.476669
1.767985
2.059300
2.209981
2.886369
2.430979
2.765825
3.170988
2.973429
3.231260
3.455607
3.391986
4.520416
3.325017
4.540506
3.850725
3.910997
4.302766
3.730180
4.369735
4.319509
4.443401
4.503673
5.253727
4.671096
4.513719
4.965760
4.768201
4.774898
4.845216
4.731369
4.872004
4.855261
4.617521
4.647657
4.386477
3.880861
4.222403
4.031541
3.787104
4.078420
3.736877
4.028193
3.669908
4.105207
4.413265
4.185570
4.841867
4.309463
3.753619
5.009290
4.754808
5.508210
4.674445
4.476886
5.022684
5.327394
4.959064
4.794989
4.791641
4.751459
4.661051
4.925579
4.788292
4.627566
4.778247
4.460144
3.900951
4.142040
4.148737
4.048284
3.783755
3.857421
3.586196
3.663211
3.592893
3.445561
3.331713
3.231260
2.876324
2.949990
2.923202
2.595053
2.688810
2.675416
2.417585
2.504645
2.337222
2.300389
2.156406
2.323828
2.062649
2.102830
2.236768
2.176497
2.203284
2.052604
2.216678
2.045907
1.955498
1.995680
2.059300
2.002377
1.942104
2.089437
2.116224
2.129618
2.055952
2.126270
2.059300
2.025816
1.922014
2.065997
2.102831
1.978938
2.230072
2.009073
2.250163
2.119573
2.029164
2.015770
2.042558
1.915317
2.250162
1.978938
2.072694
2.045907
2.139663
2.132967
2.136315
2.149709
1.968892
2.012422
2.029164
2.009073
1.975589
2.116224
2.052604
2.139663
2.209981
2.099482
2.052603
2.002377
2.062649
2.079391
2.163102
2.042558
2.156406
2.132967
2.159754
2.082740
2.223375
2.072694
2.025816
2.039210
1.908620
2.072694
2.035861
2.196587
2.069346
2.189890
2.230072
2.153057
2.082740
2.052603
2.065997
2.045907
1.962195
2.032513
2.129618
2.042558
2.156406
2.159754
2.139663
1.995680
2.009074
2.049255
1.995680
1.945453
2.132966
2.153057
2.183193
2.179845
2.179845
2.149709
2.025816
2.102830
2.086088
2.156406
1.988983
1.975589
2.176497
2.062649
2.045907
2.062649
2.045907
2.062649
2.076043
2.049255
2.029164
2.173148
2.086088
2.079391
2.069346
2.169800
2.153057
1.965544
2.132967
1.925362
1.988983
2.009073
2.159754
1.995680
2.055952
2.106179
2.169800
1.999028
1.978938
2.005725
2.072694
2.045907
2.022468
1.975589
1.948802
1.932059
2.096133
1.932059
1.968892
1.771333
1.922014
1.851696
1.818212
1.888529
1.875135
1.198747
1.731152
2.186542
1.694319
1.928711
1.975589
1.992331
2.605099
2.260208
2.772522
2.497948
2.621841
2.551524
2.712249
2.548175
2.504645
2.538130
2.240117
2.464464
2.173148
2.343920
2.009073
2.136315
2.136315
2.119573
2.049255
1.945453
1.868438
1.861742
1.851696
1.922014
1.841651
1.901923
1.841651
1.473321
2.086088
1.841651
1.928711
1.942104
1.988983
2.049255
2.116224
2.260208
1.824908
2.032513
2.176497
2.122921
2.092785
2.106179
2.179845
1.878484
2.129618
1.992331
1.932059
1.881832
1.717758
1.319292
1.942104
1.285807
2.065997
1.426442
2.035861
1.875135
2.320480
2.176497
2.484555
3.291532
2.668720
3.435516
3.546015
3.060489
4.105207
2.946641
3.767013
3.227912
3.381940
3.700044
3.499136
3.669908
3.465652
3.445561
3.636423
3.566106
3.736877
3.566106
3.880861
3.860770
3.552712
3.817240
3.572803
3.991359
3.810543
3.703392
3.760316
3.897603
3.676605
3.636423
3.756968
3.368547
3.612984
3.455607
3.351805
3.157594
3.080580
3.167639
2.866278
2.929899
2.745734
2.715598
2.678765
2.585008
2.494600
2.397495
2.307086
2.384101
2.270253
2.179845
2.069346
2.129618
2.102830
1.982286
2.022468
2.082740
2.025816
1.948802
1.922014
2.092785
2.059300
2.042558
2.009074
1.925362
1.985634
1.945453
1.988983
2.009073
1.965544
2.012422
1.942105
1.982286
1.962195
1.891878
1.932059
1.767985
1.868438
1.958847
1.767985
1.868438
2.163102
1.958847
1.001188
1.670879
2.183193
1.506805
0.679737
0.375027
1.978938
2.397495
1.794772
2.132967
1.724455
1.701016
1.690970
2.554872
1.844999
1.932059
2.260208
1.456578
1.500108
1.690970
1.975589
1.687622
1.938756
2.457767
2.283647
1.781379
2.384101
0.686433
2.400843
1.607259
2.136315
2.400843
1.881832
1.831605
1.868439
2.380752
2.233420
1.784727
2.112876
1.898575
2.193239
1.962195
2.364010
2.122921
2.116224
1.942104
2.420934
1.690970
1.577123
2.116224
1.459927
1.707713
1.473321
1.490063
1.875135
1.905271
2.092785
2.173148
1.988983
1.449881
2.106179
2.233420
2.092785
1.590517
2.497948
1.978938
2.467812
2.055952
2.404191
2.444373
1.536941
2.581660
1.466624
1.155217
1.905272
1.557032
2.434328
2.397495
1.982286
2.357313
2.173148
2.615144
2.199936
2.126270
2.568266
2.270253
2.692159
2.454418
2.487903
3.104019
2.618493
3.874163
3.325017
2.990171
4.212358
2.996868
2.886369
2.782567
2.558220
2.883021
2.718946
3.760316
3.452258
4.858610
3.566106
3.184382
3.649817
3.636423
3.934436
3.442213
3.716786
3.633075
4.028193
5.494816
4.239145
4.108555
4.701232
3.643120
4.209009
4.403220
4.195615
4.657702
4.168828
4.805034
5.133183
4.286024
5.240334
4.446750
3.582848
4.265933
5.293909
4.567294
4.078419
3.994708
3.967921
4.979154
5.009290
4.272630
4.061677
4.547204
3.756968
3.981314
3.994708
3.991359
4.034890
3.884209
2.045907
2.608447
2.675416
3.325017
3.231260
3.114064
3.010262
3.047095
2.581660
2.648629
3.117413
2.906460
2.785915
2.668720
2.782567
2.558220
2.454418
2.605099
2.243466
2.223375
2.055952
2.303738
2.353965
2.176497
1.761288
1.325989
2.045907
2.253511
0.977749
2.638583
1.182005
1.419745
1.962195
1.670880
2.149709
1.868438
2.250163
1.962195
2.695507
2.065997
2.591705
1.908620
2.400843
2.494600
1.764636
2.705553
2.092785
2.206633
2.420934
2.601750
2.521387
2.785916
2.802658
3.150897
3.251351
3.110716
2.980126
1.901923
2.260208
3.371895
3.291532
3.117413
2.092785
2.484555
2.538130
2.303738
2.739037
0.000000
0.000000
0.000000
0.000000
0.000000
0.000000
0.000000
0.000000
0.000000
0.000000
0.000000
0.000000
0.000000
0.000000
0.000000
0.000000
0.000000
0.000000
0.000000
0.000000
0.000000
0.000000
0.000000
0.000000
0.000000
0.000000
0.000000
0.000000
0.000000
0.000000
0.000000
0.000000
0.000000
0.000000
0.000000
0.000000
0.000000
0.000000
0.000000
0.000000
0.000000
0.000000
0.000000
0.000000
0.000000
0.000000
0.000000
0.000000
0.000000
0.000000
0.000000
0.000000
0.000000
0.000000
0.000000
0.000000
0.000000
0.000000
0.000000
0.000000
0.000000
0.000000
0.000000
0.000000
0.000000
0.000000
0.000000
0.000000
0.000000
0.000000
0.000000
0.000000
0.000000
0.000000
0.000000
0.000000
0.000000
0.000000
0.000000
0.000000
0.000000
0.000000
0.000000
0.000000
0.000000
0.000000
0.000000
0.000000
0.000000
0.000000
0.000000
0.000000
0.000000
0.000000
0.000000
0.000000
0.000000
0.000000
0.000000
0.000000
0.000000
0.000000
0.000000
0.000000
0.000000
0.000000
0.000000
0.000000
0.000000
0.000000
0.000000
0.000000
0.000000
0.000000
0.000000
0.000000
0.000000
0.000000
0.000000
0.000000
0.000000
0.000000
0.000000
0.000000
0.000000
0.000000
0.000000
0.000000
0.000000
0.000000
0.000000
0.000000
0.000000
0.000000
0.000000
0.000000
0.000000
0.000000
0.000000
0.000000
0.000000
0.000000
0.000000
0.000000
0.000000
0.000000
0.000000
0.000000
0.000000
0.000000
0.000000
0.000000
0.000000
0.000000
0.000000
0.000000
0.000000
0.000000
0.000000
0.000000
0.000000
0.000000
0.000000
0.000000
0.000000
0.000000
0.000000
0.000000
0.000000
0.000000
0.000000
0.000000
0.000000
0.000000
0.000000
0.000000
0.000000
0.000000
0.000000
0.000000
0.000000
0.000000
0.000000
0.000000
0.000000
0.000000
0.000000
0.000000
0.000000
0.000000
0.000000
0.000000
0.000000
0.000000
0.000000
0.000000
0.000000
0.000000
0.000000
0.000000
0.000000
0.000000
0.000000
0.000000
0.000000
0.000000
0.000000
0.000000
0.000000
0.000000
0.000000
0.000000
0.000000
0.000000
0.000000
0.000000
0.000000
0.000000
0.000000
0.000000
0.000000
0.000000
0.000000
0.000000
0.000000
0.000000
0.000000
0.000000
0.000000
0.000000
0.000000
0.000000
0.000000
0.000000
0.000000
0.000000
0.000000
0.000000
0.000000
0.000000
0.000000
0.000000
0.000000
0.000000
0.000000
0.000000
0.000000
0.000000
0.000000
0.000000
0.000000
0.000000
0.000000
0.000000
0.000000
0.000000
0.000000
0.000000
0.000000
0.000000
0.000000
0.000000
0.000000
0.000000
0.000000
0.000000
0.000000
0.000000
0.000000
0.000000
0.000000
0.000000
0.000000
0.000000
0.000000
0.000000
0.000000
0.000000
0.000000
0.000000
0.000000
0.000000
0.000000
0.000000
0.000000
0.000000
0.000000
0.000000
0.000000
0.000000
0.000000
0.000000
0.000000
0.000000
0.000000
0.000000
0.000000
0.000000
0.000000
0.000000
0.000000
0.000000
0.000000
0.000000
0.000000
0.000000
0.000000
0.000000
0.000000
0.000000
0.000000
0.000000
0.000000
0.000000
0.000000
0.000000
0.000000
0.000000
0.000000
0.000000
0.000000
0.000000
0.000000
0.000000
0.000000
0.000000
0.000000
0.000000
0.000000
0.000000
0.000000
0.000000
0.000000
0.000000
0.000000
0.000000
0.000000
0.000000
0.000000
0.000000
0.000000
0.000000
0.000000
0.000000
0.000000
0.000000
0.000000
0.000000
0.000000
0.000000
0.000000
0.000000
0.000000
0.000000
0.000000
0.000000
0.000000
0.000000
0.000000
0.000000
0.000000
0.000000
0.000000
0.000000
0.000000
0.000000
0.000000
0.000000
0.000000
0.000000
0.000000
0.000000
0.000000
0.000000
0.000000
0.000000
0.000000
0.000000
0.000000
0.000000
0.000000
0.000000
0.000000
0.000000
0.000000
0.000000
0.000000
0.000000
0.000000
0.000000
0.000000
0.000000
0.000000
0.000000
0.000000
0.000000
0.000000
0.000000
0.000000
0.000000
0.000000
0.000000
0.000000
0.000000
0.000000
0.000000
0.000000
0.000000
0.000000
0.000000
0.000000
0.000000
0.000000
0.000000
0.000000
0.000000
0.000000
0.000000
0.000000
0.000000
0.000000
0.000000
0.000000
0.000000
0.000000
0.000000
0.000000
0.000000
0.000000
0.000000
0.000000
0.000000
0.000000
0.000000
0.000000
0.000000
0.000000
0.000000
0.000000
0.000000
0.000000
0.000000
0.000000
0.000000
0.000000
0.000000
0.000000
0.000000
0.000000
0.000000
0.000000
0.000000
0.000000
0.000000
0.000000
0.000000
0.000000
0.000000
0.000000
0.000000
0.000000
0.000000
0.000000
0.000000
0.000000
0.000000
0.000000
0.000000
0.000000
0.000000
0.000000
0.000000
0.000000
0.000000
0.000000
0.000000
0.000000
0.000000
0.000000
0.000000
0.000000
0.000000
0.000000
0.000000
0.000000
0.000000
0.000000
0.000000
0.000000
0.000000
0.000000
0.000000
0.000000
0.000000
0.000000
0.000000
0.000000
0.000000
0.000000
0.000000
0.000000
0.000000
0.000000
0.000000
0.000000
0.000000
0.000000
0.000000
0.000000
0.000000
0.000000
0.000000
0.000000
0.000000
0.000000
0.000000
0.000000
0.000000
0.000000
0.000000
0.000000
0.000000
0.000000
0.000000
0.000000
0.000000
0.000000
0.000000
0.000000
0.000000
0.000000
0.000000
0.000000
0.000000
0.000000
0.000000
0.000000
0.000000
0.000000
0.000000
0.000000
0.000000
0.000000
0.000000
0.000000
0.000000
0.000000
0.000000
0.000000
0.000000
0.000000
0.000000
0.000000
0.000000
0.000000
0.000000
0.000000
0.000000
0.000000
0.000000
0.000000
0.000000
0.000000
0.000000
0.000000
0.000000
0.000000
0.000000
0.000000
0.000000
0.000000
0.000000
0.000000
0.000000
0.000000
0.000000
0.000000
0.000000
0.000000
0.000000
0.000000
0.000000
0.000000
0.000000
0.000000
0.000000
0.000000
0.000000
0.000000
0.000000
0.000000
0.000000
0.000000
0.000000
0.000000
0.000000
0.000000
0.000000
0.000000
0.000000
0.000000
0.000000
0.000000
0.000000
0.000000
0.000000
0.000000
0.000000
0.000000
0.000000
0.000000
0.000000
0.000000
0.000000
0.000000
0.000000
0.000000
0.000000
0.000000
0.000000
0.000000
0.000000
0.000000
0.000000
0.000000
0.000000
0.000000
0.000000
0.000000
0.000000
0.000000
0.000000
0.000000
0.000000
0.000000
0.000000
0.000000
0.000000
0.000000
0.000000
0.000000
0.000000
0.000000
0.000000
0.000000
0.000000
0.000000
0.000000
0.000000
0.000000
0.000000
0.000000
0.000000
0.000000
0.000000
0.000000
0.000000
0.000000
0.000000
0.000000
0.000000
0.000000
0.000000
0.000000
0.000000
0.000000
0.000000
0.000000
0.000000
0.000000
0.000000
0.000000
0.000000
0.000000
0.000000
0.000000
0.000000
0.000000
0.000000
0.000000
0.000000
0.000000
0.000000
0.000000
0.000000
0.000000
0.000000
0.000000
0.000000
0.000000
0.000000
0.000000
0.000000
0.000000
0.000000
0.000000
0.000000
0.000000
0.000000
0.000000
0.000000
0.000000
0.000000
0.000000
0.000000
0.000000
0.000000
0.000000
0.000000
0.000000
0.000000
0.000000
0.000000
0.000000
0.000000
0.000000
0.000000
0.000000
0.000000
0.000000
0.000000
0.000000
0.000000
0.000000
0.000000
0.000000
0.000000
0.000000
0.000000
0.000000
0.000000
0.000000
0.000000
0.000000
0.000000
0.000000
0.000000
0.000000
0.000000
0.000000
0.000000
0.000000
0.000000
0.000000
0.000000
0.000000
0.000000
0.000000
0.000000
0.000000
0.000000
0.000000
0.000000
0.000000
0.000000
0.000000
0.000000
0.000000
0.000000
0.000000
0.000000
0.000000
0.000000
0.000000
0.000000
0.000000
0.000000
0.000000
0.000000
0.000000
0.000000
0.000000
0.000000
0.000000
0.000000
0.000000
0.000000
0.000000
0.000000
0.000000
0.000000
0.000000
0.000000
0.000000
0.000000
0.000000
0.000000
0.000000
0.000000
0.000000
0.000000
0.000000
0.000000
0.000000
0.000000
0.000000
0.000000
0.000000
0.000000
0.000000
0.000000
0.000000
0.000000
0.000000
0.000000
0.000000
0.000000
0.000000
0.000000
0.000000
0.000000
0.000000
0.000000
0.000000
0.000000
0.000000
0.000000
0.000000
0.000000
0.000000
0.000000
0.000000
0.000000
0.000000
0.000000
0.000000
0.000000
0.000000
0.000000
0.000000
0.000000
0.000000
0.000000
0.000000
0.000000
0.000000
0.000000
0.000000
0.000000
0.000000
0.000000
0.000000
0.000000
0.000000
0.000000
0.000000
0.000000
0.000000
0.000000
0.000000
0.000000
0.000000
0.000000
0.000000
0.000000
0.000000
0.000000
0.000000
0.000000
0.000000
0.000000
0.000000
0.000000
0.000000
0.000000
0.000000
0.000000
0.000000
0.000000
0.000000
0.000000
0.000000
0.000000
0.000000
0.000000
0.000000
0.000000
0.000000
0.000000
0.000000
0.000000
0.000000
0.000000
0.000000
0.000000
0.000000
0.000000
0.000000
0.000000
0.000000
0.000000
0.000000
0.000000
0.000000
0.000000
0.000000
0.000000
0.000000
0.000000
0.000000
0.000000
0.000000
0.000000
0.000000
0.000000
0.000000
0.000000
0.000000
0.000000
0.000000
0.000000
0.000000
0.000000
0.000000
0.000000
0.000000
0.000000
0.000000
0.000000
0.000000
0.000000
0.000000
0.000000
0.000000
0.000000
0.000000
0.000000
0.000000
0.000000
0.000000
0.000000
0.000000
0.000000
0.000000
0.000000
0.000000
0.000000
0.000000
0.000000
0.000000
0.000000
0.000000
0.000000
0.000000
0.000000
0.000000
0.000000
0.000000
0.000000
0.000000
0.000000
0.000000
0.000000
0.000000
0.000000
0.000000
0.000000
0.000000
0.000000
0.000000
0.000000
0.000000
0.000000
0.000000
0.000000
0.000000
0.000000
0.000000
0.000000
0.000000
0.000000
0.000000
0.000000
0.000000
0.000000
0.000000
0.000000
0.000000
0.000000
0.000000
0.000000
0.000000
0.000000
0.000000
0.000000
0.000000
0.000000
0.000000
0.000000
0.000000
0.000000
0.000000
0.000000
0.000000
0.000000
0.000000
0.000000
0.000000
0.000000
0.000000
0.000000
0.000000
0.000000
0.000000
0.000000
0.000000
0.000000
0.000000
0.000000
0.000000
0.000000
0.000000
0.000000
0.000000
0.000000
0.000000
0.000000
0.000000
0.000000
0.000000
0.000000
0.000000
0.000000
0.000000
0.000000
0.000000
0.000000
0.000000
0.000000
0.000000
0.000000
0.000000
0.000000
0.000000
0.000000
0.000000
0.000000
0.000000
0.000000
0.000000
0.000000
0.000000
0.000000
0.000000
0.000000
0.000000
0.000000
0.000000
0.000000
0.000000
0.000000
0.000000
0.000000
0.000000
0.000000
0.000000
0.000000
0.000000
0.000000
0.000000
0.000000
0.000000
0.000000
0.000000
0.000000
0.000000
0.000000
0.000000
0.000000
0.000000
0.000000
0.000000
0.000000
0.000000
0.000000
0.000000
0.000000
0.000000
0.000000
0.000000
0.000000
0.000000
0.000000
0.000000
0.000000
0.000000
0.000000
0.000000
0.000000
0.000000
0.000000
0.000000
0.000000
0.000000
0.000000
0.000000
0.000000
0.000000
0.000000
0.000000
0.000000
0.000000
0.000000
0.000000
0.000000
0.000000
0.000000
0.000000
0.000000
0.000000
0.000000
0.000000
0.000000
0.000000
0.000000
0.000000
0.000000
0.000000
0.000000
0.000000
0.000000
0.000000
0.000000
0.000000
0.000000
0.000000
0.000000
0.000000
0.000000
0.000000
0.000000
0.000000
0.000000
0.000000
0.000000
0.000000
0.000000
0.000000
0.000000
0.000000
0.000000
0.000000
0.000000
0.000000
0.000000
0.000000
0.000000
0.000000
0.000000
0.000000
0.000000
0.000000
0.000000
0.000000
0.000000
0.000000
0.000000
0.000000
0.000000
0.000000
0.000000
0.000000
0.000000
0.000000
0.000000
0.000000
0.000000
0.000000
0.000000
0.000000
0.000000
0.000000
0.000000
0.000000
0.000000
0.000000
0.000000
0.000000
0.000000
0.000000
0.000000
0.000000
0.000000
0.000000
0.000000
0.000000
0.000000
0.000000
0.000000
0.000000
0.000000
0.000000
0.000000
0.000000
0.000000
0.000000
0.000000
0.000000
0.000000
0.000000
0.000000
0.000000
0.000000
0.000000
0.000000
0.000000
0.000000
0.000000
0.000000
0.000000
0.000000
0.000000
0.000000
0.000000
0.000000
0.000000
0.000000
0.000000
0.000000
0.000000
0.000000
0.000000
0.000000
0.000000
0.000000
0.000000
0.000000
0.000000
0.000000
0.000000
0.000000
0.000000
0.000000
0.000000
0.000000
0.000000
0.000000
0.000000
0.000000
0.000000
0.000000
0.000000
0.000000
0.000000
0.000000
0.000000
0.000000
0.000000
0.000000
0.000000
0.000000
0.000000
0.000000
0.000000
0.000000
0.000000
0.000000
0.000000
0.000000
0.000000
0.000000
0.000000
0.000000
0.000000
0.000000
0.000000
0.000000
0.000000
0.000000
0.000000
0.000000
0.000000
0.000000
0.000000
0.000000
0.000000
0.000000
0.000000
0.000000
0.000000
0.000000
0.000000
0.000000
0.000000
0.000000
0.000000
0.000000
0.000000
0.000000
0.000000
0.000000
0.000000
0.000000
0.000000
0.000000
0.000000
0.000000
0.000000
0.000000
0.000000
0.000000
0.000000
0.000000
0.000000
0.000000
0.000000
0.000000
0.000000
0.000000
0.000000
0.000000
0.000000
0.000000
0.000000
0.000000
0.000000
0.000000
0.000000
0.000000
0.000000
0.000000
0.000000
0.000000
0.000000
0.000000
0.000000
0.000000
0.000000
0.000000
0.000000
0.000000
0.000000
0.000000
0.000000
0.000000
0.000000
0.000000
0.000000
0.000000
0.000000
0.000000
0.000000
0.000000
0.000000
0.000000
0.000000
0.000000
0.000000
0.000000
0.000000
0.000000
0.000000
0.000000
0.000000
0.000000
0.000000
0.000000
0.000000
0.000000
0.000000
0.000000
0.000000
0.000000
0.000000
0.000000
0.000000
0.000000
0.000000
0.000000
0.000000
0.000000
0.000000
0.000000
0.000000
0.000000
0.000000
0.000000
0.000000
0.000000
0.000000
0.000000
0.000000
0.000000
0.000000
0.000000
0.000000
0.000000
0.000000
0.000000
0.000000
0.000000
0.000000
0.000000
0.000000
0.000000
0.000000
0.000000
0.000000
0.000000
0.000000
0.000000
0.000000
0.000000
0.000000
0.000000
0.000000
0.000000
0.000000
0.000000
0.000000
0.000000
0.000000
0.000000
0.000000
0.000000
0.000000
0.000000
0.000000
0.000000
0.000000
0.000000
0.000000
0.000000
0.000000
0.000000
0.000000
0.000000
0.000000
0.000000
0.000000
0.000000
0.000000
0.000000
0.000000
0.000000
0.000000
0.000000
0.000000
0.000000
0.000000
0.000000
0.000000
0.000000
0.000000
0.000000
0.000000
0.000000
0.000000
0.000000
0.000000
0.000000
0.000000
0.000000
0.000000
0.000000
0.000000
0.000000
0.000000
0.000000
0.000000
0.000000
0.000000
0.000000
0.000000
0.000000
0.000000
0.000000
0.000000
0.000000
0.000000
0.000000
0.000000
0.000000
0.000000
0.000000
0.000000
0.000000
0.000000
0.000000
0.000000
0.000000
0.000000
0.000000
0.000000
0.000000
0.000000
0.000000
0.000000
0.000000
0.000000
0.000000
0.000000
0.000000
0.000000
0.000000
0.000000
0.000000
0.000000
0.000000
0.000000
0.000000
0.000000
0.000000
0.000000
0.000000
0.000000
0.000000
0.000000
0.000000
0.000000
0.000000
0.000000
0.000000
0.000000
0.000000
0.000000
0.000000
0.000000
0.000000
0.000000
0.000000
0.000000
0.000000
0.000000
0.000000
0.000000
0.000000
0.000000
0.000000
0.000000
0.000000
0.000000
0.000000
0.000000
0.000000
0.000000
0.000000
0.000000
0.000000
0.000000
0.000000
0.000000
0.000000
0.000000
0.000000
0.000000
0.000000
0.000000
0.000000
0.000000
0.000000
0.000000
0.000000
0.000000
0.000000
0.000000
0.000000
0.000000
0.000000
0.000000
0.000000
0.000000
0.000000
0.000000
0.000000
0.000000
0.000000
0.000000
0.000000
0.000000
0.000000
0.000000
0.000000
0.000000
0.000000
0.000000
0.000000
0.000000
0.000000
0.000000
0.000000
0.000000
0.000000
0.000000
0.000000
0.000000
0.000000
0.000000
0.000000
0.000000
0.000000
0.000000
0.000000
0.000000
0.000000
0.000000
0.000000
0.000000
0.000000
0.000000
0.000000
0.000000
0.000000
0.000000
0.000000
0.000000
0.000000
0.000000
0.000000
0.000000
0.000000
0.000000
0.000000
0.000000
0.000000
0.000000
0.000000
0.000000
0.000000
0.000000
0.000000
0.000000
0.000000
0.000000
0.000000
0.000000
0.000000
0.000000
0.000000
0.000000
0.000000
0.000000
0.000000
0.000000
0.000000
0.000000
0.000000
0.000000
0.000000
0.000000
0.000000
0.000000
0.000000
0.000000
0.000000
0.000000
0.000000
0.000000
0.000000
0.000000
0.000000
0.000000
0.000000
0.000000
0.000000
0.000000
0.000000
0.000000
0.000000
0.000000
0.000000
0.000000
0.000000
0.000000
0.000000
0.000000
0.000000
0.000000
0.000000
0.000000
0.000000
0.000000
0.000000
0.000000
0.000000
0.000000
0.000000
0.000000
0.000000
0.000000
0.000000
0.000000
0.000000
0.000000
0.000000
0.000000
0.000000
0.000000
0.000000
0.000000
0.000000
0.000000
0.000000
0.000000
0.000000
0.000000
0.000000
0.000000
0.000000
0.000000
0.000000
0.000000
0.000000
0.000000
0.000000
0.000000
0.000000
0.000000
0.000000
0.000000
0.000000
0.000000
0.000000
0.000000
0.000000
0.000000
0.000000
0.000000
0.000000
0.000000
0.000000
0.000000
0.000000
0.000000
0.000000
0.000000
0.000000
0.000000
0.000000
0.000000
0.000000
0.000000
0.000000
0.000000
0.000000
0.000000
0.000000
0.000000
0.000000
0.000000
0.000000
0.000000
0.000000
0.000000
0.000000
0.000000
0.000000
0.000000
0.000000
0.000000
0.000000
0.000000
0.000000
0.000000
0.000000
0.000000
0.000000
0.000000
0.000000
0.000000
0.000000
0.000000
0.000000
0.000000
0.000000
0.000000
0.000000
0.000000
0.000000
0.000000
0.000000
0.000000
0.000000
0.000000
0.000000
0.000000
0.000000
0.000000
0.000000
0.000000
0.000000
0.000000
0.000000
0.000000
0.000000
0.000000
0.000000
0.000000
0.000000
0.000000
0.000000
0.000000
0.000000
0.000000
0.000000
0.000000
0.000000
0.000000
0.000000
0.000000
0.000000
0.000000
0.000000
0.000000
0.000000
0.000000
0.000000
0.000000
0.000000
0.000000
0.000000
0.000000
0.000000
0.000000
0.000000
0.000000
0.000000
0.000000
0.000000
0.000000
0.000000
0.000000
0.000000
0.000000
0.000000
0.000000
0.000000
0.000000
0.000000
0.000000
0.000000
0.000000
0.000000
0.000000
0.000000
0.000000
0.000000
0.000000
0.000000
0.000000
0.000000
0.000000
0.000000
0.000000
0.000000
0.000000
0.000000
0.000000
0.000000
0.000000
0.000000
0.000000
0.000000
0.000000
0.000000
