0.237740
0.589328
1.048067
1.855045
1.111687
1.449881
1.419745
1.955498
1.670879
1.781379
2.035861
1.911968
1.988983
2.009073
1.794772
1.865090
1.764636
1.774682
1.697667
1.962195
2.092785
1.808166
1.851696
1.858393
1.694319
1.811515
1.898575
1.978938
1.855045
1.717758
1.968892
1.727803
1.982286
1.687622
1.928711
1.657486
2.045907
1.865090
1.935408
2.146360
1.972241
2.082740
2.233420
2.548175
2.665371
2.832794
2.735689
3.104019
4.162131
3.422122
4.359690
3.616333
4.717974
3.944481
4.684490
4.192267
4.430007
5.093001
2.795961
5.427847
4.687839
4.778246
4.707929
5.126486
4.781595
5.350832
5.263773
5.360878
5.990388
5.059517
5.725860
3.304926
5.776087
5.950207
6.054008
5.799526
6.057357
6.291749
6.402248
6.415642
7.657918
7.296286
6.345324
7.051849
4.989200
5.096350
4.861959
6.110932
5.514907
6.355370
6.003782
5.742602
6.154462
5.702420
5.896631
5.618709
3.800498
5.595270
5.109744
5.273818
5.260425
5.170016
4.942321
4.922231
4.617521
4.637612
4.433355
4.453446
4.316160
4.222403
3.971269
3.803846
3.623030
3.710089
3.676605
3.469001
3.385289
3.469001
3.321668
3.325017
3.083928
3.063837
2.946641
2.980126
3.016959
2.846188
2.886369
2.712250
2.662023
2.688810
2.484555
2.621841
2.511342
2.441025
2.427631
2.414237
2.333874
2.183193
1.975589
2.253511
2.106179
2.012422
2.059300
1.848348
2.099482
1.972241
2.276950
1.868438
2.561569
2.146360
2.263556
2.367358
2.538130
1.891878
1.620653
1.315943
2.735689
1.392958
1.988983
1.687622
2.119573
2.384101
2.183193
2.323828
2.290344
2.300389
2.357313
2.283647
2.270253
2.236768
2.404191
2.136315
2.491251
2.454418
2.735689
2.745734
2.896415
2.973429
3.147549
3.214518
3.482394
3.445561
3.415425
3.633075
3.847376
3.890906
4.105207
4.865307
4.815080
4.389826
4.336250
4.764853
5.186759
4.905488
5.514907
5.086305
5.414454
5.257076
4.905488
5.350832
5.518256
5.595270
5.645497
5.725860
5.779435
6.087493
5.514907
6.251568
6.124326
6.398899
5.799526
6.087493
6.318537
6.064054
6.037266
6.144416
6.482611
6.529489
6.472566
6.418991
6.475914
6.194643
6.321886
5.833010
6.074099
5.360878
5.685678
5.853101
5.143229
5.344136
5.116441
5.280515
4.634263
4.597430
4.694535
4.560597
4.453447
4.306114
4.175525
3.974617
4.001405
3.941133
3.736877
3.864118
3.626378
3.442213
3.569454
3.599590
3.241305
3.385289
3.549363
3.308275
3.378592
3.278139
3.110716
3.355153
3.271441
3.271441
3.080580
2.996868
2.400843
3.254699
2.986823
3.164291
3.050443
3.144200
3.860770
3.345108
3.860770
3.549363
4.152085
3.937784
4.339599
4.091813
4.148737
3.864118
4.111904
4.061677
3.867467
3.803846
3.797149
3.756968
3.937784
3.830634
3.679953
3.589545
3.633075
3.592893
3.298229
3.345108
3.271441
2.963384
3.181033
3.137503
3.000216
2.953338
2.799309
2.712250
2.782567
2.866278
2.497948
2.374055
2.605099
2.437676
2.444373
2.380752
2.387449
2.367358
2.307086
2.012422
2.213329
2.260208
2.226723
2.263556
2.243466
2.256859
2.129618
2.183193
2.109527
2.065997
2.230072
2.156406
2.082740
2.092785
1.922014
1.942104
1.945453
2.065997
2.045907
1.975589
2.072694
2.032513
2.032513
2.012422
2.029164
2.099482
2.072694
2.092785
2.086088
2.076043
2.119573
2.203284
2.206633
2.132966
2.072694
2.223375
2.183193
2.387449
1.667531
2.156406
2.203284
2.256859
2.179845
2.286995
2.009074
2.015770
2.169800
2.045907
2.096133
1.988983
1.958847
2.143012
2.069346
2.032513
1.945453
1.988983
1.901923
1.878484
2.025816
2.012422
2.062649
2.039210
2.032513
1.988983
1.982286
2.082740
2.042558
2.069346
2.166451
1.975589
2.009074
1.999028
1.982286
2.240117
2.183193
2.129618
2.139663
2.186542
2.323828
2.307086
2.789264
2.558220
2.765825
2.866278
2.980126
2.943293
3.331713
3.505833
3.341759
3.455607
3.525924
3.763665
4.095162
4.021495
4.128646
4.289372
4.734717
4.406568
4.584036
4.584036
5.099699
4.915534
5.005942
4.928927
5.190107
5.692375
5.166668
5.223591
5.260425
5.267122
5.156622
5.136532
4.573991
4.858610
4.714626
4.788292
4.630915
4.413265
4.386477
4.205661
4.001405
4.031541
3.991359
3.988011
3.820589
3.582848
3.546015
3.519227
3.398683
3.552712
3.304926
3.418774
3.325017
3.194427
3.073883
2.996868
2.939945
2.946641
2.889718
2.832794
2.544827
2.695507
2.655326
2.494600
2.635235
2.598402
2.471160
2.424282
2.253511
2.112876
2.283647
2.223375
2.029164
2.082740
1.985634
1.955498
1.988983
1.908620
1.975589
2.209981
2.313783
2.491251
2.983474
2.832794
3.120761
2.976778
3.003565
2.899763
2.896415
2.889717
2.893066
2.846188
3.063837
3.248003
3.830634
3.030353
3.947830
3.348456
4.493628
3.572803
4.118601
3.870815
4.018147
4.168828
4.359690
4.450099
4.999245
4.815080
4.182222
4.691187
4.597430
4.972457
5.729208
5.491468
5.019336
4.734717
5.303955
4.915533
4.815080
4.805035
4.724672
4.624218
4.768201
4.764853
4.791641
4.717975
4.537158
4.383129
4.185570
4.212358
4.239145
4.188918
3.787104
3.884209
4.068374
3.817240
3.857421
3.787104
3.559409
3.398683
3.351804
3.284835
3.335062
3.388638
3.144200
3.201124
3.194427
2.779218
2.919854
2.980126
2.732340
2.574963
1.935408
2.588356
1.553684
1.546987
2.568266
2.377404
2.313783
2.132967
2.735689
1.781379
1.466624
2.333874
1.848348
2.213329
1.764636
1.754591
1.533593
1.701016
2.541478
1.603910
1.526896
1.881832
1.988983
2.504645
1.801469
2.132967
2.022468
2.420934
2.220026
2.769173
2.826097
2.648629
2.849536
3.037049
3.134155
3.546015
3.418774
3.941133
3.726831
4.098510
3.696695
4.058329
3.827285
4.540506
4.024844
4.332902
4.316160
4.671096
4.982502
4.654354
4.898791
4.912185
4.620869
4.778246
4.895443
4.657702
4.979154
4.885397
4.895443
5.183410
6.234825
4.925579
4.483582
5.290561
5.682330
5.344136
5.273818
5.762692
5.223591
5.625406
5.280515
5.307303
5.652194
5.672285
5.012639
5.755996
5.685678
5.826313
5.635451
5.518256
3.917694
5.451286
5.491468
5.019336
5.193455
5.059517
4.701232
4.450099
3.656514
4.480234
4.570642
4.078420
4.081768
4.185570
3.669908
3.807194
3.418774
3.529273
3.224563
3.174336
3.207821
3.298229
2.970080
2.628538
3.053792
2.856233
1.667531
1.972241
1.647440
3.003565
2.333874
2.528084
1.995680
2.176497
2.504645
1.905272
2.186542
2.089437
2.096133
2.384101
2.119573
2.340571
2.293693
2.360662
0.914128
2.605099
2.250162
2.615144
2.447721
2.132967
2.270253
2.548175
2.323828
2.390798
2.444373
2.491251
2.816051
2.286995
2.364010
2.524736
2.384101
2.504645
2.484555
2.507993
2.109527
2.501297
2.005725
2.558220
2.434328
2.250162
2.404191
2.313783
2.323829
2.404191
2.387449
2.802658
2.193239
2.364010
2.323829
2.163103
2.414237
2.518039
2.159754
1.138475
1.637395
2.494600
2.076043
2.531433
2.444373
2.507993
2.303738
2.384101
2.360662
2.578311
2.387449
2.494600
2.350616
2.846188
2.451070
2.471161
2.357313
2.313783
2.203284
2.558220
2.143012
2.236768
2.243466
2.353965
2.491251
2.347268
2.534781
2.193239
2.424282
2.360662
2.685462
2.236768
2.410888
2.507993
2.407540
2.390798
2.353965
2.387449
2.410888
2.220026
2.233420
2.327177
2.169800
2.149709
2.159754
2.119573
2.065997
2.069346
2.143012
2.092785
2.086088
1.905272
2.009073
2.059300
2.065997
2.263556
1.965544
2.112876
2.055952
2.089437
2.086088
2.025816
2.183193
2.337222
2.444373
2.149709
2.434328
2.076043
1.824908
2.015770
2.688810
1.804818
2.159754
1.536941
1.831606
1.694319
1.747894
2.481206
1.811515
1.975589
2.092785
2.055952
2.196587
2.303738
2.471160
2.196587
2.163102
2.333874
2.420934
2.337222
2.568266
2.404191
2.370707
2.273602
2.243466
2.236768
2.176497
1.821560
2.323829
2.307086
2.511342
2.159754
2.407540
2.206633
2.263556
1.965544
2.360662
2.407540
2.079391
1.583820
1.925362
2.153057
1.657486
1.891878
1.962195
2.286995
2.122921
2.206633
2.511342
2.414237
2.514691
2.297041
2.735689
2.106179
2.544827
2.280298
2.347268
2.598402
2.601750
1.369519
0.063621
0.375027
2.534781
1.319292
1.121733
2.340571
1.426442
1.630698
1.761288
1.922014
2.310435
2.300389
2.471160
2.618493
2.548175
3.408728
2.896415
3.281487
3.318320
3.371895
3.706741
3.107367
4.620869
3.529273
4.051631
3.867467
4.152085
4.071723
4.021495
4.095162
3.954527
3.914345
4.041586
4.058329
3.870815
3.803846
3.348456
3.549363
3.602939
3.328366
3.402031
3.509182
3.237957
3.090625
3.070534
3.067186
3.077231
2.809355
3.080580
2.682113
2.598402
2.655326
2.595053
2.494600
2.323828
2.337222
2.243466
2.233420
2.353965
2.129618
2.089437
2.159754
2.186542
2.176497
2.143012
2.052604
1.978938
2.059300
1.757940
1.975589
2.062649
2.216678
2.042558
2.019119
2.153057
2.209981
2.022468
2.059300
2.159754
2.076043
2.518039
2.065997
2.286995
2.166451
1.965544
2.149709
2.069346
1.928711
1.948802
2.086088
2.189890
2.009073
2.220026
2.019119
2.260208
1.844999
2.019119
2.009073
1.804818
1.888529
1.834954
2.096133
1.617304
2.126270
1.798121
1.469972
1.563729
2.193239
1.272413
1.992331
1.717758
2.189890
2.079391
2.276950
2.256859
1.778030
1.687622
1.905271
2.417585
2.518039
1.506805
2.307086
1.620653
2.005725
1.878484
1.778030
1.751243
1.486714
1.925362
1.985634
2.283647
2.005725
2.678765
1.225535
2.826097
1.901923
2.949990
2.042558
2.775870
1.660834
1.259019
2.353965
2.380752
2.112876
1.680925
2.528084
1.510154
2.233420
1.724455
2.605099
1.182005
1.674228
2.795961
1.687622
2.893066
2.099482
2.605099
1.801469
1.935408
2.675416
1.834954
2.065997
2.139663
2.276950
2.832794
1.975589
2.434328
1.808166
2.447721
2.625189
1.684273
2.775870
1.851696
2.943293
1.721106
1.881832
2.367358
2.353965
2.333874
2.357313
2.578311
2.511342
2.410888
2.497948
2.437676
2.430979
2.581660
2.507993
2.668720
2.377404
2.598402
2.564918
2.728992
3.010262
2.538130
3.412076
2.437676
2.862930
2.872975
3.016959
4.286024
3.231260
3.746922
1.821560
3.998057
3.197776
4.111904
3.750271
4.031541
3.679953
4.500325
4.249191
4.500325
4.486931
4.453446
4.892095
4.359690
4.369735
5.019336
4.979154
4.630915
4.533809
4.346296
4.486931
4.577340
4.339599
4.446750
4.021495
4.175525
3.817240
3.897603
3.730180
3.532621
3.760316
3.351804
3.576151
3.479046
3.412076
3.194427
3.127458
2.939945
2.973429
2.876324
2.759128
2.829445
2.732340
2.752431
2.551524
2.484555
2.387449
2.457767
2.367358
2.203284
2.183193
2.153057
2.102830
2.122921
2.072694
2.079391
2.163103
2.173148
2.337222
2.504645
2.568266
2.548175
2.574963
2.551524
2.585008
2.420934
2.367358
2.397495
1.660834
2.253511
2.082740
2.364010
2.052604
1.640743
1.624001
2.434328
1.536942
2.005725
2.290344
1.801469
2.504645
1.992331
2.076043
2.343919
2.096133
2.558220
1.958847
2.065997
2.286995
2.497948
1.634047
2.598402
2.467812
1.978938
2.377404
1.999028
2.099482
1.988983
2.243466
2.270253
2.276950
2.263556
2.250162
2.116224
2.313783
2.206633
2.149709
2.186542
1.851696
2.076043
2.029164
1.992331
2.377404
1.968892
2.049255
1.938756
1.888529
2.015770
2.015770
2.236769
2.273602
2.276950
2.541478
2.511342
2.457767
2.534781
2.742385
2.675416
2.608447
2.862930
2.538130
2.708901
2.832794
2.578311
2.779218
2.631886
2.561569
2.437676
2.484555
2.457767
2.353965
1.885181
2.303738
2.297041
2.220026
2.283647
2.015771
2.042558
2.233420
2.052604
2.226723
2.243466
2.002377
2.380752
2.280298
2.307086
2.270253
1.915317
2.645280
2.400843
1.456578
1.707713
2.146360
1.834954
2.065997
2.256859
2.119573
2.293693
2.263556
2.206633
2.169800
2.092785
2.183193
2.112876
2.153057
2.102830
2.353965
2.307086
2.441025
2.156406
2.538130
2.742385
2.702204
2.762476
2.625190
2.574963
2.812703
2.688810
2.755780
2.571614
2.404191
2.548175
2.554872
2.538130
2.571614
2.414237
2.350616
2.216678
2.049255
2.203284
1.844999
2.199936
2.119573
2.216678
2.220026
1.808166
2.102830
1.798121
2.327177
2.578311
1.637395
2.119573
2.119573
2.397495
2.568266
1.744546
2.451070
1.831606
2.025816
2.216678
2.156406
2.213329
2.196587
2.320480
2.307086
2.487903
2.323828
2.377404
2.400843
2.631886
2.625189
2.601750
2.832794
2.906460
2.745734
2.903111
2.846188
2.631886
2.735689
2.792612
2.742385
2.829445
2.544827
2.544827
2.571614
2.564917
2.551524
2.474509
2.521387
2.477858
2.424282
2.119573
2.183193
2.076043
1.975589
2.002377
2.146360
2.196587
2.059300
2.323828
2.106179
2.528084
1.868438
1.791424
2.206633
2.009073
1.818212
2.330525
1.925362
1.918665
2.313783
2.163102
2.317132
2.136315
2.159754
2.357313
2.136315
2.220026
2.246814
2.119573
2.156406
2.183193
2.283647
2.092785
2.293693
2.236768
2.136315
2.263556
2.451070
2.521387
2.692159
2.615144
2.688810
2.615144
2.755780
2.725643
2.581660
2.434328
2.507993
2.491251
2.491251
2.364010
2.457767
2.370707
2.213329
2.146360
2.009073
2.159754
1.838302
2.049255
2.173148
1.798121
2.216678
1.711061
2.347268
2.343919
2.015771
2.166451
2.213329
2.300389
2.283647
2.293693
1.875135
1.878484
1.995680
2.153057
2.163102
2.276950
2.250162
2.196587
2.199936
2.230072
2.260208
2.146360
2.213329
2.327177
2.270253
2.394146
2.574963
2.491251
2.812703
2.956687
2.732340
3.063837
2.795961
2.461115
2.685462
2.785916
2.849536
2.451070
2.591705
2.611796
2.611796
2.457767
2.437676
2.417585
1.881832
2.183193
2.340571
2.129618
2.163103
1.992331
2.206632
2.065997
2.387449
2.102830
2.153057
1.888529
2.253511
2.367358
2.012422
2.491251
2.256859
1.824908
1.804818
2.109527
1.972241
1.888529
2.266905
2.052604
2.410888
2.270253
2.400843
2.256859
2.143012
2.189890
2.340571
2.193239
2.136315
2.260208
2.283647
2.236769
2.303738
2.434328
2.608447
2.625189
2.755780
2.601750
2.571614
2.762476
2.779218
2.682113
2.655326
2.591705
2.702204
2.625189
2.494600
2.501297
2.374055
2.400843
2.223375
2.223375
2.126270
2.065997
1.446533
2.119573
1.968892
2.196587
1.995680
2.390798
2.387449
2.149709
2.233420
1.915317
2.518039
1.841651
2.303738
2.631886
1.560381
2.585008
1.496760
1.413049
1.778030
1.928711
2.143012
2.243466
2.106179
2.330525
2.270253
2.183193
2.374055
2.266905
2.457767
2.430979
2.548175
2.581660
2.812703
2.662023
3.023656
2.986823
2.675416
2.826097
2.909808
2.822748
2.678765
2.739037
2.692159
2.564918
2.454418
2.611796
2.551523
2.400843
2.427631
2.374055
2.273602
2.347268
2.143012
2.240117
1.888529
1.858393
2.153057
1.942104
0.904083
2.273602
2.531433
1.751243
2.625190
1.503457
2.374055
1.985634
2.300389
1.988983
1.895226
2.220026
1.925362
2.601750
2.119573
2.186542
2.327177
2.457767
2.380752
2.106179
2.273602
2.337222
2.102831
2.176497
2.327177
2.189890
2.132967
2.169800
2.290344
2.206633
2.340571
2.564918
2.538130
2.792612
2.561569
2.675416
2.886369
2.682113
2.507993
2.484555
2.497948
2.645280
2.400843
2.387449
2.347268
2.407540
2.420934
2.263556
2.220026
2.213329
2.159754
2.005725
2.069346
2.109527
2.109527
1.885181
1.855045
2.206633
2.136315
1.898575
1.322640
2.099482
2.076043
2.601750
2.069346
1.988983
2.290344
2.002377
2.062649
2.179845
2.350616
2.320480
2.163103
2.390798
2.347268
2.253511
2.310435
2.223375
2.250162
2.330525
2.374055
2.538130
2.862930
2.879672
2.725643
2.856233
2.672068
2.782567
2.859581
2.819400
2.695507
2.852885
2.705553
2.471161
2.494600
1.185353
2.524736
2.531433
2.544827
2.367358
2.467812
2.122921
2.250162
2.092785
2.102830
2.186542
2.122921
1.875135
1.824908
2.246814
1.898575
2.203284
1.848348
2.019119
2.009073
2.216678
2.059300
2.126270
2.159754
2.173148
2.035861
2.223375
2.132967
2.327177
2.240117
2.343919
2.384101
2.451070
2.846188
2.685462
3.120761
3.479046
3.003565
3.663211
3.164291
3.542667
4.667748
3.676605
3.485743
3.535970
3.720135
4.202312
4.252539
5.062865
4.138691
4.694535
4.530461
4.430007
4.985851
4.543855
4.724672
5.082956
5.036078
5.026032
5.417802
5.149925
5.022684
5.973646
5.478074
5.628755
5.571831
6.107584
5.551740
5.782784
5.849752
5.926767
6.338627
5.792829
5.950206
6.067403
6.362067
5.983691
6.218083
6.107584
6.124326
5.970297
6.087493
5.591922
5.672285
5.427847
5.367575
5.290561
5.113092
4.945670
4.851913
4.426659
4.386477
4.312812
4.155434
3.984663
3.957875
3.800498
3.539318
3.763665
3.388638
2.718946
3.231260
2.534781
3.237957
3.338411
3.284835
2.651977
2.668720
3.502485
3.485743
3.599590
2.692158
1.305898
3.291532
3.160942
3.251351
3.144200
3.314971
3.177685
3.425471
3.251351
3.542667
3.311623
3.365198
3.368547
3.298229
3.227912
3.090625
3.224563
1.794772
3.281487
3.251351
3.294881
3.023656
3.187730
3.311623
3.087276
3.130806
3.207821
3.053792
2.926551
3.050443
2.839491
3.016959
2.688810
2.752431
2.665371
2.588356
2.551524
2.585008
2.548175
2.417585
2.370707
2.246814
2.310435
2.461115
2.578311
2.380752
2.307086
2.481206
2.360662
2.310435
2.313783
2.303738
2.236768
2.159754
2.266905
2.176497
2.226723
2.176497
2.156406
2.199936
2.246814
2.203284
2.076043
2.266905
2.122921
2.189890
2.273602
2.146360
2.193239
2.226723
2.136315
2.213329
2.213329
2.283647
2.424282
2.732340
3.114064
2.548175
2.973429
2.782567
3.398683
3.087276
3.716786
3.703392
3.522576
3.522576
0.000000
0.000000
0.000000
0.000000
0.000000
0.000000
0.000000
0.000000
0.000000
0.000000
0.000000
0.000000
0.000000
0.000000
0.000000
0.000000
0.000000
0.000000
0.000000
0.000000
0.000000
0.000000
0.000000
0.000000
0.000000
0.000000
0.000000
0.000000
0.000000
0.000000
0.000000
0.000000
0.000000
0.000000
0.000000
0.000000
0.000000
0.000000
0.000000
0.000000
0.000000
0.000000
0.000000
0.000000
0.000000
0.000000
0.000000
0.000000
0.000000
0.000000
0.000000
0.000000
0.000000
0.000000
0.000000
0.000000
0.000000
0.000000
0.000000
0.000000
0.000000
0.000000
0.000000
0.000000
0.000000
0.000000
0.000000
0.000000
0.000000
0.000000
0.000000
0.000000
0.000000
0.000000
0.000000
0.000000
0.000000
0.000000
0.000000
0.000000
0.000000
0.000000
0.000000
0.000000
0.000000
0.000000
0.000000
0.000000
0.000000
0.000000
0.000000
0.000000
0.000000
0.000000
0.000000
0.000000
0.000000
0.000000
0.000000
0.000000
0.000000
0.000000
0.000000
0.000000
0.000000
0.000000
0.000000
0.000000
0.000000
0.000000
0.000000
0.000000
0.000000
0.000000
0.000000
0.000000
0.000000
0.000000
0.000000
0.000000
0.000000
0.000000
0.000000
0.000000
0.000000
0.000000
0.000000
0.000000
0.000000
0.000000
0.000000
0.000000
0.000000
0.000000
0.000000
0.000000
0.000000
0.000000
0.000000
0.000000
0.000000
0.000000
0.000000
0.000000
0.000000
0.000000
0.000000
0.000000
0.000000
0.000000
0.000000
0.000000
0.000000
0.000000
0.000000
0.000000
0.000000
0.000000
0.000000
0.000000
0.000000
0.000000
0.000000
0.000000
0.000000
0.000000
0.000000
0.000000
0.000000
0.000000
0.000000
0.000000
0.000000
0.000000
0.000000
0.000000
0.000000
0.000000
0.000000
0.000000
0.000000
0.000000
0.000000
0.000000
0.000000
0.000000
0.000000
0.000000
0.000000
0.000000
0.000000
0.000000
0.000000
0.000000
0.000000
0.000000
0.000000
0.000000
0.000000
0.000000
0.000000
0.000000
0.000000
0.000000
0.000000
0.000000
0.000000
0.000000
0.000000
0.000000
0.000000
0.000000
0.000000
0.000000
0.000000
0.000000
0.000000
0.000000
0.000000
0.000000
0.000000
0.000000
0.000000
0.000000
0.000000
0.000000
0.000000
0.000000
0.000000
0.000000
0.000000
0.000000
0.000000
0.000000
0.000000
0.000000
0.000000
0.000000
0.000000
0.000000
0.000000
0.000000
0.000000
0.000000
0.000000
0.000000
0.000000
0.000000
0.000000
0.000000
0.000000
0.000000
0.000000
0.000000
0.000000
0.000000
0.000000
0.000000
0.000000
0.000000
0.000000
0.000000
0.000000
0.000000
0.000000
0.000000
0.000000
0.000000
0.000000
0.000000
0.000000
0.000000
0.000000
0.000000
0.000000
0.000000
0.000000
0.000000
0.000000
0.000000
0.000000
0.000000
0.000000
0.000000
0.000000
0.000000
0.000000
0.000000
0.000000
0.000000
0.000000
0.000000
0.000000
0.000000
0.000000
0.000000
0.000000
0.000000
0.000000
0.000000
0.000000
0.000000
0.000000
0.000000
0.000000
0.000000
0.000000
0.000000
0.000000
0.000000
0.000000
0.000000
0.000000
0.000000
0.000000
0.000000
0.000000
0.000000
0.000000
0.000000
0.000000
0.000000
0.000000
0.000000
0.000000
0.000000
0.000000
0.000000
0.000000
0.000000
0.000000
0.000000
0.000000
0.000000
0.000000
0.000000
0.000000
0.000000
0.000000
0.000000
0.000000
0.000000
0.000000
0.000000
0.000000
0.000000
0.000000
0.000000
0.000000
0.000000
0.000000
0.000000
0.000000
0.000000
0.000000
0.000000
0.000000
0.000000
0.000000
0.000000
0.000000
0.000000
0.000000
0.000000
0.000000
0.000000
0.000000
0.000000
0.000000
0.000000
0.000000
0.000000
0.000000
0.000000
0.000000
0.000000
0.000000
0.000000
0.000000
0.000000
0.000000
0.000000
0.000000
0.000000
0.000000
0.000000
0.000000
0.000000
0.000000
0.000000
0.000000
0.000000
0.000000
0.000000
0.000000
0.000000
0.000000
0.000000
0.000000
0.000000
0.000000
0.000000
0.000000
0.000000
0.000000
0.000000
0.000000
0.000000
0.000000
0.000000
0.000000
0.000000
0.000000
0.000000
0.000000
0.000000
0.000000
0.000000
0.000000
0.000000
0.000000
0.000000
0.000000
0.000000
0.000000
0.000000
0.000000
0.000000
0.000000
0.000000
0.000000
0.000000
0.000000
0.000000
0.000000
0.000000
0.000000
0.000000
0.000000
0.000000
0.000000
0.000000
0.000000
0.000000
0.000000
0.000000
0.000000
0.000000
0.000000
0.000000
0.000000
0.000000
0.000000
0.000000
0.000000
0.000000
0.000000
0.000000
0.000000
0.000000
0.000000
0.000000
0.000000
0.000000
0.000000
0.000000
0.000000
0.000000
0.000000
0.000000
0.000000
0.000000
0.000000
0.000000
0.000000
0.000000
0.000000
0.000000
0.000000
0.000000
0.000000
0.000000
0.000000
0.000000
0.000000
0.000000
0.000000
0.000000
0.000000
0.000000
0.000000
0.000000
0.000000
0.000000
0.000000
0.000000
0.000000
0.000000
0.000000
0.000000
0.000000
0.000000
0.000000
0.000000
0.000000
0.000000
0.000000
0.000000
0.000000
0.000000
0.000000
0.000000
0.000000
0.000000
0.000000
0.000000
0.000000
0.000000
0.000000
0.000000
0.000000
0.000000
0.000000
0.000000
0.000000
0.000000
0.000000
0.000000
0.000000
0.000000
0.000000
0.000000
0.000000
0.000000
0.000000
0.000000
0.000000
0.000000
0.000000
0.000000
0.000000
0.000000
0.000000
0.000000
0.000000
0.000000
0.000000
0.000000
0.000000
0.000000
0.000000
0.000000
0.000000
0.000000
0.000000
0.000000
0.000000
0.000000
0.000000
0.000000
0.000000
0.000000
0.000000
0.000000
0.000000
0.000000
0.000000
0.000000
0.000000
0.000000
0.000000
0.000000
0.000000
0.000000
0.000000
0.000000
0.000000
0.000000
0.000000
0.000000
0.000000
0.000000
0.000000
0.000000
0.000000
0.000000
0.000000
0.000000
0.000000
0.000000
0.000000
0.000000
0.000000
0.000000
0.000000
0.000000
0.000000
0.000000
0.000000
0.000000
0.000000
0.000000
0.000000
0.000000
0.000000
0.000000
0.000000
0.000000
0.000000
0.000000
0.000000
0.000000
0.000000
0.000000
0.000000
0.000000
0.000000
0.000000
0.000000
0.000000
0.000000
0.000000
0.000000
0.000000
0.000000
0.000000
0.000000
0.000000
0.000000
0.000000
0.000000
0.000000
0.000000
0.000000
0.000000
0.000000
0.000000
0.000000
0.000000
0.000000
0.000000
0.000000
0.000000
0.000000
0.000000
0.000000
0.000000
0.000000
0.000000
0.000000
0.000000
0.000000
0.000000
0.000000
0.000000
0.000000
0.000000
0.000000
0.000000
0.000000
0.000000
0.000000
0.000000
0.000000
0.000000
0.000000
0.000000
0.000000
0.000000
0.000000
0.000000
0.000000
0.000000
0.000000
0.000000
0.000000
0.000000
0.000000
0.000000
0.000000
0.000000
0.000000
0.000000
0.000000
0.000000
0.000000
0.000000
0.000000
0.000000
0.000000
0.000000
0.000000
0.000000
0.000000
0.000000
0.000000
0.000000
0.000000
0.000000
0.000000
0.000000
0.000000
0.000000
0.000000
0.000000
0.000000
0.000000
0.000000
0.000000
0.000000
0.000000
0.000000
0.000000
0.000000
0.000000
0.000000
0.000000
0.000000
0.000000
0.000000
0.000000
0.000000
0.000000
0.000000
0.000000
0.000000
0.000000
0.000000
0.000000
0.000000
0.000000
0.000000
0.000000
0.000000
0.000000
0.000000
0.000000
0.000000
0.000000
0.000000
0.000000
0.000000
0.000000
0.000000
0.000000
0.000000
0.000000
0.000000
0.000000
0.000000
0.000000
0.000000
0.000000
0.000000
0.000000
0.000000
0.000000
0.000000
0.000000
0.000000
0.000000
0.000000
0.000000
0.000000
0.000000
0.000000
0.000000
0.000000
0.000000
0.000000
0.000000
0.000000
0.000000
0.000000
0.000000
0.000000
0.000000
0.000000
0.000000
0.000000
0.000000
0.000000
0.000000
0.000000
0.000000
0.000000
0.000000
0.000000
0.000000
0.000000
0.000000
0.000000
0.000000
0.000000
0.000000
0.000000
0.000000
0.000000
0.000000
0.000000
0.000000
0.000000
0.000000
0.000000
0.000000
0.000000
0.000000
0.000000
0.000000
0.000000
0.000000
0.000000
0.000000
0.000000
0.000000
0.000000
0.000000
0.000000
0.000000
0.000000
0.000000
0.000000
0.000000
0.000000
0.000000
0.000000
0.000000
0.000000
0.000000
0.000000
0.000000
0.000000
0.000000
0.000000
0.000000
0.000000
0.000000
0.000000
0.000000
0.000000
0.000000
0.000000
0.000000
0.000000
0.000000
0.000000
0.000000
0.000000
0.000000
0.000000
0.000000
0.000000
0.000000
0.000000
0.000000
0.000000
0.000000
0.000000
0.000000
0.000000
0.000000
0.000000
0.000000
0.000000
0.000000
0.000000
0.000000
0.000000
0.000000
0.000000
0.000000
0.000000
0.000000
0.000000
0.000000
0.000000
0.000000
0.000000
0.000000
0.000000
0.000000
0.000000
0.000000
0.000000
0.000000
0.000000
0.000000
0.000000
0.000000
0.000000
0.000000
0.000000
0.000000
0.000000
0.000000
0.000000
0.000000
0.000000
0.000000
0.000000
0.000000
0.000000
0.000000
0.000000
0.000000
0.000000
0.000000
0.000000
0.000000
0.000000
0.000000
0.000000
0.000000
0.000000
0.000000
0.000000
0.000000
0.000000
0.000000
0.000000
0.000000
0.000000
0.000000
0.000000
0.000000
0.000000
0.000000
0.000000
0.000000
0.000000
0.000000
0.000000
0.000000
0.000000
0.000000
0.000000
0.000000
0.000000
0.000000
0.000000
0.000000
0.000000
0.000000
0.000000
0.000000
0.000000
0.000000
0.000000
0.000000
0.000000
0.000000
0.000000
0.000000
0.000000
0.000000
0.000000
0.000000
0.000000
0.000000
0.000000
0.000000
0.000000
0.000000
0.000000
0.000000
0.000000
0.000000
0.000000
0.000000
0.000000
0.000000
0.000000
0.000000
0.000000
0.000000
0.000000
0.000000
0.000000
0.000000
0.000000
0.000000
0.000000
0.000000
0.000000
0.000000
0.000000
0.000000
0.000000
0.000000
0.000000
0.000000
0.000000
0.000000
0.000000
0.000000
0.000000
0.000000
0.000000
0.000000
0.000000
0.000000
0.000000
0.000000
0.000000
0.000000
0.000000
0.000000
0.000000
0.000000
0.000000
0.000000
0.000000
0.000000
0.000000
0.000000
0.000000
0.000000
0.000000
0.000000
0.000000
0.000000
0.000000
0.000000
0.000000
0.000000
0.000000
0.000000
0.000000
0.000000
0.000000
0.000000
0.000000
0.000000
0.000000
0.000000
0.000000
0.000000
0.000000
0.000000
0.000000
0.000000
0.000000
0.000000
0.000000
0.000000
0.000000
0.000000
0.000000
0.000000
0.000000
0.000000
0.000000
0.000000
0.000000
0.000000
0.000000
0.000000
0.000000
0.000000
0.000000
0.000000
0.000000
0.000000
0.000000
0.000000
0.000000
0.000000
0.000000
0.000000
0.000000
0.000000
0.000000
0.000000
0.000000
0.000000
0.000000
0.000000
0.000000
0.000000
0.000000
0.000000
0.000000
0.000000
0.000000
0.000000
0.000000
0.000000
0.000000
0.000000
0.000000
0.000000
0.000000
0.000000
0.000000
0.000000
0.000000
0.000000
0.000000
0.000000
0.000000
0.000000
0.000000
0.000000
0.000000
0.000000
0.000000
0.000000
0.000000
0.000000
0.000000
0.000000
0.000000
0.000000
0.000000
0.000000
0.000000
0.000000
0.000000
0.000000
0.000000
0.000000
0.000000
0.000000
0.000000
0.000000
0.000000
0.000000
0.000000
0.000000
0.000000
0.000000
0.000000
0.000000
0.000000
0.000000
0.000000
0.000000
0.000000
0.000000
0.000000
0.000000
0.000000
0.000000
0.000000
0.000000
0.000000
0.000000
0.000000
0.000000
0.000000
0.000000
0.000000
0.000000
0.000000
0.000000
0.000000
0.000000
0.000000
0.000000
0.000000
0.000000
0.000000
0.000000
0.000000
0.000000
0.000000
0.000000
0.000000
0.000000
0.000000
0.000000
0.000000
0.000000
0.000000
0.000000
0.000000
0.000000
0.000000
0.000000
0.000000
0.000000
0.000000
0.000000
0.000000
0.000000
0.000000
0.000000
0.000000
0.000000
0.000000
0.000000
0.000000
0.000000
0.000000
0.000000
0.000000
