1.972241
1.764636
1.717758
1.788076
1.788076
1.898575
1.751243
1.844999
1.771333
1.731152
1.757940
1.794772
1.824908
1.871787
1.788076
1.814863
1.844999
1.988983
1.871787
1.771333
1.744545
1.788076
1.911968
1.794772
1.814863
1.811515
1.794772
1.901923
1.533593
1.868438
1.808166
1.905272
1.751243
1.898575
1.617304
1.855045
1.707713
1.871787
1.747894
1.824908
1.751243
1.915317
1.808166
1.764636
1.915317
1.922014
2.015770
1.828257
1.811515
1.831605
1.838302
1.818212
1.945453
1.945453
1.667531
1.911968
1.878484
1.942104
1.644092
1.814863
1.781379
1.901923
1.794772
2.015770
1.741197
1.701016
1.714409
1.747894
1.898575
1.868438
1.761288
1.771333
1.811515
1.737849
1.922014
1.875135
1.999028
1.824908
1.824908
1.808166
1.965544
1.761288
1.831606
1.841651
1.687622
1.747894
1.838302
1.567077
1.838302
1.828257
1.848348
1.855045
1.798121
1.834954
1.784727
1.737849
1.774682
1.801469
1.858393
1.798121
1.747894
1.754591
1.747894
1.811515
1.714409
1.814863
1.861742
1.788076
1.727803
2.032513
1.751243
1.865090
1.831606
1.771333
1.734500
1.774682
1.841651
1.767985
1.650789
1.992331
1.680925
1.744545
1.804818
1.871787
1.834954
1.731152
1.714409
1.727803
1.670880
1.794772
1.978938
1.992331
1.824908
1.751243
1.721106
1.781379
1.804818
1.684273
1.788076
1.818212
1.855045
1.784727
1.925362
1.690970
1.821560
1.794772
1.875135
1.791424
1.861742
1.767985
1.778030
1.945453
1.935408
1.865090
1.741197
1.798121
1.855045
1.724455
1.838302
1.918665
1.634047
1.834954
1.804818
1.788076
1.630698
1.721106
1.868438
1.794772
1.818212
1.617304
1.932059
1.781379
1.744545
2.015770
1.707713
1.891878
1.644092
1.711061
1.657486
1.838302
1.824908
1.818211
1.915317
1.734500
1.818211
1.744546
1.741197
1.965544
1.754591
1.885181
2.045907
1.888529
1.808166
1.781379
1.694319
1.657486
1.684273
1.824908
1.670880
1.821560
1.667531
1.674228
1.734500
1.647440
1.821560
1.791424
1.781379
1.858393
1.911968
1.808166
1.868438
1.751243
1.855045
1.627350
1.707713
1.781379
1.818212
1.680925
1.814863
1.851696
1.935408
1.818212
1.640743
1.794772
1.901923
1.908620
1.734500
1.928711
1.925362
1.587168
1.674228
1.687622
1.858393
1.794772
1.804818
1.630698
1.855045
1.881832
1.908620
1.727803
1.788076
1.731152
1.660834
1.747894
1.603910
1.814863
1.701016
1.721106
1.975589
1.731152
1.667531
1.811515
1.744545
1.734500
1.928711
1.841651
1.811515
1.801469
1.855045
1.791424
1.771333
1.794772
1.895226
1.727803
1.526896
1.767985
1.844999
1.814863
1.737849
1.737849
1.891878
1.895226
1.801469
1.838302
1.881832
1.764636
1.734500
1.982286
1.814863
1.774682
1.613956
1.962195
1.600562
1.684273
1.828257
1.701016
1.781379
1.727803
1.834954
1.778030
1.875135
1.677577
1.674228
1.888529
1.905272
2.039210
1.473321
1.858393
1.875135
1.841651
1.690970
1.871787
1.701016
1.650789
1.932059
1.714409
1.747894
1.764636
1.945453
1.794772
1.808166
1.727803
1.701016
1.861742
1.741197
1.898575
1.731152
1.932059
1.798121
1.717758
1.747894
1.674228
1.891878
1.590517
1.885181
1.737849
1.918665
1.911968
1.881832
1.891878
1.888529
1.788076
1.838302
1.808166
1.788076
2.035861
1.848348
1.844999
1.757939
1.754591
1.634047
1.670880
1.701016
1.814863
1.861742
1.687622
1.754591
1.707713
1.811515
1.915317
1.905272
1.617304
1.844999
1.871787
1.881832
1.935408
1.851696
1.851696
1.865090
1.821560
1.844999
1.788076
1.841651
1.781379
1.781379
1.811515
1.761288
1.788076
1.838302
1.922014
1.891878
1.898575
1.757940
1.818212
1.888529
1.667531
1.855045
1.875135
1.831605
1.747894
1.818212
1.808166
1.804818
1.771333
1.771333
1.824908
1.761288
1.754591
1.724455
1.751243
1.711061
1.640743
1.603910
1.701016
1.731152
1.731152
1.734500
1.701016
1.737849
2.002377
1.794772
1.717758
1.761288
1.443184
1.895226
1.757939
1.593865
1.737849
1.908620
1.871787
1.818211
1.834954
1.855045
1.834954
1.858393
1.878484
1.824908
1.861742
2.035861
1.798121
1.891878
1.851696
1.868438
1.821560
1.767985
1.878484
1.932059
1.885181
1.798121
1.915317
2.035861
2.005725
1.808166
1.844999
1.948802
1.684273
1.945453
1.634047
1.831606
1.841651
1.791424
1.905271
1.791424
1.965544
1.888529
1.684273
1.798121
1.791424
1.757940
2.025816
1.734500
1.701016
1.844999
1.761288
1.731152
1.644092
1.764636
1.788076
1.724455
1.677577
1.617304
1.791424
1.674228
1.697667
1.731152
2.129618
1.801469
1.908620
1.757939
1.804818
1.329337
1.530244
1.536941
1.654137
1.737849
1.992331
1.684273
1.948802
1.707713
1.895226
1.818212
1.985634
1.788076
1.788076
1.942104
1.908620
1.878484
1.851696
1.905272
1.838302
1.898575
1.721106
1.918665
1.808166
1.711061
2.032513
1.948802
1.788076
1.824908
1.885181
1.818212
1.764636
1.988983
1.828257
1.734500
1.814863
1.784727
1.530244
1.751243
1.761288
1.737849
2.022468
1.744546
1.804818
1.858393
1.861742
1.767985
1.871787
1.771333
1.734500
1.734500
1.761288
1.734500
1.717758
1.690970
1.690970
1.680925
1.610607
1.784727
1.684273
1.617304
1.878484
1.801469
1.610607
1.784727
1.734500
1.630698
1.717758
1.711061
1.801469
1.831606
1.948802
1.808166
1.868438
1.851696
1.858393
1.942104
2.042558
1.898575
1.831605
1.925362
1.754591
1.875135
1.814863
1.918665
1.811515
1.915317
1.848348
1.794772
1.747894
1.875135
1.761288
1.935408
1.851696
1.922014
1.888529
1.811515
1.801469
1.828257
1.704364
1.848348
1.694319
1.637395
1.978938
2.035861
1.918665
2.099482
1.650789
1.724455
1.778030
1.848348
1.781379
1.737849
1.945453
1.630698
1.801469
1.724455
1.781379
1.627350
1.567077
1.516851
1.654137
1.724455
1.704364
1.597213
1.717758
1.677577
1.654137
2.019119
2.029164
1.607259
1.657486
1.570426
1.731152
1.888529
1.851696
1.985634
1.855045
1.911968
1.811515
1.918665
1.841651
1.885181
1.848348
1.781379
1.828257
1.778030
1.932059
1.711061
1.861742
1.962195
1.771333
1.834954
1.848348
1.958847
1.935408
1.804818
1.573774
1.838302
1.942104
1.774682
1.724455
1.701016
1.831606
1.778030
1.774682
1.868438
1.898575
1.898575
1.724455
1.697667
1.848348
1.761288
1.761288
1.771333
1.828257
1.851696
1.841651
1.834954
1.778030
1.694319
1.801469
1.761288
1.751243
1.721106
1.680925
1.650789
1.734500
1.634047
1.650789
1.630698
1.724455
1.774682
2.116224
1.245626
1.999028
1.580471
1.503457
1.727803
1.664183
1.828257
1.831606
1.804818
2.052604
1.911968
1.838302
1.955498
1.871787
1.891878
1.814863
1.898575
1.801469
1.844999
1.654137
1.881832
1.958847
1.794772
1.794772
1.844999
1.861742
1.938756
1.828257
1.824908
1.858393
1.644092
2.012422
1.764636
1.674228
1.804818
1.831606
1.754591
1.798121
1.858393
1.828257
1.784727
1.590517
1.922014
1.938756
1.868438
1.640743
1.724455
1.757939
2.176497
1.848348
1.536941
1.794772
1.767985
1.677577
1.734500
1.741197
1.721106
1.670880
1.513502
1.613956
1.717758
1.684273
1.828257
1.493411
1.962195
1.901923
1.922014
1.704364
1.851696
1.503457
1.490063
1.667531
1.654137
1.838302
1.918665
1.875135
1.838302
1.905272
1.818211
1.895226
1.958847
1.784727
1.818212
1.851696
1.861742
1.988983
1.824908
1.727803
1.885181
1.875135
1.895226
2.022468
1.928711
1.734500
1.922014
1.600562
1.898575
1.804818
1.798121
1.838302
1.687622
1.932059
1.905272
1.667531
1.821560
1.788076
1.747894
1.831606
1.935408
1.824908
1.928711
1.680925
1.620653
1.824908
1.841651
1.932059
1.794772
1.922014
1.814863
1.898575
1.771333
1.664183
1.714409
1.707713
1.808166
1.613956
1.577123
1.744546
1.888529
1.583820
1.784727
1.844999
1.530244
1.721106
1.958847
1.366170
1.550335
1.670879
1.560381
1.828257
1.818211
1.788076
1.791424
1.955498
1.962195
1.885181
1.885181
1.875135
1.848348
1.895226
1.767985
1.938756
2.015770
1.988983
1.818212
1.918665
1.871787
2.049255
1.754591
1.664183
1.737849
1.788076
1.831605
1.828257
1.851696
1.855045
1.881832
1.680925
1.811515
1.804818
1.831606
1.717758
1.767985
1.704364
1.757939
1.868438
1.911968
1.878484
1.925362
1.734500
1.811515
1.788076
1.677577
1.841651
1.851696
1.922014
1.881832
1.945453
1.737849
1.674228
1.741197
1.701016
1.650789
1.624001
1.670879
1.727803
1.660834
1.767985
1.620653
1.791424
1.855045
1.798121
1.610607
1.597213
1.677577
1.821560
1.798121
1.724455
1.878484
1.794772
1.834954
1.851696
1.881832
1.972241
1.881832
1.868438
1.928711
1.824908
2.005725
1.727803
1.868438
1.744545
1.838302
1.734500
1.811515
1.764636
1.942104
1.838302
1.881832
1.704364
1.717758
1.965544
1.895226
1.771333
1.871787
1.721106
1.871787
1.858393
1.858393
1.778030
1.794772
1.764636
1.794772
1.932059
1.711061
1.808166
1.814863
1.898575
1.804818
1.828257
1.808166
1.767985
1.757939
1.804818
1.788076
1.942104
1.711061
1.647440
1.875135
1.597213
1.714409
1.824908
1.731152
1.824908
1.731152
1.767985
1.778030
1.922014
1.801469
1.764636
1.855045
1.858393
1.858393
1.855045
1.898575
1.764636
1.865090
1.811515
1.767985
1.824908
1.721106
1.731152
1.831605
1.838302
1.828257
1.875135
1.972241
1.808166
1.647440
1.757940
1.821560
1.640743
1.774682
1.834954
2.015770
1.737849
1.881832
1.784727
1.778030
1.868438
1.828257
1.848348
1.774682
1.771333
1.911968
1.741197
1.855045
1.891878
1.828257
1.824908
1.704364
1.737849
1.834954
1.670879
1.781379
2.002377
1.928711
1.731152
1.694319
1.767985
1.757939
1.781379
1.918665
1.844999
1.721106
1.794772
1.784727
1.724455
1.901923
1.871787
1.764636
1.794772
1.664183
1.674228
1.838302
1.767985
