0.267876
0.478829
0.947613
1.915317
0.974401
1.500108
1.560381
1.831605
1.567077
1.660834
1.935408
1.714409
1.891878
1.811515
2.042558
1.844999
1.851696
1.878484
1.999028
1.935408
1.891878
1.932059
2.380752
2.156406
2.364010
2.933247
2.772521
2.866278
3.425471
3.408728
3.944481
3.592893
4.352993
4.152085
4.165480
4.229100
4.225751
4.557249
4.466840
4.634263
4.584036
4.681141
5.072911
4.898791
5.488119
5.166668
5.548392
5.551740
5.869843
5.575179
5.601967
6.164507
5.665587
6.201341
6.080796
6.603156
6.589761
6.382157
5.749300
6.084144
6.375460
7.175742
6.948046
7.035106
7.684707
5.625406
5.347484
4.694535
5.595270
6.204689
5.816268
6.418991
5.588573
5.474726
5.990388
5.806223
5.277167
5.853101
4.503674
5.153274
5.314000
5.126486
5.139880
4.741414
4.838519
4.614172
4.778246
4.630915
4.192267
4.118601
4.212358
3.991359
4.058329
4.014799
3.777058
3.720135
3.669908
3.355153
3.616333
3.348456
3.241305
3.154245
3.197776
3.104019
2.973429
2.836142
2.899763
2.712250
2.913157
2.598402
2.655326
2.621841
2.544827
2.437676
2.518039
2.283647
2.390798
2.410888
2.065997
2.313783
2.089437
1.794772
2.069346
1.935408
2.055952
2.119573
2.099482
2.384101
2.163103
2.548175
2.263556
2.360662
2.139663
2.089437
2.196587
2.524736
1.697667
1.449881
1.741197
1.978938
2.149709
2.206633
2.189890
2.159754
2.357313
2.233420
2.290344
2.199936
2.250162
2.146360
2.350616
2.343919
2.320480
2.497948
2.651977
3.030353
2.819400
2.829445
3.552712
3.073883
3.666559
3.415425
3.904300
5.236986
3.981314
4.292721
4.178873
4.905488
5.039426
4.634263
5.990388
4.450099
5.300606
4.610824
4.878700
4.801686
4.419962
5.159971
5.300606
4.885397
5.233637
5.163319
5.200152
5.200152
5.548392
5.578528
5.689027
6.291749
6.090842
5.846405
6.037266
5.873192
6.131023
5.956903
5.635451
6.094190
6.064054
6.278355
6.783972
6.519444
6.576368
6.372112
6.167856
6.355370
6.033918
5.769390
6.017176
5.548392
5.719163
5.360878
5.394363
5.180061
4.955715
4.855261
4.513719
4.604127
4.490280
4.604127
4.219055
3.951178
4.011450
3.686650
4.034890
3.559409
3.710089
3.562757
3.646468
3.472349
3.144200
3.465652
3.237957
3.281487
3.381940
3.207821
2.916505
3.231260
3.304926
3.090625
3.090625
3.204473
3.097322
3.127458
3.278139
3.040398
3.077231
3.204473
3.201124
3.482394
3.402031
3.398683
4.322857
3.656514
4.041586
3.823937
3.529273
4.125298
3.864118
4.165479
3.606287
4.044935
3.897603
3.753619
3.907648
3.689999
3.870815
3.462303
3.743574
3.559409
3.351804
3.325017
3.579499
3.385289
3.378592
3.181033
3.221215
3.117413
3.154245
2.943293
2.822748
2.320480
2.809355
2.849536
2.477857
2.578311
2.451070
2.410888
2.893066
2.337222
2.494600
2.293693
2.196587
2.367358
2.173148
2.230072
2.183193
2.143012
2.186542
2.243466
2.052604
2.297041
2.216678
2.196587
2.206633
2.082740
1.995680
1.972241
2.072694
1.955498
2.079391
2.005725
2.035861
2.049255
2.159754
2.059300
2.029164
2.149709
2.065997
2.116224
1.942104
2.300389
2.189890
2.032513
2.293693
2.193239
2.173148
2.159754
2.199936
2.196587
2.357313
2.280298
2.256859
2.220026
2.176497
2.086088
2.059300
2.209981
2.062649
2.022468
2.112876
2.002377
1.999028
2.216678
1.942104
1.992331
1.999028
2.035861
2.035861
2.069346
2.022468
2.009074
2.002377
1.881832
2.049255
1.985634
2.079391
2.025816
1.965544
1.995680
2.025816
1.965544
1.965544
1.865090
2.052604
1.988983
2.139663
2.112876
2.220026
2.102830
2.183193
2.213329
2.327177
2.183193
2.564917
2.534781
2.936596
2.852885
2.893066
3.147549
2.806006
3.589545
3.127458
3.492440
3.777058
3.636423
4.594082
3.971269
4.905488
4.262585
4.095162
4.865307
4.456795
4.717975
5.206849
4.697884
4.938972
5.005942
4.875352
5.662240
5.712466
5.200152
5.206849
5.170016
5.190107
5.176713
4.905488
4.975805
4.882049
4.751459
4.567294
4.446750
4.413265
4.396523
4.202312
4.296069
3.954527
3.951178
3.910997
3.686650
3.519227
3.643120
3.448910
3.522576
3.241305
3.144200
2.956687
3.107367
2.946641
2.970081
2.973429
2.725643
2.889718
2.879672
2.692159
2.551523
2.588356
2.467812
2.430979
2.444373
2.447721
2.253511
2.337222
2.280298
2.183193
2.163102
2.079391
2.220026
2.086088
1.999028
2.019119
2.002377
1.999028
1.972241
1.972241
2.159754
2.263556
2.511342
3.177685
2.913157
3.100670
2.779218
2.996868
2.779218
2.849536
2.899763
2.812703
3.090625
3.127458
3.211170
3.807194
2.996868
3.961224
3.569454
4.573991
4.774899
4.316160
3.887558
4.644309
4.312812
5.123137
4.637611
5.280515
4.667747
4.493628
4.768201
5.072911
4.945669
5.545043
5.511559
5.223591
4.955715
4.898791
4.821777
4.761505
4.838519
4.761505
4.938972
4.637611
4.828474
4.473537
4.567294
4.105207
4.440053
4.476886
4.145389
4.272630
3.927739
3.612984
3.770362
3.947830
3.867467
3.499136
3.639772
3.546015
3.291532
3.187730
3.254699
3.043747
3.033701
3.177685
2.993520
3.117413
2.678765
2.792612
2.762476
2.792612
2.564917
2.256859
1.855045
2.554872
2.035861
2.310435
2.136315
2.384101
2.173148
2.307086
1.955498
2.032513
2.072694
2.199935
2.213329
2.129618
1.299201
1.449881
1.955498
2.263556
1.978938
2.079391
1.968892
2.564917
1.968892
2.109527
2.186542
2.223375
2.196587
2.300389
2.364010
2.300389
2.899763
2.792612
2.960035
3.371895
3.214518
3.840679
3.596242
3.864118
4.041586
4.279327
4.024844
3.763665
3.726831
4.915534
4.185570
4.664399
5.129835
4.430007
4.711277
4.828474
5.049472
5.002594
5.391014
5.290560
5.324045
5.374272
4.918882
5.478074
5.612013
5.009290
4.363038
6.720351
5.471377
5.712466
4.630915
5.749300
5.997085
6.171205
5.310651
5.504861
5.836359
5.675633
5.692375
5.504862
5.260424
5.518256
5.380969
5.273818
5.136532
5.093002
5.012639
4.657702
4.778247
4.483582
4.319509
4.671096
4.175525
3.847376
4.061677
3.773710
3.800498
3.669908
3.767013
3.599590
3.391986
3.224563
3.201124
3.224563
3.067186
3.057140
2.946641
2.829445
2.775870
2.518039
2.762476
1.567077
3.040398
2.491251
2.216678
2.119573
1.925362
2.216678
2.189890
2.122921
2.126270
2.343919
1.530244
2.173148
2.323828
2.179845
2.414237
2.266905
2.420934
2.454418
2.169800
2.059300
2.451070
1.654137
2.347268
2.286995
2.427631
2.323829
2.273602
2.367358
2.256859
2.441025
2.357313
2.370707
2.384101
2.343919
2.571614
2.330525
2.303738
2.216678
2.357313
2.183193
2.909808
2.233420
2.842839
2.163102
2.243466
2.236768
2.337222
2.203284
2.263556
2.246814
2.156406
2.551523
2.303738
2.183193
2.370707
2.491251
2.333874
2.387449
2.183193
2.357313
0.850508
1.496760
2.380752
2.477857
2.477857
2.528084
2.518039
2.541478
2.447721
2.390798
2.702204
2.340571
2.464464
2.240117
2.561569
2.384101
2.461115
2.340571
2.005725
2.230072
1.771333
2.390798
2.387449
2.303738
2.434328
2.387449
2.374055
2.256860
2.588356
2.143012
2.883021
2.320480
2.514691
2.407540
2.695507
2.434328
2.477857
2.437676
2.417585
2.417585
2.283647
2.256859
2.129618
2.276950
2.109527
2.109527
2.163102
2.082740
2.129618
1.948802
2.209981
2.146360
2.052604
2.209981
1.982286
1.942104
2.005725
2.009073
2.059300
1.982286
2.029164
2.233420
2.149709
2.220026
2.300389
2.203284
2.313783
1.975589
2.303738
2.129618
2.534781
1.701016
1.851696
2.203284
1.831606
1.469972
2.337222
1.610607
2.082740
1.962195
2.106179
2.300389
2.206633
2.327177
2.333874
2.317132
2.250162
2.377404
2.471161
2.531433
2.404191
2.400843
2.220026
2.380752
2.209981
2.153057
2.524736
1.480018
2.206633
2.022468
1.962195
2.340571
2.183193
2.233420
2.136315
1.945453
2.387449
2.015770
2.143012
1.577123
2.089437
1.593865
2.092785
1.744546
2.213329
1.955498
2.400843
2.092785
2.213329
2.564918
2.065997
2.223375
2.434328
2.380752
2.183193
2.477858
2.230072
2.313783
2.169800
1.449882
2.343919
1.583820
2.350616
1.577123
1.935408
2.541478
1.125081
1.958847
1.225535
1.620653
2.143012
1.905272
2.367358
2.283647
2.454418
2.980126
3.124110
2.929899
3.492440
3.134155
3.890906
3.381940
4.115252
3.696695
3.847376
4.296069
4.051631
3.924390
4.152085
4.054980
4.165480
4.182222
4.071723
3.870816
3.790452
3.760316
3.599590
3.321668
3.790452
3.546015
3.060489
3.325017
3.167639
3.167639
3.000216
3.083928
3.030353
2.903111
2.769173
2.672068
2.735689
2.708901
2.631886
2.487903
2.387449
2.199936
2.350616
2.313783
2.193239
2.293693
2.096133
2.132967
2.079391
2.025816
2.099482
2.045907
2.173148
2.163103
1.948802
1.958847
2.076043
2.009073
2.059300
1.901923
2.032513
1.995680
2.203284
2.072694
2.032513
2.136315
2.072694
2.213329
1.982286
2.273602
2.012422
2.049255
1.985634
2.323829
2.019119
1.962195
1.968892
1.908620
2.102830
2.029164
2.042558
1.972241
2.005725
2.049255
2.092785
2.059300
0.786887
1.560381
2.156406
1.215490
1.259019
1.543638
1.620653
2.601750
1.597214
1.851696
1.647440
2.327177
1.747894
2.015770
1.794773
2.233420
2.092785
1.982286
2.109527
2.045907
2.206633
1.543638
1.339382
1.690970
2.072694
1.259019
1.932059
2.209981
1.627350
1.694319
1.781379
2.169800
2.099482
2.230072
2.072694
2.256860
2.370707
2.307086
1.617304
1.838302
2.708901
1.262368
2.839491
2.534781
1.382912
2.662023
1.764636
1.503457
1.938756
1.560381
2.591705
1.409700
2.246814
1.560381
1.305898
2.377404
2.725643
1.496760
1.600562
3.107367
2.015770
1.238929
2.370707
1.975589
2.186542
2.427631
1.587168
2.250162
2.595053
2.303738
2.109527
1.808166
2.578311
1.955498
2.946641
1.868438
1.952150
3.284835
1.456578
2.303738
1.640743
1.654137
1.848348
2.454418
2.410888
2.283647
2.933248
2.578311
2.688810
2.645280
2.571614
2.353965
2.558220
2.866278
2.544827
3.120761
2.708901
3.057140
3.415425
2.518039
2.129618
3.117413
3.428819
3.170988
3.167639
4.496976
3.241305
4.078420
3.633075
3.917694
3.763665
4.808383
3.760316
4.182222
4.322857
4.637612
4.691187
4.493628
5.015987
4.681141
4.677793
4.892095
4.885397
4.945669
4.634263
4.771550
4.466840
4.406568
4.453446
3.924390
4.172176
3.780407
4.202312
3.733528
3.887558
3.767013
3.643120
3.559409
3.278139
3.361850
3.174336
3.063837
3.080580
3.077231
2.889718
2.859581
2.883021
2.591705
2.685462
2.518039
2.648629
2.514691
2.615144
2.524736
2.256859
2.240117
2.260208
2.163102
2.089437
2.065997
2.102831
2.106179
2.169800
2.360662
2.451070
2.538130
2.621841
2.554872
2.648629
2.541478
2.317132
2.404191
2.146360
2.347268
2.280298
2.193239
2.256860
2.407540
0.415209
2.099482
1.690970
0.991143
0.904083
2.209981
1.982286
1.500108
1.885181
1.858393
2.119573
2.069346
1.875135
2.869627
1.486715
2.601750
1.905272
2.708901
2.102830
2.364010
2.226723
2.226723
2.005725
2.122921
2.447721
2.122921
2.280298
2.293693
2.290344
2.367358
2.337222
2.337222
2.357313
2.159754
2.263556
2.420933
2.163103
2.156406
2.119573
1.928711
2.106179
2.347268
1.875135
2.457767
1.972241
2.019119
1.704364
2.132967
1.958847
2.380752
2.106179
2.343919
2.374055
2.601750
2.625190
2.588356
2.722295
2.832794
2.715598
2.762476
2.410888
2.551523
2.795961
2.708901
2.688810
2.665371
2.658674
2.507993
2.501297
2.370707
2.236768
2.605099
2.273602
2.283647
2.116224
2.119573
1.925362
2.062649
2.183193
2.226723
2.226723
2.159754
1.898575
2.012422
3.274790
1.325989
2.487903
1.630698
2.166451
1.362822
2.548175
1.329337
1.644092
2.059300
2.360662
2.029164
2.076043
2.186542
2.300389
2.230072
2.203284
2.313783
2.273602
2.481206
2.129618
2.260208
2.189890
2.417585
2.333874
2.320480
2.809355
2.447721
2.574963
2.558220
2.742385
2.739037
2.665371
2.581660
2.792612
2.437676
2.702204
2.444373
2.554872
2.541478
2.417585
2.427631
2.380752
2.333874
2.457767
2.266905
2.052604
2.129618
2.069346
2.179845
2.226723
2.353964
2.253511
1.687622
2.718946
1.587168
2.919854
1.905272
2.109527
0.984446
1.647440
1.824908
2.149709
1.992331
2.089437
2.397495
2.313783
2.260208
2.514691
2.350616
2.427631
2.414237
2.364010
2.394146
2.400843
2.310435
2.457767
2.471160
2.675416
2.775870
2.728992
2.879672
2.970080
2.856233
2.782567
2.739037
2.759128
2.762476
2.561569
2.769173
2.742385
2.668720
2.387449
2.430979
2.477857
2.410888
2.310435
2.317132
2.156406
1.875135
2.076043
2.029164
2.015770
2.042558
2.149709
2.317132
2.143012
1.808166
2.179845
2.404191
2.263556
2.173148
1.778030
2.404191
1.503457
2.015770
1.734500
1.925362
2.032513
2.069346
2.300389
2.149709
2.273602
2.220026
2.260208
2.240117
2.270253
2.116224
2.256859
2.193239
2.039210
2.099482
2.089437
2.384101
2.561569
2.444373
2.728992
2.826097
2.635235
2.561569
2.688810
2.725643
2.752431
2.534781
2.682113
2.564918
2.548175
2.163102
2.340571
2.364010
2.404191
1.690970
0.123893
1.811515
1.888529
2.122921
2.199936
2.149709
2.086088
2.591705
1.212141
2.360662
1.928711
2.062649
1.279110
2.260208
2.236768
2.350616
2.494600
2.216678
2.531433
2.029164
2.353965
2.153057
2.353965
2.273602
2.424282
2.467812
2.313783
2.317132
2.357313
2.266905
2.387449
2.451070
2.578311
2.755780
2.893066
2.775870
2.849536
2.896415
2.866278
2.986823
2.816051
2.802658
2.715598
2.822748
2.541478
2.909808
2.524736
2.625189
2.507993
2.397495
2.380752
2.055952
2.206633
2.283647
2.176497
2.196587
2.032513
2.199936
1.995680
2.230072
2.213329
2.099482
2.558220
2.397495
2.226723
1.891878
2.528084
1.962195
2.507994
1.905271
1.855045
1.928711
2.055952
2.096133
2.132966
2.310435
2.303738
2.286995
2.270253
2.169800
2.163102
2.310435
2.246814
2.129618
2.236768
2.220026
2.199936
2.464464
2.213329
2.437676
2.551523
2.782567
2.685462
2.658674
2.615144
2.665371
2.638583
2.641932
2.598402
2.518039
2.484555
2.521387
2.534781
2.507993
2.270253
2.263556
2.477858
2.132967
2.052603
2.032513
2.002377
2.052604
1.868438
2.307086
2.209981
1.269065
1.570426
2.367358
1.948802
2.628538
2.548175
1.841651
2.598402
1.731152
2.236769
1.513502
2.317132
2.447721
1.764636
1.416397
2.387449
2.153057
2.089437
2.086088
2.169800
2.122921
2.333874
2.313783
2.250162
2.340571
2.662023
2.628538
2.883021
2.782567
2.722295
2.956687
2.862930
2.739037
2.960035
2.739037
2.886369
2.628538
2.812703
2.655326
2.638583
2.591705
2.595053
2.631886
2.420934
2.300389
2.169800
2.236769
2.377404
2.220026
2.196587
2.029164
2.397495
2.441024
1.620653
2.524736
2.353965
2.079391
2.651977
1.409700
2.467812
1.567077
2.350616
2.377404
1.911968
2.353965
1.898575
2.528084
2.243466
2.394146
2.270253
2.397495
2.333874
2.270253
2.367358
2.374055
2.216678
2.313783
2.300389
2.156406
2.143012
2.390798
2.317132
2.367358
2.501297
2.441025
2.574963
2.692159
2.651977
2.608447
2.665371
2.682113
2.752431
2.494600
2.662023
2.434328
2.481206
2.541478
2.367358
2.209981
2.310435
2.250163
2.166451
2.397495
2.189890
1.942104
1.948802
1.945453
2.132967
2.410888
1.811515
1.814863
2.551523
2.062649
2.410888
1.624001
1.751243
2.337222
1.711061
2.347268
2.216678
2.092785
2.089437
2.106179
2.390798
2.360662
2.139663
2.360662
2.384101
2.193239
2.417585
2.196587
2.243466
2.340571
2.213329
2.497948
2.370707
2.779218
2.739037
2.765825
2.816051
2.752431
2.849536
2.725643
2.682113
2.571614
2.856233
2.585008
2.618493
2.621841
2.568266
2.387449
2.434328
2.424282
2.327177
2.266905
2.143012
2.062649
2.039210
1.985634
1.624001
2.049255
2.467812
2.055952
2.019119
2.089437
1.942104
1.925362
2.012422
1.958847
2.002377
2.246814
1.948802
2.092785
2.035861
1.955498
2.143012
2.173148
2.260208
2.179845
2.648629
2.360662
2.849536
2.672068
2.618493
2.682113
3.248003
3.124110
3.325017
3.214518
3.612984
3.469000
3.612984
3.703393
4.125298
3.810543
4.446750
4.182222
4.728020
4.048284
4.912185
4.664399
4.486931
5.200152
4.584036
4.597430
5.210197
4.982503
5.149925
5.538346
5.457983
5.387665
5.903328
5.745951
5.642148
5.528301
5.729208
5.605315
5.722511
5.766041
6.047312
6.120978
6.238173
6.167856
5.839707
6.338627
6.489307
5.789480
5.491468
6.077447
5.879889
6.147765
5.605316
5.742602
5.357530
5.555089
4.975805
4.898791
4.938972
4.764853
4.490280
4.490280
4.262585
4.272630
4.138691
3.917694
3.646469
3.743574
3.358501
2.826097
3.408728
3.244654
2.424282
2.795961
2.933248
2.390798
3.335062
3.579499
3.241305
3.221215
3.221215
3.170988
3.037050
3.237957
3.217866
3.027004
3.375244
3.181033
3.304926
3.311623
3.298229
3.150897
3.288184
3.160942
3.348456
3.093973
3.174336
3.090625
3.217866
3.087276
3.194427
3.104019
3.231260
3.231260
3.197776
2.929899
3.147549
3.170988
3.117413
2.966732
2.960035
2.819400
2.769173
2.842839
2.732340
2.641932
2.765825
2.521387
2.742385
2.531433
2.444373
2.471161
2.521387
2.497948
2.374055
2.303738
2.350616
2.317132
2.451070
2.397495
2.246814
2.514691
2.317132
2.364010
2.293693
2.243466
2.337222
2.297041
2.119573
2.303738
2.286995
2.119573
2.327177
2.086088
2.266905
2.109527
2.196587
2.347268
2.149709
2.193239
2.092785
2.136315
2.290344
2.183193
2.273602
2.374055
2.424282
2.571614
2.842839
2.785916
2.852885
3.562757
3.003565
3.746922
3.304926
4.292721
0.000000
0.000000
0.000000
0.000000
0.000000
0.000000
0.000000
0.000000
0.000000
0.000000
0.000000
0.000000
0.000000
0.000000
0.000000
0.000000
0.000000
0.000000
0.000000
0.000000
0.000000
0.000000
0.000000
0.000000
0.000000
0.000000
0.000000
0.000000
0.000000
0.000000
0.000000
0.000000
0.000000
0.000000
0.000000
0.000000
0.000000
0.000000
0.000000
0.000000
0.000000
0.000000
0.000000
0.000000
0.000000
0.000000
0.000000
0.000000
0.000000
0.000000
0.000000
0.000000
0.000000
0.000000
0.000000
0.000000
0.000000
0.000000
0.000000
0.000000
0.000000
0.000000
0.000000
0.000000
0.000000
0.000000
0.000000
0.000000
0.000000
0.000000
0.000000
0.000000
0.000000
0.000000
0.000000
0.000000
0.000000
0.000000
0.000000
0.000000
0.000000
0.000000
0.000000
0.000000
0.000000
0.000000
0.000000
0.000000
0.000000
0.000000
0.000000
0.000000
0.000000
0.000000
0.000000
0.000000
0.000000
0.000000
0.000000
0.000000
0.000000
0.000000
0.000000
0.000000
0.000000
0.000000
0.000000
0.000000
0.000000
0.000000
0.000000
0.000000
0.000000
0.000000
0.000000
0.000000
0.000000
0.000000
0.000000
0.000000
0.000000
0.000000
0.000000
0.000000
0.000000
0.000000
0.000000
0.000000
0.000000
0.000000
0.000000
0.000000
0.000000
0.000000
0.000000
0.000000
0.000000
0.000000
0.000000
0.000000
0.000000
0.000000
0.000000
0.000000
0.000000
0.000000
0.000000
0.000000
0.000000
0.000000
0.000000
0.000000
0.000000
0.000000
0.000000
0.000000
0.000000
0.000000
0.000000
0.000000
0.000000
0.000000
0.000000
0.000000
0.000000
0.000000
0.000000
0.000000
0.000000
0.000000
0.000000
0.000000
0.000000
0.000000
0.000000
0.000000
0.000000
0.000000
0.000000
0.000000
0.000000
0.000000
0.000000
0.000000
0.000000
0.000000
0.000000
0.000000
0.000000
0.000000
0.000000
0.000000
0.000000
0.000000
0.000000
0.000000
0.000000
0.000000
0.000000
0.000000
0.000000
0.000000
0.000000
0.000000
0.000000
0.000000
0.000000
0.000000
0.000000
0.000000
0.000000
0.000000
0.000000
0.000000
0.000000
0.000000
0.000000
0.000000
0.000000
0.000000
0.000000
0.000000
0.000000
0.000000
0.000000
0.000000
0.000000
0.000000
0.000000
0.000000
0.000000
0.000000
0.000000
0.000000
0.000000
0.000000
0.000000
0.000000
0.000000
0.000000
0.000000
0.000000
0.000000
0.000000
0.000000
0.000000
0.000000
0.000000
0.000000
0.000000
0.000000
0.000000
0.000000
0.000000
0.000000
0.000000
0.000000
0.000000
0.000000
0.000000
0.000000
0.000000
0.000000
0.000000
0.000000
0.000000
0.000000
0.000000
0.000000
0.000000
0.000000
0.000000
0.000000
0.000000
0.000000
0.000000
0.000000
0.000000
0.000000
0.000000
0.000000
0.000000
0.000000
0.000000
0.000000
0.000000
0.000000
0.000000
0.000000
0.000000
0.000000
0.000000
0.000000
0.000000
0.000000
0.000000
0.000000
0.000000
0.000000
0.000000
0.000000
0.000000
0.000000
0.000000
0.000000
0.000000
0.000000
0.000000
0.000000
0.000000
0.000000
0.000000
0.000000
0.000000
0.000000
0.000000
0.000000
0.000000
0.000000
0.000000
0.000000
0.000000
0.000000
0.000000
0.000000
0.000000
0.000000
0.000000
0.000000
0.000000
0.000000
0.000000
0.000000
0.000000
0.000000
0.000000
0.000000
0.000000
0.000000
0.000000
0.000000
0.000000
0.000000
0.000000
0.000000
0.000000
0.000000
0.000000
0.000000
0.000000
0.000000
0.000000
0.000000
0.000000
0.000000
0.000000
0.000000
0.000000
0.000000
0.000000
0.000000
0.000000
0.000000
0.000000
0.000000
0.000000
0.000000
0.000000
0.000000
0.000000
0.000000
0.000000
0.000000
0.000000
0.000000
0.000000
0.000000
0.000000
0.000000
0.000000
0.000000
0.000000
0.000000
0.000000
0.000000
0.000000
0.000000
0.000000
0.000000
0.000000
0.000000
0.000000
0.000000
0.000000
0.000000
0.000000
0.000000
0.000000
0.000000
0.000000
0.000000
0.000000
0.000000
0.000000
0.000000
0.000000
0.000000
0.000000
0.000000
0.000000
0.000000
0.000000
0.000000
0.000000
0.000000
0.000000
0.000000
0.000000
0.000000
0.000000
0.000000
0.000000
0.000000
0.000000
0.000000
0.000000
0.000000
0.000000
0.000000
0.000000
0.000000
0.000000
0.000000
0.000000
0.000000
0.000000
0.000000
0.000000
0.000000
0.000000
0.000000
0.000000
0.000000
0.000000
0.000000
0.000000
0.000000
0.000000
0.000000
0.000000
0.000000
0.000000
0.000000
0.000000
0.000000
0.000000
0.000000
0.000000
0.000000
0.000000
0.000000
0.000000
0.000000
0.000000
0.000000
0.000000
0.000000
0.000000
0.000000
0.000000
0.000000
0.000000
0.000000
0.000000
0.000000
0.000000
0.000000
0.000000
0.000000
0.000000
0.000000
0.000000
0.000000
0.000000
0.000000
0.000000
0.000000
0.000000
0.000000
0.000000
0.000000
0.000000
0.000000
0.000000
0.000000
0.000000
0.000000
0.000000
0.000000
0.000000
0.000000
0.000000
0.000000
0.000000
0.000000
0.000000
0.000000
0.000000
0.000000
0.000000
0.000000
0.000000
0.000000
0.000000
0.000000
0.000000
0.000000
0.000000
0.000000
0.000000
0.000000
0.000000
0.000000
0.000000
0.000000
0.000000
0.000000
0.000000
0.000000
0.000000
0.000000
0.000000
0.000000
0.000000
0.000000
0.000000
0.000000
0.000000
0.000000
0.000000
0.000000
0.000000
0.000000
0.000000
0.000000
0.000000
0.000000
0.000000
0.000000
0.000000
0.000000
0.000000
0.000000
0.000000
0.000000
0.000000
0.000000
0.000000
0.000000
0.000000
0.000000
0.000000
0.000000
0.000000
0.000000
0.000000
0.000000
0.000000
0.000000
0.000000
0.000000
0.000000
0.000000
0.000000
0.000000
0.000000
0.000000
0.000000
0.000000
0.000000
0.000000
0.000000
0.000000
0.000000
0.000000
0.000000
0.000000
0.000000
0.000000
0.000000
0.000000
0.000000
0.000000
0.000000
0.000000
0.000000
0.000000
0.000000
0.000000
0.000000
0.000000
0.000000
0.000000
0.000000
0.000000
0.000000
0.000000
0.000000
0.000000
0.000000
0.000000
0.000000
0.000000
0.000000
0.000000
0.000000
0.000000
0.000000
0.000000
0.000000
0.000000
0.000000
0.000000
0.000000
0.000000
0.000000
0.000000
0.000000
0.000000
0.000000
0.000000
0.000000
0.000000
0.000000
0.000000
0.000000
0.000000
0.000000
0.000000
0.000000
0.000000
0.000000
0.000000
0.000000
0.000000
0.000000
0.000000
0.000000
0.000000
0.000000
0.000000
0.000000
0.000000
0.000000
0.000000
0.000000
0.000000
0.000000
0.000000
0.000000
0.000000
0.000000
0.000000
0.000000
0.000000
0.000000
0.000000
0.000000
0.000000
0.000000
0.000000
0.000000
0.000000
0.000000
0.000000
0.000000
0.000000
0.000000
0.000000
0.000000
0.000000
0.000000
0.000000
0.000000
0.000000
0.000000
0.000000
0.000000
0.000000
0.000000
0.000000
0.000000
0.000000
0.000000
0.000000
0.000000
0.000000
0.000000
0.000000
0.000000
0.000000
0.000000
0.000000
0.000000
0.000000
0.000000
0.000000
0.000000
0.000000
0.000000
0.000000
0.000000
0.000000
0.000000
0.000000
0.000000
0.000000
0.000000
0.000000
0.000000
0.000000
0.000000
0.000000
0.000000
0.000000
0.000000
0.000000
0.000000
0.000000
0.000000
0.000000
0.000000
0.000000
0.000000
0.000000
0.000000
0.000000
0.000000
0.000000
0.000000
0.000000
0.000000
0.000000
0.000000
0.000000
0.000000
0.000000
0.000000
0.000000
0.000000
0.000000
0.000000
0.000000
0.000000
0.000000
0.000000
0.000000
0.000000
0.000000
0.000000
0.000000
0.000000
0.000000
0.000000
0.000000
0.000000
0.000000
0.000000
0.000000
0.000000
0.000000
0.000000
0.000000
0.000000
0.000000
0.000000
0.000000
0.000000
0.000000
0.000000
0.000000
0.000000
0.000000
0.000000
0.000000
0.000000
0.000000
0.000000
0.000000
0.000000
0.000000
0.000000
0.000000
0.000000
0.000000
0.000000
0.000000
0.000000
0.000000
0.000000
0.000000
0.000000
0.000000
0.000000
0.000000
0.000000
0.000000
0.000000
0.000000
0.000000
0.000000
0.000000
0.000000
0.000000
0.000000
0.000000
0.000000
0.000000
0.000000
0.000000
0.000000
0.000000
0.000000
0.000000
0.000000
0.000000
0.000000
0.000000
0.000000
0.000000
0.000000
0.000000
0.000000
0.000000
0.000000
0.000000
0.000000
0.000000
0.000000
0.000000
0.000000
0.000000
0.000000
0.000000
0.000000
0.000000
0.000000
0.000000
0.000000
0.000000
0.000000
0.000000
0.000000
0.000000
0.000000
0.000000
0.000000
0.000000
0.000000
0.000000
0.000000
0.000000
0.000000
0.000000
0.000000
0.000000
0.000000
0.000000
0.000000
0.000000
0.000000
0.000000
0.000000
0.000000
0.000000
0.000000
0.000000
0.000000
0.000000
0.000000
0.000000
0.000000
0.000000
0.000000
0.000000
0.000000
0.000000
0.000000
0.000000
0.000000
0.000000
0.000000
0.000000
0.000000
0.000000
0.000000
0.000000
0.000000
0.000000
0.000000
0.000000
0.000000
0.000000
0.000000
0.000000
0.000000
0.000000
0.000000
0.000000
0.000000
0.000000
0.000000
0.000000
0.000000
0.000000
0.000000
0.000000
0.000000
0.000000
0.000000
0.000000
0.000000
0.000000
0.000000
0.000000
0.000000
0.000000
0.000000
0.000000
0.000000
0.000000
0.000000
0.000000
0.000000
0.000000
0.000000
0.000000
0.000000
0.000000
0.000000
0.000000
0.000000
0.000000
0.000000
0.000000
0.000000
0.000000
0.000000
0.000000
0.000000
0.000000
0.000000
0.000000
0.000000
0.000000
0.000000
0.000000
0.000000
0.000000
0.000000
0.000000
0.000000
0.000000
0.000000
0.000000
0.000000
0.000000
0.000000
0.000000
0.000000
0.000000
0.000000
0.000000
0.000000
0.000000
0.000000
0.000000
0.000000
0.000000
0.000000
0.000000
0.000000
0.000000
0.000000
0.000000
0.000000
0.000000
0.000000
0.000000
0.000000
0.000000
0.000000
0.000000
0.000000
0.000000
0.000000
0.000000
0.000000
0.000000
0.000000
0.000000
0.000000
0.000000
0.000000
0.000000
0.000000
0.000000
0.000000
0.000000
0.000000
0.000000
0.000000
0.000000
0.000000
0.000000
0.000000
0.000000
0.000000
0.000000
0.000000
0.000000
0.000000
0.000000
0.000000
0.000000
0.000000
0.000000
0.000000
0.000000
0.000000
0.000000
0.000000
0.000000
0.000000
0.000000
0.000000
0.000000
0.000000
0.000000
0.000000
0.000000
0.000000
0.000000
0.000000
0.000000
0.000000
0.000000
0.000000
0.000000
0.000000
0.000000
0.000000
0.000000
0.000000
0.000000
0.000000
0.000000
0.000000
0.000000
0.000000
0.000000
0.000000
0.000000
0.000000
0.000000
0.000000
0.000000
0.000000
0.000000
0.000000
0.000000
0.000000
0.000000
0.000000
0.000000
0.000000
0.000000
0.000000
0.000000
0.000000
0.000000
0.000000
0.000000
0.000000
0.000000
0.000000
0.000000
0.000000
0.000000
0.000000
0.000000
0.000000
0.000000
0.000000
0.000000
0.000000
0.000000
0.000000
0.000000
0.000000
0.000000
0.000000
0.000000
0.000000
0.000000
0.000000
0.000000
0.000000
0.000000
0.000000
0.000000
0.000000
0.000000
0.000000
0.000000
0.000000
0.000000
0.000000
0.000000
0.000000
0.000000
0.000000
0.000000
0.000000
0.000000
0.000000
0.000000
0.000000
0.000000
0.000000
0.000000
0.000000
0.000000
0.000000
0.000000
0.000000
0.000000
0.000000
0.000000
0.000000
0.000000
0.000000
0.000000
0.000000
0.000000
0.000000
0.000000
0.000000
0.000000
0.000000
0.000000
0.000000
0.000000
0.000000
0.000000
0.000000
0.000000
0.000000
0.000000
0.000000
0.000000
0.000000
0.000000
0.000000
0.000000
0.000000
0.000000
0.000000
0.000000
0.000000
0.000000
0.000000
0.000000
0.000000
0.000000
0.000000
0.000000
0.000000
0.000000
0.000000
0.000000
0.000000
0.000000
0.000000
0.000000
0.000000
0.000000
0.000000
0.000000
0.000000
0.000000
0.000000
0.000000
0.000000
0.000000
0.000000
0.000000
0.000000
0.000000
0.000000
0.000000
0.000000
0.000000
