0.314755
0.830417
0.961007
1.463275
1.289156
1.449881
1.744545
1.707713
2.032513
1.717758
1.757940
1.881832
1.851696
1.962195
1.841651
2.002377
1.918665
1.988983
1.808166
1.938756
1.831605
1.808166
1.908620
1.952150
1.955498
1.701016
1.925362
1.895226
1.908620
1.764636
1.972241
1.858393
1.908620
1.945453
1.905272
2.159754
2.149709
2.608447
2.866278
2.745734
4.038238
2.775870
3.067186
3.740226
3.104019
3.579499
3.120761
3.552712
3.140852
3.509182
3.194427
3.479046
3.502485
3.402031
3.549363
3.750271
3.589545
3.612984
3.659863
3.398683
3.633075
3.388638
3.589545
3.328366
3.706741
3.428819
3.659863
3.445561
3.833982
2.487903
3.907648
3.890906
4.018147
3.961223
4.865307
3.984663
4.731369
5.196804
4.654354
4.684490
4.912185
4.594082
4.614172
5.022684
4.895443
4.952367
4.728020
4.657702
3.810543
4.389826
3.981314
3.412076
4.366386
4.101859
4.142040
4.021495
3.847376
4.065026
3.676605
3.686650
3.371895
4.061677
4.252539
3.549363
3.977966
3.907648
3.515879
4.108556
3.877512
3.894254
3.777058
3.693347
3.931087
3.847376
3.954527
4.446750
3.720135
3.840679
3.877512
3.877512
4.252539
3.840679
4.195615
3.572803
3.793801
3.870815
3.422122
3.535969
3.258048
3.659863
3.542667
3.365198
3.174336
2.990171
3.160943
3.003565
3.120761
2.956687
2.866278
2.926551
2.806006
2.718946
2.712250
2.625190
2.531433
2.615144
2.521387
2.297041
2.420934
2.313783
2.166451
2.209981
2.096133
2.196587
1.935408
1.962195
1.928711
1.841651
1.814863
1.851696
1.724455
1.553684
1.834954
1.848348
1.677577
1.644092
1.690970
1.637395
1.962195
1.627350
1.794773
1.928711
1.480018
1.714409
1.506805
1.567077
1.955498
1.992331
2.250163
2.216678
2.441025
2.966732
2.775870
3.016959
3.191079
3.174336
3.576151
3.211169
3.509182
3.191078
3.207821
3.710089
3.767013
3.653166
3.743574
3.790452
3.566106
3.941133
4.158782
3.723483
4.185570
4.088465
3.793800
4.024844
4.101859
4.038238
3.937784
3.833982
3.592893
3.971269
3.840679
3.689999
3.566106
3.894254
3.854073
3.974617
3.803846
3.676605
3.944481
3.656514
3.639772
3.599590
3.499136
3.689999
3.596242
3.810543
3.633075
3.817240
3.686650
3.777058
3.425471
3.418774
3.308275
3.643120
3.532621
3.840679
3.529273
3.887558
3.743574
3.482394
3.351804
3.552712
3.522576
3.572803
3.803846
4.058329
3.720135
3.043746
3.706741
4.021495
3.793800
3.633075
3.934436
3.683302
3.756968
3.596242
3.576151
3.566106
4.054980
3.683302
3.686650
3.924390
3.874163
2.725643
3.897603
4.011450
3.860770
3.736877
3.599590
3.599590
3.619681
3.552712
3.666559
3.797149
3.827285
3.847376
3.505833
3.559409
3.693347
3.894254
3.546015
3.773710
3.482394
3.160943
4.205661
3.237957
3.479046
3.338411
3.388638
3.612984
3.335062
3.090625
3.365198
3.311623
3.301578
3.013611
2.889718
2.337222
3.207821
3.140852
3.455607
2.970080
3.448910
3.465652
3.304926
3.676605
3.458955
3.529273
3.455607
3.552712
3.442213
3.609636
3.529273
3.428819
3.479046
3.706741
3.770362
3.850724
4.182222
3.740226
4.302766
4.319509
3.482394
4.215706
4.075071
3.787104
3.941133
3.736877
3.817240
3.780407
3.847376
3.777058
3.589545
3.612984
3.499137
3.294881
3.308275
3.278139
3.402031
3.318320
1.168611
3.117413
3.907648
2.909808
3.100670
2.682113
3.120761
2.933248
3.157594
3.120761
2.893066
3.104019
2.943293
3.455607
3.090625
3.214518
3.191079
3.154246
2.993520
3.274790
2.970081
3.217866
3.060489
2.869627
3.127458
3.067186
3.033701
3.127458
3.030353
3.237957
2.996868
2.936596
2.769173
3.043747
3.144200
3.077231
3.207821
2.886369
2.849536
2.916505
2.936596
3.020307
2.896415
2.779218
2.765825
2.996868
3.083928
3.047095
3.037050
3.144200
2.990171
3.164291
3.027004
3.104019
3.244654
3.509182
1.955498
3.576151
2.849536
3.134155
3.422122
3.408728
3.984663
3.375244
3.884209
3.278139
3.612984
3.522576
3.984663
3.636423
4.008102
3.760316
3.649817
3.884209
3.612984
3.525924
3.693347
3.499137
3.659863
3.301578
3.602939
3.455607
3.010262
3.512530
3.927739
3.579499
3.877512
3.753619
4.841867
4.815080
4.892095
5.149925
4.316160
5.089653
5.123137
4.855261
4.403219
4.781595
5.324045
4.721323
4.563945
3.298229
4.446750
4.624218
4.584036
4.021495
4.342948
4.527112
3.880861
3.807194
3.713438
3.947830
3.830634
3.743574
3.532621
3.696695
3.522576
3.542667
3.458955
3.345108
3.104019
3.027004
3.207821
2.886369
2.916505
2.692159
2.775870
2.712250
2.444373
2.323829
2.377404
2.283647
2.330525
2.467812
1.968892
2.933247
2.816052
2.651977
2.929899
2.682113
2.993520
2.836143
3.237957
2.340571
3.107367
2.598402
3.124110
3.435516
3.140851
3.448910
2.953338
3.746922
4.219055
3.321668
4.031541
3.713438
3.800498
4.470189
3.673257
4.624218
4.496976
4.262585
4.527112
4.178873
3.951178
3.844027
4.935624
4.078420
4.513719
4.570642
4.483582
4.262585
4.145389
4.279327
4.168828
4.041586
3.736877
4.286024
3.586196
3.957875
3.669908
3.971269
3.907648
3.683301
3.910997
3.921042
3.777058
3.753619
3.977966
3.723483
3.753619
3.914345
3.596242
3.559409
3.361850
3.361850
3.167639
3.184381
3.271441
2.936596
2.986823
2.933248
2.658674
2.809355
2.628538
2.856233
2.712249
2.558220
2.571614
2.404191
2.327177
2.216678
2.343919
2.236768
2.250162
2.153057
1.925362
2.049255
2.092785
1.754591
1.644092
1.764636
1.791424
1.577123
1.590517
1.694319
1.798121
1.543638
1.500108
1.637395
1.613956
1.654137
1.644092
1.747894
1.717758
1.687622
1.526896
2.143012
1.550335
1.670879
1.707713
1.985634
2.052604
2.196587
2.538130
2.514691
2.494600
3.298229
3.117413
3.050443
3.495788
3.308275
3.549363
3.201124
3.248003
3.515879
3.294881
3.522576
3.284835
3.438864
3.442213
4.198964
3.817240
4.041586
4.684490
3.941133
3.981314
4.008102
4.165480
4.252539
3.887558
4.222403
4.527112
4.691187
4.784944
4.212358
4.540506
4.898791
4.808383
4.845216
3.512530
4.573991
4.399871
4.329554
4.142040
4.262585
4.279327
4.108556
3.944481
3.961224
3.797149
3.813892
3.666559
3.807194
3.823937
3.602939
3.606287
3.840679
3.967921
4.430007
4.068374
4.349645
4.048284
4.075071
4.135343
4.125298
4.001405
3.887558
3.967921
3.499136
3.522576
3.211169
3.529273
3.673257
3.777058
3.609636
3.469000
3.485743
3.582848
3.338411
3.525924
3.425471
3.462303
3.351805
3.124110
3.067186
2.993520
2.963384
2.906460
2.812703
2.963384
2.564918
2.749082
2.507993
2.561569
2.266905
2.340571
2.457767
2.507993
2.360662
2.343920
2.367358
2.213329
2.320480
2.350616
2.645280
2.444373
2.015771
2.414237
2.447721
2.380752
2.481206
2.360662
2.404191
2.524736
2.394146
2.286995
2.518039
2.377404
2.464464
2.270253
2.407540
2.343919
2.899763
2.390798
2.806006
2.019119
2.481206
2.253511
2.380752
2.454418
2.327177
2.317132
2.447721
2.410888
2.444373
2.384101
2.528084
2.380752
2.320480
2.310435
2.708901
2.377404
2.420934
2.745734
2.370707
2.538130
2.554872
2.256859
2.899763
2.089437
2.364010
2.554872
1.523547
2.400843
2.625189
2.357313
2.454418
2.625189
2.481206
2.471160
2.688810
2.467812
2.441025
2.953338
2.343919
2.631886
2.076043
2.320480
2.611796
2.199935
0.897386
2.303738
1.932059
0.093757
2.913157
2.139663
2.685462
2.286995
2.799309
3.030353
2.390798
2.320480
2.209981
2.511342
3.083928
2.320480
3.288184
2.387449
2.554872
2.909808
2.444373
2.645280
2.641932
2.692159
2.752431
2.655326
2.702204
2.487903
2.631886
2.410888
2.206633
2.430979
2.410888
2.364010
2.280298
2.253511
2.109527
2.055952
2.233420
1.992331
2.019119
1.871787
1.918665
1.828257
1.841651
1.784727
1.714409
1.727803
1.751243
1.818212
1.650789
1.791424
1.774682
2.290344
2.049255
2.109527
2.374055
2.230072
2.266905
2.507993
2.427631
2.444373
2.370707
2.186542
2.213329
2.276950
2.243466
2.250162
2.193239
1.938756
1.978938
1.891878
1.911968
1.911968
1.687622
2.002377
1.684273
1.814863
1.784727
1.737849
1.701016
1.674228
1.523548
1.634047
1.727803
1.613956
1.362822
1.784727
1.958847
1.670880
2.065997
1.788076
1.858393
1.922014
2.012422
1.888529
1.905272
1.905272
1.798121
1.915317
1.875135
1.968892
1.841651
1.724455
1.774682
1.657486
1.848348
1.737849
1.664183
1.828257
0.937568
2.236768
1.603910
1.781379
2.183193
2.206633
2.792612
2.578311
3.000216
3.649817
2.722295
4.185570
2.956687
3.291532
3.890906
3.201124
3.740226
3.499137
3.767013
3.941133
3.402031
3.418774
3.740226
3.572803
3.689999
3.462303
3.730180
3.656514
3.348456
3.877512
3.445561
3.284835
3.355153
3.669908
3.643120
3.412076
3.529273
3.335062
3.455607
3.589545
3.596242
3.378592
3.599590
3.485743
3.428819
3.254699
3.241306
3.274790
3.234608
3.030353
3.264745
2.990171
2.829445
2.996868
2.755780
2.906460
2.715598
2.739037
2.605099
2.384101
2.568266
2.340571
2.273602
2.343919
2.173148
2.106179
2.076043
2.055952
1.824908
2.049255
1.834954
1.905271
1.734500
1.788076
1.737849
1.801469
1.788076
1.764636
1.938756
1.767985
1.855045
1.530244
1.670879
1.751243
1.664183
1.634047
1.530244
1.707713
1.058112
1.711061
0.853856
2.283647
1.593865
1.915317
1.684273
1.416397
2.032513
2.089437
1.811515
1.650789
1.901923
1.908620
1.761288
1.814863
1.784727
1.751243
1.764636
1.654137
1.891878
1.379564
1.533593
2.471161
1.637395
2.420934
1.620653
1.657486
1.654137
1.701016
2.260208
1.771333
2.002377
1.818212
2.029164
1.617304
1.918665
1.838302
1.801469
1.731152
1.881832
1.727803
1.888529
2.049255
1.232232
1.774682
1.613956
2.226723
1.453230
1.928711
1.111687
1.640743
1.567077
1.868438
1.868438
1.948801
1.988983
1.911968
1.403003
1.761288
1.965544
1.875135
1.938756
1.784727
1.844999
1.711061
1.881832
1.811515
1.932059
2.042558
1.901923
1.798121
1.932059
1.895226
2.146360
2.427631
2.581660
2.364010
2.705553
2.775870
2.829445
2.812703
2.732340
3.020307
2.484555
2.521387
2.792612
2.511342
3.117413
2.377404
2.538130
2.554872
2.628538
2.323829
3.077231
3.003565
3.070534
3.874163
3.214518
3.756968
4.091813
3.314971
3.653166
3.633075
3.746922
4.004754
3.867467
4.068374
3.977966
4.316160
4.172176
4.741414
4.513719
4.604127
4.275978
4.329554
5.223591
4.724672
4.744762
4.858610
4.540506
4.868655
4.634263
4.433355
4.684490
4.316160
4.523764
4.486931
4.329554
3.984663
4.071723
3.844027
3.947830
3.780407
3.649817
3.532621
3.458955
3.415425
3.067186
2.963384
3.217866
3.217866
3.010262
3.043746
2.745734
2.832794
2.775870
2.698856
2.675416
2.695507
2.581660
2.551523
2.270253
2.333874
2.243466
2.002377
2.189890
2.176497
1.915317
1.885181
1.995680
1.988983
1.851696
1.744546
1.714409
1.841651
1.751243
1.734500
1.804818
1.754591
1.684273
1.788076
1.838302
1.935408
1.834954
1.751243
1.607259
1.804818
1.660834
1.808166
1.707713
1.560381
1.801469
1.744545
1.754591
1.928711
1.844999
2.286995
2.025816
2.005725
2.112876
2.343919
2.193239
2.173148
2.199936
2.112876
2.256859
1.958847
2.092785
2.005725
2.012422
1.881832
1.972241
1.848348
1.865090
1.898575
1.721106
1.868438
1.891878
1.831606
2.564918
1.771333
2.832794
2.437676
1.955498
2.340571
2.745734
2.437676
2.628538
2.802658
2.494600
1.684273
2.742385
2.655326
2.685462
2.785916
2.829445
2.504645
2.501297
2.678765
2.457767
2.591705
2.514691
2.293693
2.330525
2.364010
2.223375
2.035861
2.256859
2.203284
2.143012
1.908620
1.988983
1.911968
1.831605
1.771333
1.707713
1.717758
1.667531
1.677577
1.670879
1.824908
1.650789
1.416397
1.791424
1.911968
2.052603
1.664183
1.918665
1.449881
1.754591
1.985634
1.744546
2.045907
2.270253
2.380752
2.561569
2.725643
2.655326
3.542667
2.755780
2.715598
2.970081
3.314971
2.839491
2.665371
2.963384
3.060489
3.037050
2.990171
2.806006
2.645280
2.752431
2.631886
2.712250
2.528084
2.571614
2.467812
2.283647
2.266905
2.417585
2.243466
2.116224
2.394146
1.801469
1.808166
1.918665
1.838302
1.878484
1.654137
1.831606
1.469972
1.714409
1.660834
1.667531
1.875135
1.811515
1.690970
1.905272
1.747894
1.905272
1.697667
1.824908
2.002377
1.955498
2.263556
2.400843
2.149709
2.581660
2.745734
2.852885
2.990171
3.047095
3.037049
2.973429
2.692158
3.020307
3.087276
3.040398
2.953338
3.006914
2.866278
2.859581
2.698856
2.648629
2.578311
2.531433
2.223375
2.531433
2.293693
2.276950
2.196587
2.065997
2.042558
2.189890
1.915317
1.895226
1.788076
1.818212
1.794772
1.664183
1.667531
1.731152
1.684273
1.704364
1.647440
1.563729
1.590517
2.059300
1.419745
1.590517
1.560381
1.657486
1.895226
2.092785
1.995680
2.303738
2.742386
2.400843
2.816051
2.615144
2.916505
3.244654
2.839491
3.013611
3.080580
3.067186
2.990171
3.006914
3.033701
2.795961
2.809355
2.802658
2.551523
2.618493
2.554872
2.407540
2.601750
2.276950
2.380752
2.377404
2.196587
2.364010
2.220026
2.159754
1.952150
1.875135
1.932059
1.721106
1.741197
1.834954
1.767985
1.583820
1.603910
1.922014
1.573774
1.727803
1.680925
1.952150
1.660834
1.774682
1.580471
1.664183
1.624001
1.848348
1.885181
2.025816
2.293693
2.280298
2.765825
2.688810
3.043746
3.114064
2.956687
3.003565
2.943293
2.996868
3.204472
3.037049
2.949990
3.070534
2.953338
2.846188
2.715598
2.735689
2.491251
2.601750
2.511342
2.390798
2.437676
2.410888
2.223375
2.230072
2.149709
2.065997
2.079391
1.962195
1.999028
1.891878
1.831605
1.788076
1.724455
1.801469
1.687622
1.654137
1.707713
1.587168
1.680925
1.694319
1.664183
1.697667
1.657486
1.694319
1.801469
1.737849
1.717758
1.885181
2.012422
2.230072
2.441025
2.826097
3.080580
2.487903
3.093973
3.743574
2.648629
2.779218
3.201124
2.869627
2.929899
2.802658
2.735689
2.779218
2.712250
2.775870
2.668720
2.685462
2.588356
2.615144
2.585008
2.514691
2.437676
2.340571
2.159754
2.427631
2.206633
2.189890
1.811515
1.908620
1.838302
1.828257
1.707713
1.711061
1.714409
1.597213
1.741197
1.533593
1.570426
1.677577
1.553684
1.560380
1.734500
1.583820
2.303738
1.436488
1.938756
1.490063
1.754591
1.935408
1.942104
2.692159
2.250162
2.327177
2.973429
2.591705
2.795961
3.170988
2.886369
3.224563
3.037049
3.157594
3.043747
3.097322
2.913157
3.053792
2.829445
2.638583
2.799309
2.732340
2.742385
2.414237
2.668720
2.574963
2.461115
2.337222
2.477857
2.330525
2.112876
1.935408
2.086088
1.905271
2.059300
1.419745
1.794772
1.707713
1.557032
1.068158
1.690970
1.747894
1.473321
1.690970
1.416397
1.640743
1.804818
1.908620
1.754591
1.724455
1.687622
1.881832
1.794772
1.818212
1.875135
2.183193
2.173148
2.414237
2.621841
2.893066
2.568266
3.050443
3.412076
2.876324
3.164291
3.040398
2.866278
2.976778
2.913157
3.010262
2.712250
2.672068
2.651977
2.504645
2.631886
2.367358
2.364010
2.534781
2.387449
2.548175
2.337222
2.397495
2.307086
2.109527
2.096133
2.109527
1.962195
1.781379
1.871787
1.784727
1.885181
1.690970
1.798121
1.791424
1.794772
1.449881
1.607259
1.473321
1.724455
1.664183
1.680925
1.727803
1.664183
1.644092
1.734500
1.962195
1.982286
2.213329
2.270253
2.377404
2.625190
2.581660
2.909808
2.946641
3.097322
3.264745
3.181033
3.003565
3.110716
3.097322
2.869627
2.916505
2.728992
2.735689
2.775870
2.588356
2.635235
2.558220
2.337222
2.420934
2.394146
2.166451
2.226723
2.129618
2.129618
1.932059
2.102830
1.978938
1.871787
1.727803
1.774682
1.701016
1.557032
1.694319
1.828257
1.727803
1.928711
1.818211
2.193239
2.096133
2.377404
2.340571
2.585008
3.027004
2.856233
3.462303
3.284835
3.134155
3.388638
2.929899
4.095162
3.157594
3.415425
3.706741
3.381940
3.435516
3.894254
3.515879
3.894254
3.619681
3.857421
4.162131
3.998056
4.182222
4.145389
4.155434
3.988011
4.081768
3.663211
3.710089
3.951178
3.823936
3.907648
3.887558
4.091813
4.001405
4.021495
4.178873
4.460144
4.202312
4.373084
4.158782
4.366386
4.959064
4.627566
4.855261
4.872004
5.069562
5.769390
5.163319
5.280515
4.928927
4.985851
6.060706
5.176713
5.424499
5.869843
5.350832
5.585225
5.755996
5.340787
5.722511
5.236985
5.337439
5.109744
5.015987
5.099699
4.928927
4.861959
4.697884
4.577340
4.423310
4.332902
4.158782
4.299417
3.951178
3.720135
3.679953
3.803846
3.686650
3.398683
3.318320
3.576151
3.304926
2.082740
3.345108
3.391986
3.442213
3.278139
3.298229
3.227912
3.452258
3.268093
3.278139
3.314971
3.505834
3.351805
3.408728
3.425471
3.519227
3.462303
3.264745
3.365198
3.251351
3.385289
3.489091
3.341759
3.258048
3.445561
3.187730
3.405380
3.438864
3.294881
3.278139
3.388638
3.335062
3.418774
3.381941
3.391986
3.472349
3.341759
3.375244
3.164291
3.381940
3.251351
3.187730
3.197776
3.284835
3.227912
3.371895
3.485743
3.214518
3.348456
3.244654
3.368547
3.147549
3.335062
3.144200
3.375244
3.231260
3.268093
3.321668
3.318320
3.201124
3.241305
2.996868
2.973429
2.872975
2.866278
2.802658
2.765825
2.504645
2.682113
2.574963
2.407540
2.538130
2.467812
2.414237
2.360662
2.441025
2.223375
2.230072
2.213329
2.045907
2.039210
2.032513
2.019119
1.915317
2.052604
1.911968
1.918665
1.808166
0.000000
0.000000
0.000000
0.000000
0.000000
0.000000
0.000000
0.000000
0.000000
0.000000
0.000000
0.000000
0.000000
0.000000
0.000000
0.000000
0.000000
0.000000
0.000000
0.000000
0.000000
0.000000
0.000000
0.000000
0.000000
0.000000
0.000000
0.000000
0.000000
0.000000
0.000000
0.000000
0.000000
0.000000
0.000000
0.000000
0.000000
0.000000
0.000000
0.000000
0.000000
0.000000
0.000000
0.000000
0.000000
0.000000
0.000000
0.000000
0.000000
0.000000
0.000000
0.000000
0.000000
0.000000
0.000000
0.000000
0.000000
0.000000
0.000000
0.000000
0.000000
0.000000
0.000000
0.000000
0.000000
0.000000
0.000000
0.000000
0.000000
0.000000
0.000000
0.000000
0.000000
0.000000
0.000000
0.000000
0.000000
0.000000
0.000000
0.000000
0.000000
0.000000
0.000000
0.000000
0.000000
0.000000
0.000000
0.000000
0.000000
0.000000
0.000000
0.000000
0.000000
0.000000
0.000000
0.000000
0.000000
0.000000
0.000000
0.000000
0.000000
0.000000
0.000000
0.000000
0.000000
0.000000
0.000000
0.000000
0.000000
0.000000
0.000000
0.000000
0.000000
0.000000
0.000000
0.000000
0.000000
0.000000
0.000000
0.000000
0.000000
0.000000
0.000000
0.000000
0.000000
0.000000
0.000000
0.000000
0.000000
0.000000
0.000000
0.000000
0.000000
0.000000
0.000000
0.000000
0.000000
0.000000
0.000000
0.000000
0.000000
0.000000
0.000000
0.000000
0.000000
0.000000
0.000000
0.000000
0.000000
0.000000
0.000000
0.000000
0.000000
0.000000
0.000000
0.000000
0.000000
0.000000
0.000000
0.000000
0.000000
0.000000
0.000000
0.000000
0.000000
0.000000
0.000000
0.000000
0.000000
0.000000
0.000000
0.000000
0.000000
0.000000
0.000000
0.000000
0.000000
0.000000
0.000000
0.000000
0.000000
0.000000
0.000000
0.000000
0.000000
0.000000
0.000000
0.000000
0.000000
0.000000
0.000000
0.000000
0.000000
0.000000
0.000000
0.000000
0.000000
0.000000
0.000000
0.000000
0.000000
0.000000
0.000000
0.000000
0.000000
0.000000
0.000000
0.000000
0.000000
0.000000
0.000000
0.000000
0.000000
0.000000
0.000000
0.000000
0.000000
0.000000
0.000000
0.000000
0.000000
0.000000
0.000000
0.000000
0.000000
0.000000
0.000000
0.000000
0.000000
0.000000
0.000000
0.000000
0.000000
0.000000
0.000000
0.000000
0.000000
0.000000
0.000000
0.000000
0.000000
0.000000
0.000000
0.000000
0.000000
0.000000
0.000000
0.000000
0.000000
0.000000
0.000000
0.000000
0.000000
0.000000
0.000000
0.000000
0.000000
0.000000
0.000000
0.000000
0.000000
0.000000
0.000000
0.000000
0.000000
0.000000
0.000000
0.000000
0.000000
0.000000
0.000000
0.000000
0.000000
0.000000
0.000000
0.000000
0.000000
0.000000
0.000000
0.000000
0.000000
0.000000
0.000000
0.000000
0.000000
0.000000
0.000000
0.000000
0.000000
0.000000
0.000000
0.000000
0.000000
0.000000
0.000000
0.000000
0.000000
0.000000
0.000000
0.000000
0.000000
0.000000
0.000000
0.000000
0.000000
0.000000
0.000000
0.000000
0.000000
0.000000
0.000000
0.000000
0.000000
0.000000
0.000000
0.000000
0.000000
0.000000
0.000000
0.000000
0.000000
0.000000
0.000000
0.000000
0.000000
0.000000
0.000000
0.000000
0.000000
0.000000
0.000000
0.000000
0.000000
0.000000
0.000000
0.000000
0.000000
0.000000
0.000000
0.000000
0.000000
0.000000
0.000000
0.000000
0.000000
0.000000
0.000000
0.000000
0.000000
0.000000
0.000000
0.000000
0.000000
0.000000
0.000000
0.000000
0.000000
0.000000
0.000000
0.000000
0.000000
0.000000
0.000000
0.000000
0.000000
0.000000
0.000000
0.000000
0.000000
0.000000
0.000000
0.000000
0.000000
0.000000
0.000000
0.000000
0.000000
0.000000
0.000000
0.000000
0.000000
0.000000
0.000000
0.000000
0.000000
0.000000
0.000000
0.000000
0.000000
0.000000
0.000000
0.000000
0.000000
0.000000
0.000000
0.000000
0.000000
0.000000
0.000000
0.000000
0.000000
0.000000
0.000000
0.000000
0.000000
0.000000
0.000000
0.000000
0.000000
0.000000
0.000000
0.000000
0.000000
0.000000
0.000000
0.000000
0.000000
0.000000
0.000000
0.000000
0.000000
0.000000
0.000000
0.000000
0.000000
0.000000
0.000000
0.000000
0.000000
0.000000
0.000000
0.000000
0.000000
0.000000
0.000000
0.000000
0.000000
0.000000
0.000000
0.000000
0.000000
0.000000
0.000000
0.000000
0.000000
0.000000
0.000000
0.000000
0.000000
0.000000
0.000000
0.000000
0.000000
0.000000
0.000000
0.000000
0.000000
0.000000
0.000000
0.000000
0.000000
0.000000
0.000000
0.000000
0.000000
0.000000
0.000000
0.000000
0.000000
0.000000
0.000000
0.000000
0.000000
0.000000
0.000000
0.000000
0.000000
0.000000
0.000000
0.000000
0.000000
0.000000
0.000000
0.000000
0.000000
0.000000
0.000000
0.000000
0.000000
0.000000
0.000000
0.000000
0.000000
0.000000
0.000000
0.000000
0.000000
0.000000
0.000000
0.000000
0.000000
0.000000
0.000000
0.000000
0.000000
0.000000
0.000000
0.000000
0.000000
0.000000
0.000000
0.000000
0.000000
0.000000
0.000000
0.000000
0.000000
0.000000
0.000000
0.000000
0.000000
0.000000
0.000000
0.000000
0.000000
0.000000
0.000000
0.000000
0.000000
0.000000
0.000000
0.000000
0.000000
0.000000
0.000000
0.000000
0.000000
0.000000
0.000000
0.000000
0.000000
0.000000
0.000000
0.000000
0.000000
0.000000
0.000000
0.000000
0.000000
0.000000
0.000000
0.000000
0.000000
0.000000
0.000000
0.000000
0.000000
0.000000
0.000000
0.000000
0.000000
0.000000
0.000000
0.000000
0.000000
0.000000
0.000000
0.000000
0.000000
0.000000
0.000000
0.000000
0.000000
0.000000
0.000000
0.000000
0.000000
0.000000
0.000000
0.000000
0.000000
0.000000
0.000000
0.000000
0.000000
0.000000
0.000000
0.000000
0.000000
0.000000
0.000000
0.000000
0.000000
0.000000
0.000000
0.000000
0.000000
0.000000
0.000000
0.000000
0.000000
0.000000
0.000000
0.000000
0.000000
0.000000
0.000000
0.000000
0.000000
0.000000
0.000000
0.000000
0.000000
0.000000
0.000000
0.000000
0.000000
0.000000
0.000000
0.000000
0.000000
0.000000
0.000000
0.000000
0.000000
0.000000
0.000000
0.000000
0.000000
0.000000
0.000000
0.000000
0.000000
0.000000
0.000000
0.000000
0.000000
0.000000
0.000000
0.000000
0.000000
0.000000
0.000000
0.000000
0.000000
0.000000
0.000000
0.000000
0.000000
0.000000
0.000000
0.000000
0.000000
0.000000
0.000000
0.000000
0.000000
0.000000
0.000000
0.000000
0.000000
0.000000
0.000000
0.000000
0.000000
0.000000
0.000000
0.000000
0.000000
0.000000
0.000000
0.000000
0.000000
0.000000
0.000000
0.000000
0.000000
0.000000
0.000000
0.000000
0.000000
0.000000
0.000000
0.000000
0.000000
0.000000
0.000000
0.000000
0.000000
0.000000
0.000000
0.000000
0.000000
0.000000
0.000000
0.000000
0.000000
0.000000
0.000000
0.000000
0.000000
0.000000
0.000000
0.000000
0.000000
0.000000
0.000000
0.000000
0.000000
0.000000
0.000000
0.000000
0.000000
0.000000
0.000000
0.000000
0.000000
0.000000
0.000000
0.000000
0.000000
0.000000
0.000000
0.000000
0.000000
0.000000
0.000000
0.000000
0.000000
0.000000
0.000000
0.000000
0.000000
0.000000
0.000000
0.000000
0.000000
0.000000
0.000000
0.000000
0.000000
0.000000
0.000000
0.000000
0.000000
0.000000
0.000000
0.000000
0.000000
0.000000
0.000000
0.000000
0.000000
0.000000
0.000000
0.000000
0.000000
0.000000
0.000000
0.000000
0.000000
0.000000
0.000000
0.000000
0.000000
0.000000
0.000000
0.000000
0.000000
0.000000
0.000000
0.000000
0.000000
0.000000
0.000000
0.000000
0.000000
0.000000
0.000000
0.000000
0.000000
0.000000
0.000000
0.000000
0.000000
0.000000
0.000000
0.000000
0.000000
0.000000
0.000000
0.000000
0.000000
0.000000
0.000000
0.000000
0.000000
0.000000
0.000000
0.000000
0.000000
0.000000
0.000000
0.000000
0.000000
0.000000
0.000000
0.000000
0.000000
0.000000
0.000000
0.000000
0.000000
0.000000
0.000000
0.000000
0.000000
0.000000
0.000000
0.000000
0.000000
0.000000
0.000000
0.000000
0.000000
0.000000
0.000000
0.000000
0.000000
0.000000
0.000000
0.000000
0.000000
0.000000
0.000000
0.000000
0.000000
0.000000
0.000000
0.000000
0.000000
0.000000
0.000000
0.000000
0.000000
0.000000
0.000000
0.000000
0.000000
0.000000
0.000000
0.000000
0.000000
0.000000
0.000000
0.000000
0.000000
0.000000
0.000000
0.000000
0.000000
0.000000
0.000000
0.000000
0.000000
0.000000
0.000000
0.000000
0.000000
0.000000
0.000000
0.000000
0.000000
0.000000
0.000000
0.000000
0.000000
0.000000
0.000000
0.000000
0.000000
0.000000
0.000000
0.000000
0.000000
0.000000
0.000000
0.000000
0.000000
0.000000
0.000000
0.000000
0.000000
0.000000
0.000000
0.000000
0.000000
0.000000
0.000000
0.000000
0.000000
0.000000
0.000000
0.000000
0.000000
0.000000
0.000000
0.000000
0.000000
0.000000
0.000000
0.000000
0.000000
0.000000
0.000000
0.000000
0.000000
0.000000
0.000000
0.000000
0.000000
0.000000
0.000000
0.000000
0.000000
0.000000
0.000000
0.000000
0.000000
0.000000
0.000000
0.000000
0.000000
0.000000
0.000000
0.000000
0.000000
0.000000
0.000000
0.000000
0.000000
0.000000
0.000000
0.000000
0.000000
0.000000
0.000000
0.000000
0.000000
0.000000
0.000000
0.000000
0.000000
0.000000
0.000000
0.000000
0.000000
0.000000
0.000000
0.000000
0.000000
0.000000
0.000000
0.000000
0.000000
0.000000
0.000000
0.000000
0.000000
0.000000
0.000000
0.000000
0.000000
0.000000
0.000000
0.000000
0.000000
0.000000
0.000000
0.000000
0.000000
0.000000
0.000000
0.000000
0.000000
0.000000
0.000000
0.000000
0.000000
0.000000
0.000000
0.000000
0.000000
0.000000
0.000000
0.000000
0.000000
0.000000
0.000000
0.000000
0.000000
0.000000
0.000000
0.000000
0.000000
0.000000
0.000000
0.000000
0.000000
0.000000
0.000000
0.000000
0.000000
0.000000
0.000000
0.000000
0.000000
0.000000
0.000000
0.000000
0.000000
0.000000
0.000000
0.000000
0.000000
0.000000
0.000000
0.000000
0.000000
0.000000
0.000000
0.000000
0.000000
0.000000
0.000000
0.000000
0.000000
0.000000
0.000000
0.000000
0.000000
0.000000
0.000000
0.000000
0.000000
0.000000
0.000000
0.000000
0.000000
0.000000
0.000000
0.000000
0.000000
0.000000
0.000000
0.000000
0.000000
0.000000
0.000000
0.000000
0.000000
0.000000
0.000000
0.000000
0.000000
0.000000
0.000000
0.000000
0.000000
0.000000
0.000000
0.000000
0.000000
0.000000
0.000000
0.000000
0.000000
0.000000
0.000000
0.000000
0.000000
0.000000
0.000000
0.000000
0.000000
0.000000
0.000000
0.000000
0.000000
0.000000
0.000000
0.000000
0.000000
0.000000
0.000000
0.000000
0.000000
0.000000
0.000000
0.000000
0.000000
0.000000
0.000000
0.000000
0.000000
0.000000
0.000000
0.000000
0.000000
0.000000
0.000000
0.000000
0.000000
0.000000
0.000000
0.000000
0.000000
0.000000
0.000000
0.000000
0.000000
0.000000
0.000000
0.000000
0.000000
0.000000
0.000000
0.000000
0.000000
0.000000
0.000000
0.000000
0.000000
0.000000
0.000000
0.000000
0.000000
0.000000
0.000000
0.000000
0.000000
0.000000
0.000000
0.000000
0.000000
0.000000
0.000000
0.000000
0.000000
0.000000
0.000000
0.000000
0.000000
0.000000
0.000000
0.000000
0.000000
0.000000
0.000000
0.000000
0.000000
0.000000
0.000000
0.000000
0.000000
0.000000
0.000000
0.000000
0.000000
0.000000
0.000000
0.000000
0.000000
0.000000
0.000000
0.000000
0.000000
0.000000
0.000000
0.000000
0.000000
0.000000
0.000000
0.000000
0.000000
0.000000
0.000000
0.000000
0.000000
0.000000
0.000000
0.000000
0.000000
0.000000
0.000000
0.000000
0.000000
0.000000
0.000000
0.000000
0.000000
0.000000
0.000000
0.000000
0.000000
0.000000
0.000000
0.000000
0.000000
0.000000
0.000000
0.000000
0.000000
0.000000
0.000000
0.000000
0.000000
0.000000
0.000000
0.000000
0.000000
0.000000
0.000000
0.000000
0.000000
0.000000
0.000000
0.000000
0.000000
0.000000
0.000000
0.000000
0.000000
0.000000
0.000000
0.000000
0.000000
0.000000
0.000000
0.000000
0.000000
0.000000
0.000000
0.000000
0.000000
0.000000
0.000000
0.000000
0.000000
0.000000
0.000000
0.000000
0.000000
0.000000
0.000000
0.000000
0.000000
0.000000
0.000000
0.000000
0.000000
0.000000
0.000000
0.000000
0.000000
0.000000
0.000000
0.000000
0.000000
0.000000
0.000000
0.000000
0.000000
0.000000
0.000000
0.000000
0.000000
0.000000
0.000000
0.000000
0.000000
0.000000
0.000000
0.000000
0.000000
0.000000
0.000000
0.000000
0.000000
0.000000
0.000000
0.000000
0.000000
0.000000
0.000000
0.000000
0.000000
0.000000
0.000000
0.000000
0.000000
0.000000
0.000000
0.000000
0.000000
0.000000
0.000000
0.000000
0.000000
0.000000
0.000000
0.000000
0.000000
0.000000
0.000000
0.000000
0.000000
0.000000
0.000000
0.000000
0.000000
0.000000
0.000000
0.000000
0.000000
0.000000
0.000000
0.000000
0.000000
0.000000
0.000000
0.000000
0.000000
0.000000
0.000000
0.000000
0.000000
0.000000
0.000000
0.000000
0.000000
0.000000
0.000000
0.000000
0.000000
0.000000
0.000000
0.000000
0.000000
0.000000
0.000000
0.000000
0.000000
0.000000
0.000000
0.000000
0.000000
0.000000
0.000000
0.000000
0.000000
0.000000
0.000000
0.000000
0.000000
0.000000
0.000000
0.000000
0.000000
0.000000
0.000000
0.000000
0.000000
0.000000
0.000000
0.000000
0.000000
0.000000
0.000000
0.000000
0.000000
0.000000
0.000000
0.000000
0.000000
0.000000
0.000000
0.000000
0.000000
0.000000
0.000000
0.000000
0.000000
0.000000
0.000000
0.000000
0.000000
0.000000
0.000000
0.000000
0.000000
0.000000
0.000000
0.000000
0.000000
0.000000
0.000000
0.000000
0.000000
0.000000
0.000000
0.000000
0.000000
0.000000
0.000000
0.000000
0.000000
0.000000
0.000000
0.000000
0.000000
0.000000
0.000000
0.000000
0.000000
0.000000
0.000000
0.000000
0.000000
0.000000
0.000000
0.000000
0.000000
0.000000
0.000000
0.000000
0.000000
0.000000
0.000000
0.000000
0.000000
0.000000
0.000000
0.000000
0.000000
0.000000
0.000000
0.000000
0.000000
0.000000
0.000000
0.000000
0.000000
0.000000
0.000000
0.000000
0.000000
0.000000
0.000000
0.000000
0.000000
0.000000
0.000000
0.000000
0.000000
0.000000
0.000000
0.000000
0.000000
0.000000
0.000000
0.000000
0.000000
0.000000
0.000000
0.000000
0.000000
0.000000
0.000000
0.000000
0.000000
0.000000
0.000000
0.000000
0.000000
0.000000
0.000000
0.000000
0.000000
0.000000
0.000000
0.000000
0.000000
0.000000
0.000000
0.000000
0.000000
0.000000
0.000000
0.000000
0.000000
0.000000
0.000000
0.000000
0.000000
0.000000
0.000000
0.000000
0.000000
0.000000
0.000000
0.000000
0.000000
0.000000
0.000000
0.000000
0.000000
0.000000
0.000000
0.000000
0.000000
0.000000
0.000000
0.000000
0.000000
0.000000
0.000000
0.000000
0.000000
0.000000
0.000000
0.000000
0.000000
0.000000
0.000000
0.000000
0.000000
0.000000
0.000000
0.000000
0.000000
0.000000
0.000000
0.000000
0.000000
0.000000
0.000000
0.000000
0.000000
0.000000
0.000000
0.000000
0.000000
0.000000
0.000000
0.000000
0.000000
0.000000
0.000000
0.000000
0.000000
0.000000
0.000000
0.000000
0.000000
0.000000
0.000000
0.000000
0.000000
0.000000
0.000000
0.000000
0.000000
0.000000
0.000000
0.000000
0.000000
0.000000
0.000000
0.000000
0.000000
0.000000
0.000000
0.000000
0.000000
0.000000
0.000000
0.000000
0.000000
0.000000
0.000000
0.000000
0.000000
0.000000
0.000000
0.000000
0.000000
0.000000
0.000000
0.000000
0.000000
0.000000
0.000000
0.000000
0.000000
0.000000
0.000000
0.000000
0.000000
0.000000
0.000000
0.000000
0.000000
0.000000
0.000000
0.000000
0.000000
0.000000
0.000000
0.000000
0.000000
0.000000
0.000000
0.000000
0.000000
0.000000
0.000000
0.000000
0.000000
0.000000
0.000000
0.000000
0.000000
0.000000
0.000000
0.000000
0.000000
0.000000
0.000000
0.000000
0.000000
0.000000
0.000000
0.000000
0.000000
0.000000
0.000000
0.000000
0.000000
0.000000
0.000000
0.000000
0.000000
0.000000
0.000000
0.000000
0.000000
0.000000
0.000000
0.000000
0.000000
0.000000
0.000000
0.000000
0.000000
0.000000
0.000000
0.000000
0.000000
0.000000
0.000000
0.000000
0.000000
0.000000
0.000000
0.000000
0.000000
0.000000
0.000000
0.000000
0.000000
0.000000
0.000000
0.000000
0.000000
0.000000
0.000000
0.000000
0.000000
0.000000
0.000000
0.000000
0.000000
0.000000
0.000000
0.000000
0.000000
0.000000
0.000000
0.000000
0.000000
0.000000
0.000000
0.000000
0.000000
0.000000
0.000000
0.000000
0.000000
0.000000
0.000000
0.000000
