0.231043
0.559192
1.392958
1.376215
1.161914
1.453230
1.480018
1.724455
1.610608
1.814863
1.908620
1.881832
2.052604
1.875135
1.814863
1.804818
1.918665
1.995680
1.824908
1.818212
1.784727
1.834954
2.005725
1.855045
1.821560
1.908620
1.814863
1.942104
1.821560
1.935408
2.009074
1.844999
1.660834
1.808166
1.811515
2.052604
1.925362
2.116224
1.999028
2.715598
2.240117
2.779218
3.124110
2.943293
3.361850
3.104019
4.359690
2.762476
3.599590
3.991359
3.887558
4.088465
4.031541
4.637611
4.165479
4.309463
4.684490
4.326205
4.523764
4.419962
4.513719
4.851913
4.791641
4.794989
4.517067
4.620869
4.828474
4.640960
4.754808
4.473537
4.627566
4.627566
4.584036
4.600779
4.540506
4.674445
4.490280
4.624218
4.577340
4.664399
4.496976
4.590734
4.617521
4.651005
4.657702
4.607475
4.460144
4.393174
4.470189
4.446750
4.507022
4.523764
4.480235
4.587385
4.540506
4.456795
4.587385
4.476886
4.426659
4.620869
4.520416
4.627566
4.168828
4.272630
4.580688
4.430007
4.269281
4.389826
4.493628
4.453446
4.209009
4.500325
4.704581
4.456795
4.644309
4.550552
4.490280
4.346296
4.212358
4.158782
4.004754
3.730180
4.038238
3.783755
3.857421
3.412076
3.787104
3.237957
3.234608
3.365198
3.127458
3.234608
3.177685
3.016959
2.695507
2.862930
2.675416
2.698855
2.615144
2.618493
2.518039
2.353965
2.414237
2.230072
2.357313
1.968892
2.374055
1.798121
2.015770
2.065997
2.350616
2.347268
2.270253
2.176497
3.030353
1.918665
2.739037
2.688810
1.101642
2.759128
2.541478
2.256859
2.675416
2.441025
2.019119
1.540290
2.531433
1.858393
2.193239
2.143012
2.159754
2.102830
2.132966
2.280298
2.323829
2.424282
2.280298
2.126270
2.333874
2.407540
2.183193
2.220026
2.347268
2.481206
2.384101
2.605099
2.655326
2.501297
2.678765
3.010262
2.708901
2.856233
3.050443
3.773710
3.298229
4.222403
3.639772
4.657702
3.790452
4.892095
4.028193
4.594082
4.004754
4.460144
4.774898
4.403220
4.466840
4.553900
4.352993
4.496976
4.533809
4.567294
4.831822
4.764853
4.734717
4.557249
4.480234
4.741414
4.798337
4.342948
4.744762
4.661051
4.537158
4.419962
4.630915
4.533809
4.553900
4.614172
4.604127
4.573991
4.533809
4.507022
4.399871
4.577340
4.440053
4.657702
4.480235
4.262585
4.584036
4.580688
4.540506
4.409917
4.430007
4.440053
4.520416
4.630915
4.513719
4.386477
4.517067
4.396523
4.282675
4.215706
4.239145
4.142040
3.860770
3.800498
3.803846
3.566106
3.700044
3.522576
3.391986
3.368547
3.304926
3.107367
3.060489
2.929899
2.899763
2.675416
2.909808
2.665371
2.645280
2.668720
2.444373
2.387449
2.712249
2.273602
2.360662
2.598402
2.451070
2.400843
2.511342
2.364010
2.323829
2.755780
2.538130
2.521387
2.561569
2.524736
2.507993
2.655326
2.591705
2.333874
2.564917
2.223375
2.461115
2.631886
2.437676
2.591705
2.534781
2.655326
3.050443
3.164291
3.391986
3.505834
3.425471
4.661051
3.967921
4.229100
4.490280
3.917694
4.071723
4.101859
3.947830
4.091813
3.974617
4.272630
4.225751
3.890906
3.777058
3.646469
3.716786
3.311623
3.318320
3.365198
3.251351
3.016959
3.023656
2.862930
2.806006
2.675416
2.353965
2.568266
2.544827
2.491251
2.347268
3.003565
2.256859
2.189890
2.404191
2.233420
2.029164
2.116224
2.025816
2.039210
2.002377
1.952150
2.009074
2.156406
1.885181
1.865090
1.891878
1.945453
1.888529
1.824908
1.992331
1.958847
1.965544
1.988983
2.062649
1.965544
1.818212
2.102830
1.911968
2.089437
1.999028
2.082740
2.189890
1.911968
1.938756
1.952150
2.009073
2.009073
1.885181
1.918665
1.952150
2.089437
2.052604
1.888529
2.025816
1.945453
1.885181
2.159754
1.955498
2.122921
1.905272
2.119573
2.116224
1.925362
2.039210
2.129618
1.992331
1.945453
1.999028
1.972241
2.035861
1.841651
2.005725
2.069346
2.102830
1.965544
1.798121
1.918665
1.948802
1.965544
2.069346
1.975589
2.102830
2.059300
2.035861
1.942104
1.952150
2.055952
2.022468
1.915317
1.945453
2.002377
1.948802
1.992331
1.938756
2.136315
2.086088
1.687622
2.092785
1.895226
1.865090
1.932059
2.065997
1.982286
1.932059
1.915317
1.938756
1.982286
2.049255
2.343919
2.216678
2.343919
2.625190
2.574963
2.404191
2.467812
2.585008
2.487903
2.876324
2.836142
3.033701
3.077231
3.331714
4.466840
3.626378
4.557249
3.542667
4.312811
3.870815
4.580688
4.121949
4.801686
4.329554
4.359690
4.476886
4.430007
4.761505
4.661051
4.533809
4.587385
4.734717
4.483582
4.580688
4.805035
4.597430
4.597430
4.553900
4.691187
4.731369
4.600778
4.577340
4.687839
4.607476
4.701232
4.430007
4.219055
4.259236
3.951178
3.917694
3.934436
3.495788
3.636423
3.542667
3.542667
3.304926
3.047095
3.107367
3.030353
2.866278
2.866278
2.866278
2.745734
2.511342
2.574963
2.534781
2.487903
2.377404
2.437676
2.246814
2.179845
2.139663
1.988983
2.009074
1.898575
1.955498
2.022468
1.922014
1.911968
1.905272
1.871787
1.942104
1.911968
1.881832
2.022468
2.213329
2.109527
2.146360
2.143012
2.109527
2.186542
1.962195
1.945453
2.015770
1.858393
2.059300
2.233420
2.196587
2.397495
2.364010
2.233420
2.276950
2.524736
2.407540
2.424282
2.461115
2.454418
2.457767
2.568266
2.692159
2.909808
2.993520
2.869627
3.301578
3.398683
3.412076
4.691187
3.867467
4.607476
3.750271
4.296069
3.971269
4.704581
4.175525
4.761505
4.152085
4.781595
4.162131
4.637612
4.845216
4.296069
4.490280
4.570642
4.389826
4.570642
4.560597
4.671096
4.841867
4.490280
4.453446
4.858610
4.252539
4.450098
4.523764
4.229100
4.038238
3.485743
4.001405
4.018147
3.833982
3.726831
3.562757
3.013610
3.391986
3.207821
3.358501
3.191079
3.160943
3.104019
2.672068
2.809355
2.739037
2.574963
2.605099
2.437676
2.243466
2.250163
2.347268
2.226723
2.116224
1.891878
1.975589
2.032513
2.106179
2.497948
1.915317
2.839491
2.149709
2.601750
2.477857
2.410888
1.778030
2.263556
2.377404
2.199936
1.707713
1.975589
1.660834
2.176497
2.039210
1.821560
2.240117
1.871787
2.116224
2.022468
2.209981
2.069346
2.136315
2.317132
2.307086
2.367358
2.625189
2.497948
2.534781
2.578311
2.618493
2.625189
2.782567
2.685462
2.842839
2.819400
2.866278
3.495788
3.057140
3.462303
3.710089
3.512530
4.496976
3.756968
4.630915
3.877512
3.910997
4.245842
4.011450
4.118601
3.723483
4.734717
4.229100
4.667747
4.262585
4.637612
4.543855
4.815080
4.419962
4.604127
4.530461
4.473537
4.590734
4.617521
4.764853
4.714626
4.640960
4.701232
4.758156
4.731369
4.553900
4.805034
4.781595
4.687839
4.490280
4.584036
4.440053
4.741414
4.614172
4.513719
4.503673
4.446750
4.657702
4.640960
4.530461
4.436704
4.152085
4.336250
4.091813
3.807194
3.924390
4.004754
3.529273
3.582848
3.549363
3.415425
3.492440
3.304926
3.237957
3.080580
3.010262
2.876324
2.906460
2.826097
2.648629
2.387449
2.645280
2.518039
2.360662
2.374055
2.297041
2.293693
2.102830
2.380752
1.999028
1.784727
2.055952
2.132966
2.307086
2.109527
1.995680
2.092785
1.918665
1.908620
1.928711
2.280298
1.905272
1.875135
1.932059
2.012422
2.126270
2.052604
2.055952
2.112876
2.055952
1.861742
2.139663
1.968892
1.985634
2.049255
2.226723
2.129618
2.069346
2.082740
1.898575
2.022468
2.005725
1.962195
2.163102
1.965544
2.045907
2.146360
2.293693
2.049255
2.307086
2.059300
1.988983
1.878484
2.156406
1.901923
2.240117
2.139663
2.169800
2.223375
2.270253
2.102830
2.139663
2.086088
2.072694
2.022468
2.126270
2.042558
2.062649
2.233420
2.019119
2.430979
1.975589
1.932059
2.092785
1.449881
1.938756
2.102830
2.076043
2.132967
2.250162
2.216678
2.243466
2.183193
2.086088
2.055952
1.978938
2.126270
1.915317
2.052604
2.146360
2.206633
2.173148
2.072694
2.089437
2.062649
2.086088
2.370707
1.898575
2.086088
2.052604
2.116224
2.119573
2.139663
2.173148
2.109527
2.106179
2.126270
1.995680
2.250162
1.878484
2.022468
2.132966
1.988983
2.106179
2.176497
2.220026
2.099482
2.377404
2.065997
2.079391
2.129618
2.156406
1.972241
2.069346
1.965544
1.995680
2.126270
1.985634
2.189890
1.948802
2.079391
1.918665
2.015770
2.002377
1.915317
1.828257
2.002377
1.992331
1.841651
1.928711
1.908620
2.009074
2.059300
2.193239
2.330525
2.554872
2.474509
2.742385
2.936596
2.059300
2.086088
2.253511
3.110716
2.139663
2.581660
1.613956
1.362822
1.161914
1.406351
1.624001
1.312595
1.995680
1.757939
2.290344
2.139663
2.199936
2.370707
2.270253
2.417585
2.394146
2.518039
2.260208
2.507993
2.364010
2.203284
2.273602
2.333874
2.300389
2.246814
2.179845
2.387449
2.400843
2.883021
2.132967
2.672068
2.451070
2.933248
2.250162
2.534781
2.434328
2.260208
1.891878
2.430979
1.496760
2.069346
1.503457
2.223375
1.644092
2.002377
2.015770
2.343919
2.939945
2.410888
2.976778
3.134155
2.434328
2.313783
2.407540
1.801469
1.995680
2.263556
2.548175
0.937568
2.899763
0.328149
0.726615
1.955498
0.585980
1.908620
0.311406
0.502268
0.750054
0.833766
1.774682
1.125081
1.292504
1.630698
1.583820
1.711061
1.999028
2.454418
1.985634
3.006914
2.497948
2.588356
3.087276
3.087276
3.318320
3.083928
3.448910
3.870815
3.535969
3.566106
3.458955
3.482394
3.438864
3.428819
3.204472
3.402031
3.231260
3.170988
3.140852
3.110716
3.060489
3.023656
3.100670
3.013611
3.050443
2.852885
2.933248
2.802658
2.842839
2.826097
2.862930
2.749082
2.792612
2.678765
2.712250
2.685462
2.635235
2.728992
2.879672
2.913157
2.611796
2.645280
2.497948
2.347268
2.384101
2.420934
2.253511
2.364010
2.149709
2.203284
2.055952
2.092785
1.885181
2.032513
2.169800
2.156406
2.226723
2.253511
1.965544
2.035861
2.059300
2.166451
2.019119
2.086088
1.871787
2.025816
2.169800
2.196587
2.518039
2.293693
2.260208
2.400843
2.407540
2.270253
2.293693
2.317132
2.384101
1.493411
2.541478
1.908620
2.089437
1.992331
1.948802
1.965544
2.153057
2.223375
2.357313
2.357313
2.263556
2.270253
2.521387
1.717758
2.742385
1.915317
2.059300
2.481206
1.972241
1.794772
2.250162
1.885181
1.456578
1.567077
2.290344
1.513502
1.811515
1.958847
2.427631
1.573774
2.179845
2.986823
2.816051
2.464464
2.551523
1.506805
2.082740
1.908620
1.958847
1.767985
2.564918
1.841651
2.514691
2.112876
2.099482
2.340571
2.179845
2.481206
1.670880
2.126270
2.079391
1.858393
3.053792
2.102830
3.000216
2.240117
2.518039
2.430979
2.116224
3.006914
2.571614
2.561569
2.266905
2.444373
1.480018
2.437676
2.303738
1.386261
2.745734
2.313783
1.567077
1.711061
2.286995
1.844999
1.546987
2.407540
2.092785
1.975589
1.848348
2.132966
2.420933
2.116224
2.672068
2.022468
2.250162
2.353964
2.246814
2.035861
2.240117
2.189890
2.451070
1.741197
2.035861
2.183193
2.728992
2.112876
2.464464
2.608447
2.370707
2.986823
2.062649
2.842839
2.327177
3.743574
2.611796
3.897603
2.541478
2.511342
3.311623
2.631886
2.638583
3.693347
1.657486
4.024844
2.173148
2.688810
3.633075
2.685462
4.065026
1.366170
1.968892
1.613956
3.227912
2.655326
2.595053
2.916505
3.231260
2.816051
3.197776
3.341759
3.137503
3.807194
3.596242
4.383129
3.880861
4.657702
3.967921
4.811731
4.292721
5.143229
4.875352
4.547204
5.183410
4.982503
5.364227
5.829662
4.798337
4.882049
5.086305
4.724672
4.684490
4.553900
4.507022
3.716786
3.957875
4.121949
3.258048
3.723483
3.840679
3.783755
3.994708
3.787104
3.917694
3.716786
3.502485
3.569454
3.492440
3.231260
3.070534
3.073883
3.137503
2.903111
2.859581
2.645280
2.528084
2.507993
2.347268
2.364010
2.380752
2.384101
2.270253
2.370707
2.300389
2.297041
2.250162
2.420934
2.343919
2.209981
2.357313
2.300389
2.206632
2.149709
1.761288
2.454418
2.169800
1.972241
1.905271
2.019119
1.925362
1.885181
2.323828
0.632858
1.637395
2.347268
1.788076
2.203284
2.062649
2.079391
2.441025
2.065997
2.417585
1.985634
2.353965
2.199936
2.846188
0.375027
1.650789
1.396306
1.868438
2.116224
1.536941
2.424282
1.577123
2.441025
1.885181
2.424282
3.134155
2.461115
3.314971
2.792612
2.826097
2.303738
1.439836
0.626161
1.978937
3.134155
2.581660
2.675416
2.451070
2.343919
1.496760
1.048067
0.971052
1.828257
2.230072
1.218838
1.774682
0.000000
0.000000
0.000000
0.000000
0.000000
0.000000
0.000000
0.000000
0.000000
0.000000
0.000000
0.000000
0.000000
0.000000
0.000000
0.000000
0.000000
0.000000
0.000000
0.000000
0.000000
0.000000
0.000000
0.000000
0.000000
0.000000
0.000000
0.000000
0.000000
0.000000
0.000000
0.000000
0.000000
0.000000
0.000000
0.000000
0.000000
0.000000
0.000000
0.000000
0.000000
0.000000
0.000000
0.000000
0.000000
0.000000
0.000000
0.000000
0.000000
0.000000
0.000000
0.000000
0.000000
0.000000
0.000000
0.000000
0.000000
0.000000
0.000000
0.000000
0.000000
0.000000
0.000000
0.000000
0.000000
0.000000
0.000000
0.000000
0.000000
0.000000
0.000000
0.000000
0.000000
0.000000
0.000000
0.000000
0.000000
0.000000
0.000000
0.000000
0.000000
0.000000
0.000000
0.000000
0.000000
0.000000
0.000000
0.000000
0.000000
0.000000
0.000000
0.000000
0.000000
0.000000
0.000000
0.000000
0.000000
0.000000
0.000000
0.000000
0.000000
0.000000
0.000000
0.000000
0.000000
0.000000
0.000000
0.000000
0.000000
0.000000
0.000000
0.000000
0.000000
0.000000
0.000000
0.000000
0.000000
0.000000
0.000000
0.000000
0.000000
0.000000
0.000000
0.000000
0.000000
0.000000
0.000000
0.000000
0.000000
0.000000
0.000000
0.000000
0.000000
0.000000
0.000000
0.000000
0.000000
0.000000
0.000000
0.000000
0.000000
0.000000
0.000000
0.000000
0.000000
0.000000
0.000000
0.000000
0.000000
0.000000
0.000000
0.000000
0.000000
0.000000
0.000000
0.000000
0.000000
0.000000
0.000000
0.000000
0.000000
0.000000
0.000000
0.000000
0.000000
0.000000
0.000000
0.000000
0.000000
0.000000
0.000000
0.000000
0.000000
0.000000
0.000000
0.000000
0.000000
0.000000
0.000000
0.000000
0.000000
0.000000
0.000000
0.000000
0.000000
0.000000
0.000000
0.000000
0.000000
0.000000
0.000000
0.000000
0.000000
0.000000
0.000000
0.000000
0.000000
0.000000
0.000000
0.000000
0.000000
0.000000
0.000000
0.000000
0.000000
0.000000
0.000000
0.000000
0.000000
0.000000
0.000000
0.000000
0.000000
0.000000
0.000000
0.000000
0.000000
0.000000
0.000000
0.000000
0.000000
0.000000
0.000000
0.000000
0.000000
0.000000
0.000000
0.000000
0.000000
0.000000
0.000000
0.000000
0.000000
0.000000
0.000000
0.000000
0.000000
0.000000
0.000000
0.000000
0.000000
0.000000
0.000000
0.000000
0.000000
0.000000
0.000000
0.000000
0.000000
0.000000
0.000000
0.000000
0.000000
0.000000
0.000000
0.000000
0.000000
0.000000
0.000000
0.000000
0.000000
0.000000
0.000000
0.000000
0.000000
0.000000
0.000000
0.000000
0.000000
0.000000
0.000000
0.000000
0.000000
0.000000
0.000000
0.000000
0.000000
0.000000
0.000000
0.000000
0.000000
0.000000
0.000000
0.000000
0.000000
0.000000
0.000000
0.000000
0.000000
0.000000
0.000000
0.000000
0.000000
0.000000
0.000000
0.000000
0.000000
0.000000
0.000000
0.000000
0.000000
0.000000
0.000000
0.000000
0.000000
0.000000
0.000000
0.000000
0.000000
0.000000
0.000000
0.000000
0.000000
0.000000
0.000000
0.000000
0.000000
0.000000
0.000000
0.000000
0.000000
0.000000
0.000000
0.000000
0.000000
0.000000
0.000000
0.000000
0.000000
0.000000
0.000000
0.000000
0.000000
0.000000
0.000000
0.000000
0.000000
0.000000
0.000000
0.000000
0.000000
0.000000
0.000000
0.000000
0.000000
0.000000
0.000000
0.000000
0.000000
0.000000
0.000000
0.000000
0.000000
0.000000
0.000000
0.000000
0.000000
0.000000
0.000000
0.000000
0.000000
0.000000
0.000000
0.000000
0.000000
0.000000
0.000000
0.000000
0.000000
0.000000
0.000000
0.000000
0.000000
0.000000
0.000000
0.000000
0.000000
0.000000
0.000000
0.000000
0.000000
0.000000
0.000000
0.000000
0.000000
0.000000
0.000000
0.000000
0.000000
0.000000
0.000000
0.000000
0.000000
0.000000
0.000000
0.000000
0.000000
0.000000
0.000000
0.000000
0.000000
0.000000
0.000000
0.000000
0.000000
0.000000
0.000000
0.000000
0.000000
0.000000
0.000000
0.000000
0.000000
0.000000
0.000000
0.000000
0.000000
0.000000
0.000000
0.000000
0.000000
0.000000
0.000000
0.000000
0.000000
0.000000
0.000000
0.000000
0.000000
0.000000
0.000000
0.000000
0.000000
0.000000
0.000000
0.000000
0.000000
0.000000
0.000000
0.000000
0.000000
0.000000
0.000000
0.000000
0.000000
0.000000
0.000000
0.000000
0.000000
0.000000
0.000000
0.000000
0.000000
0.000000
0.000000
0.000000
0.000000
0.000000
0.000000
0.000000
0.000000
0.000000
0.000000
0.000000
0.000000
0.000000
0.000000
0.000000
0.000000
0.000000
0.000000
0.000000
0.000000
0.000000
0.000000
0.000000
0.000000
0.000000
0.000000
0.000000
0.000000
0.000000
0.000000
0.000000
0.000000
0.000000
0.000000
0.000000
0.000000
0.000000
0.000000
0.000000
0.000000
0.000000
0.000000
0.000000
0.000000
0.000000
0.000000
0.000000
0.000000
0.000000
0.000000
0.000000
0.000000
0.000000
0.000000
0.000000
0.000000
0.000000
0.000000
0.000000
0.000000
0.000000
0.000000
0.000000
0.000000
0.000000
0.000000
0.000000
0.000000
0.000000
0.000000
0.000000
0.000000
0.000000
0.000000
0.000000
0.000000
0.000000
0.000000
0.000000
0.000000
0.000000
0.000000
0.000000
0.000000
0.000000
0.000000
0.000000
0.000000
0.000000
0.000000
0.000000
0.000000
0.000000
0.000000
0.000000
0.000000
0.000000
0.000000
0.000000
0.000000
0.000000
0.000000
0.000000
0.000000
0.000000
0.000000
0.000000
0.000000
0.000000
0.000000
0.000000
0.000000
0.000000
0.000000
0.000000
0.000000
0.000000
0.000000
0.000000
0.000000
0.000000
0.000000
0.000000
0.000000
0.000000
0.000000
0.000000
0.000000
0.000000
0.000000
0.000000
0.000000
0.000000
0.000000
0.000000
0.000000
0.000000
0.000000
0.000000
0.000000
0.000000
0.000000
0.000000
0.000000
0.000000
0.000000
0.000000
0.000000
0.000000
0.000000
0.000000
0.000000
0.000000
0.000000
0.000000
0.000000
0.000000
0.000000
0.000000
0.000000
0.000000
0.000000
0.000000
0.000000
0.000000
0.000000
0.000000
0.000000
0.000000
0.000000
0.000000
0.000000
0.000000
0.000000
0.000000
0.000000
0.000000
0.000000
0.000000
0.000000
0.000000
0.000000
0.000000
0.000000
0.000000
0.000000
0.000000
0.000000
0.000000
0.000000
0.000000
0.000000
0.000000
0.000000
0.000000
0.000000
0.000000
0.000000
0.000000
0.000000
0.000000
0.000000
0.000000
0.000000
0.000000
0.000000
0.000000
0.000000
0.000000
0.000000
0.000000
0.000000
0.000000
0.000000
0.000000
0.000000
0.000000
0.000000
0.000000
0.000000
0.000000
0.000000
0.000000
0.000000
0.000000
0.000000
0.000000
0.000000
0.000000
0.000000
0.000000
0.000000
0.000000
0.000000
0.000000
0.000000
0.000000
0.000000
0.000000
0.000000
0.000000
0.000000
0.000000
0.000000
0.000000
0.000000
0.000000
0.000000
0.000000
0.000000
0.000000
0.000000
0.000000
0.000000
0.000000
0.000000
0.000000
0.000000
0.000000
0.000000
0.000000
0.000000
0.000000
0.000000
0.000000
0.000000
0.000000
0.000000
0.000000
0.000000
0.000000
0.000000
0.000000
0.000000
0.000000
0.000000
0.000000
0.000000
0.000000
0.000000
0.000000
0.000000
0.000000
0.000000
0.000000
0.000000
0.000000
0.000000
0.000000
0.000000
0.000000
0.000000
0.000000
0.000000
0.000000
0.000000
0.000000
0.000000
0.000000
0.000000
0.000000
0.000000
0.000000
0.000000
0.000000
0.000000
0.000000
0.000000
0.000000
0.000000
0.000000
0.000000
0.000000
0.000000
0.000000
0.000000
0.000000
0.000000
0.000000
0.000000
0.000000
0.000000
0.000000
0.000000
0.000000
0.000000
0.000000
0.000000
0.000000
0.000000
0.000000
0.000000
0.000000
0.000000
0.000000
0.000000
0.000000
0.000000
0.000000
0.000000
0.000000
0.000000
0.000000
0.000000
0.000000
0.000000
0.000000
0.000000
0.000000
0.000000
0.000000
0.000000
0.000000
0.000000
0.000000
0.000000
0.000000
0.000000
0.000000
0.000000
0.000000
0.000000
0.000000
0.000000
0.000000
0.000000
0.000000
0.000000
0.000000
0.000000
0.000000
0.000000
0.000000
0.000000
0.000000
0.000000
0.000000
0.000000
0.000000
0.000000
0.000000
0.000000
0.000000
0.000000
0.000000
0.000000
0.000000
0.000000
0.000000
0.000000
0.000000
0.000000
0.000000
0.000000
0.000000
0.000000
0.000000
0.000000
0.000000
0.000000
0.000000
0.000000
0.000000
0.000000
0.000000
0.000000
0.000000
0.000000
0.000000
0.000000
0.000000
0.000000
0.000000
0.000000
0.000000
0.000000
0.000000
0.000000
0.000000
0.000000
0.000000
0.000000
0.000000
0.000000
0.000000
0.000000
0.000000
0.000000
0.000000
0.000000
0.000000
0.000000
0.000000
0.000000
0.000000
0.000000
0.000000
0.000000
0.000000
0.000000
0.000000
0.000000
0.000000
0.000000
0.000000
0.000000
0.000000
0.000000
0.000000
0.000000
0.000000
0.000000
0.000000
0.000000
0.000000
0.000000
0.000000
0.000000
0.000000
0.000000
0.000000
0.000000
0.000000
0.000000
0.000000
0.000000
0.000000
0.000000
0.000000
0.000000
0.000000
0.000000
0.000000
0.000000
0.000000
0.000000
0.000000
0.000000
0.000000
0.000000
0.000000
0.000000
0.000000
0.000000
0.000000
0.000000
0.000000
0.000000
0.000000
0.000000
0.000000
0.000000
0.000000
0.000000
0.000000
0.000000
0.000000
0.000000
0.000000
0.000000
0.000000
0.000000
0.000000
0.000000
0.000000
0.000000
0.000000
0.000000
0.000000
0.000000
0.000000
0.000000
0.000000
0.000000
0.000000
0.000000
0.000000
0.000000
0.000000
0.000000
0.000000
0.000000
0.000000
0.000000
0.000000
0.000000
0.000000
0.000000
0.000000
0.000000
0.000000
0.000000
0.000000
0.000000
0.000000
0.000000
0.000000
0.000000
0.000000
0.000000
0.000000
0.000000
0.000000
0.000000
0.000000
0.000000
0.000000
0.000000
0.000000
0.000000
0.000000
0.000000
0.000000
0.000000
0.000000
0.000000
0.000000
0.000000
0.000000
0.000000
0.000000
0.000000
0.000000
0.000000
0.000000
0.000000
0.000000
0.000000
0.000000
0.000000
0.000000
0.000000
0.000000
0.000000
0.000000
0.000000
0.000000
0.000000
0.000000
0.000000
0.000000
0.000000
0.000000
0.000000
0.000000
0.000000
0.000000
0.000000
0.000000
0.000000
0.000000
0.000000
0.000000
0.000000
0.000000
0.000000
0.000000
0.000000
0.000000
0.000000
0.000000
0.000000
0.000000
0.000000
0.000000
0.000000
0.000000
0.000000
0.000000
0.000000
0.000000
0.000000
0.000000
0.000000
0.000000
0.000000
0.000000
0.000000
0.000000
0.000000
0.000000
0.000000
0.000000
0.000000
0.000000
0.000000
0.000000
0.000000
0.000000
0.000000
0.000000
0.000000
0.000000
0.000000
0.000000
0.000000
0.000000
0.000000
0.000000
0.000000
0.000000
0.000000
0.000000
0.000000
0.000000
0.000000
0.000000
0.000000
0.000000
0.000000
0.000000
0.000000
0.000000
0.000000
0.000000
0.000000
0.000000
0.000000
0.000000
0.000000
0.000000
0.000000
0.000000
0.000000
0.000000
0.000000
0.000000
0.000000
0.000000
0.000000
0.000000
0.000000
0.000000
0.000000
0.000000
0.000000
0.000000
0.000000
0.000000
0.000000
0.000000
0.000000
0.000000
0.000000
0.000000
0.000000
0.000000
0.000000
0.000000
0.000000
0.000000
0.000000
0.000000
0.000000
0.000000
0.000000
0.000000
0.000000
0.000000
0.000000
0.000000
0.000000
0.000000
0.000000
0.000000
0.000000
0.000000
0.000000
0.000000
0.000000
0.000000
0.000000
0.000000
0.000000
0.000000
0.000000
0.000000
0.000000
0.000000
0.000000
0.000000
0.000000
0.000000
0.000000
0.000000
0.000000
0.000000
0.000000
0.000000
0.000000
0.000000
0.000000
0.000000
0.000000
0.000000
0.000000
0.000000
0.000000
0.000000
0.000000
0.000000
0.000000
0.000000
0.000000
0.000000
0.000000
0.000000
0.000000
0.000000
0.000000
0.000000
0.000000
0.000000
0.000000
0.000000
0.000000
0.000000
0.000000
0.000000
0.000000
0.000000
0.000000
0.000000
0.000000
0.000000
0.000000
0.000000
0.000000
0.000000
0.000000
0.000000
0.000000
0.000000
0.000000
0.000000
0.000000
0.000000
0.000000
0.000000
0.000000
0.000000
0.000000
0.000000
0.000000
0.000000
0.000000
0.000000
0.000000
0.000000
0.000000
0.000000
0.000000
0.000000
0.000000
0.000000
0.000000
0.000000
0.000000
0.000000
0.000000
0.000000
0.000000
0.000000
0.000000
0.000000
0.000000
0.000000
0.000000
0.000000
0.000000
0.000000
0.000000
0.000000
0.000000
0.000000
0.000000
0.000000
0.000000
0.000000
0.000000
0.000000
0.000000
0.000000
0.000000
0.000000
0.000000
0.000000
0.000000
0.000000
0.000000
0.000000
0.000000
0.000000
0.000000
0.000000
0.000000
0.000000
0.000000
0.000000
0.000000
0.000000
0.000000
0.000000
0.000000
0.000000
0.000000
0.000000
0.000000
0.000000
0.000000
0.000000
0.000000
0.000000
0.000000
0.000000
0.000000
0.000000
0.000000
0.000000
0.000000
0.000000
0.000000
0.000000
0.000000
0.000000
0.000000
0.000000
0.000000
0.000000
0.000000
0.000000
0.000000
0.000000
0.000000
0.000000
0.000000
0.000000
0.000000
0.000000
0.000000
0.000000
0.000000
0.000000
0.000000
0.000000
0.000000
0.000000
0.000000
0.000000
0.000000
0.000000
0.000000
0.000000
0.000000
0.000000
0.000000
0.000000
0.000000
0.000000
0.000000
0.000000
0.000000
0.000000
0.000000
0.000000
0.000000
0.000000
0.000000
0.000000
0.000000
0.000000
0.000000
0.000000
0.000000
0.000000
0.000000
0.000000
0.000000
0.000000
0.000000
0.000000
0.000000
0.000000
0.000000
0.000000
0.000000
0.000000
0.000000
0.000000
0.000000
0.000000
0.000000
0.000000
0.000000
0.000000
0.000000
0.000000
0.000000
0.000000
0.000000
0.000000
0.000000
0.000000
0.000000
0.000000
0.000000
0.000000
0.000000
0.000000
0.000000
0.000000
0.000000
0.000000
0.000000
0.000000
0.000000
0.000000
0.000000
0.000000
0.000000
0.000000
0.000000
0.000000
0.000000
0.000000
0.000000
0.000000
0.000000
0.000000
0.000000
0.000000
0.000000
0.000000
0.000000
0.000000
0.000000
0.000000
0.000000
0.000000
0.000000
0.000000
0.000000
0.000000
0.000000
0.000000
0.000000
0.000000
0.000000
0.000000
0.000000
0.000000
0.000000
0.000000
0.000000
0.000000
0.000000
0.000000
0.000000
0.000000
0.000000
0.000000
0.000000
0.000000
0.000000
0.000000
0.000000
0.000000
0.000000
0.000000
0.000000
0.000000
0.000000
0.000000
0.000000
0.000000
0.000000
0.000000
0.000000
0.000000
0.000000
0.000000
0.000000
0.000000
0.000000
0.000000
0.000000
0.000000
0.000000
0.000000
0.000000
0.000000
0.000000
0.000000
0.000000
0.000000
0.000000
0.000000
0.000000
0.000000
0.000000
0.000000
0.000000
0.000000
0.000000
0.000000
0.000000
0.000000
0.000000
0.000000
0.000000
0.000000
0.000000
0.000000
0.000000
0.000000
0.000000
0.000000
0.000000
0.000000
0.000000
0.000000
0.000000
0.000000
0.000000
0.000000
0.000000
0.000000
0.000000
0.000000
0.000000
0.000000
0.000000
0.000000
0.000000
0.000000
0.000000
0.000000
0.000000
0.000000
0.000000
0.000000
0.000000
0.000000
0.000000
0.000000
0.000000
0.000000
0.000000
0.000000
0.000000
0.000000
0.000000
0.000000
0.000000
0.000000
0.000000
0.000000
0.000000
0.000000
0.000000
0.000000
0.000000
0.000000
0.000000
0.000000
0.000000
0.000000
0.000000
0.000000
0.000000
0.000000
0.000000
0.000000
0.000000
0.000000
0.000000
0.000000
0.000000
0.000000
0.000000
0.000000
0.000000
0.000000
0.000000
0.000000
0.000000
0.000000
0.000000
0.000000
0.000000
0.000000
0.000000
0.000000
0.000000
0.000000
0.000000
0.000000
0.000000
0.000000
0.000000
0.000000
0.000000
0.000000
0.000000
0.000000
0.000000
0.000000
0.000000
0.000000
0.000000
0.000000
0.000000
0.000000
0.000000
0.000000
0.000000
0.000000
0.000000
0.000000
0.000000
0.000000
0.000000
0.000000
0.000000
0.000000
0.000000
0.000000
0.000000
0.000000
0.000000
0.000000
0.000000
0.000000
0.000000
0.000000
0.000000
0.000000
0.000000
0.000000
0.000000
0.000000
0.000000
0.000000
0.000000
0.000000
0.000000
0.000000
0.000000
0.000000
0.000000
0.000000
0.000000
0.000000
0.000000
0.000000
0.000000
0.000000
0.000000
0.000000
0.000000
0.000000
0.000000
0.000000
0.000000
0.000000
0.000000
0.000000
0.000000
0.000000
0.000000
0.000000
0.000000
0.000000
0.000000
0.000000
0.000000
0.000000
0.000000
0.000000
0.000000
0.000000
0.000000
0.000000
0.000000
0.000000
0.000000
0.000000
0.000000
0.000000
0.000000
0.000000
0.000000
0.000000
0.000000
0.000000
0.000000
0.000000
0.000000
0.000000
0.000000
0.000000
0.000000
0.000000
0.000000
0.000000
0.000000
0.000000
0.000000
0.000000
0.000000
0.000000
0.000000
0.000000
0.000000
0.000000
0.000000
0.000000
0.000000
0.000000
0.000000
0.000000
0.000000
0.000000
0.000000
0.000000
0.000000
0.000000
0.000000
0.000000
0.000000
0.000000
0.000000
0.000000
0.000000
0.000000
0.000000
