1.798121
1.724455
1.724455
1.891878
1.824908
1.861742
1.721106
1.741197
1.764636
1.932059
1.587168
1.627350
1.915317
1.818212
1.717758
2.042558
1.858393
1.741197
1.834954
1.804818
1.911968
1.707713
1.831605
1.607259
1.747894
1.717758
1.831606
1.727803
1.734500
1.801469
1.754591
1.855045
1.778030
1.674228
1.925362
1.754591
1.711061
1.844999
1.801469
1.831606
1.818211
1.767985
1.878484
1.737849
2.015770
1.851696
1.791424
1.891878
1.898575
1.871787
1.922014
1.724455
1.767985
1.968892
1.828257
1.828257
1.784727
1.818212
1.761288
1.798121
1.801469
1.734500
1.844999
1.774682
1.824908
1.801469
1.687622
1.918665
1.721106
1.764636
1.731152
1.747894
1.744545
1.875135
1.767985
1.697667
1.767985
1.684273
1.771333
1.911968
1.613956
1.751243
1.908620
1.814863
2.019119
1.724455
1.764636
1.751243
1.744545
1.848348
1.778030
1.841651
1.841651
1.908620
1.958847
2.032513
1.834954
1.751243
1.928711
1.901923
1.794772
1.664183
1.928711
1.888529
1.747894
1.801469
1.918665
1.885181
1.778030
1.838302
1.922014
1.798121
1.721106
1.784727
1.855045
1.804818
1.690970
1.774682
1.640743
1.741197
1.861742
1.808166
1.757940
1.741197
1.734500
1.791424
1.711061
1.945453
1.861742
1.868438
1.918665
1.811515
1.784727
1.831606
1.804818
1.757939
1.727803
1.848348
1.841651
1.911968
1.714409
1.701016
1.848348
1.955498
1.811515
1.878484
1.999028
1.814863
1.801469
1.707713
1.875135
1.824908
1.932059
1.804818
1.834954
1.690970
1.885181
1.801469
1.808166
1.771333
1.858393
1.858393
1.935408
1.670879
1.875135
1.667531
1.741197
1.952150
1.717758
1.624001
1.714409
1.948802
1.767985
1.798121
1.834954
1.818212
1.858393
1.865090
1.767985
1.446533
1.814863
1.620653
1.751243
1.878484
2.076043
1.714409
1.848348
1.865090
1.808166
1.751243
1.831606
1.774682
1.721106
1.881832
1.841651
1.828257
1.744546
1.801469
1.798121
1.791424
1.834954
1.731152
1.737849
1.767985
1.928711
1.721106
1.754591
1.737849
1.798121
1.771333
1.717758
1.747894
1.721106
1.901923
1.567077
1.891878
1.928711
1.871787
1.875135
1.932059
1.764636
1.791424
1.784727
1.798121
1.687622
1.721106
1.881832
1.751243
1.955498
1.771333
1.557032
1.767985
1.744545
1.801469
1.637395
1.844999
1.744546
1.717758
1.875135
1.798121
1.761288
1.811515
1.781379
1.754591
1.875135
1.781379
1.821560
1.801469
1.664183
1.814863
1.801469
1.627350
1.620653
1.945453
1.844999
1.968892
1.771333
1.922014
1.684273
1.784727
1.747894
1.918665
1.844999
1.781379
1.721106
2.015770
1.888529
1.764636
1.737849
1.744545
1.677577
1.878484
1.885181
1.637395
1.808166
1.814863
1.888529
1.908620
1.751243
1.781379
1.871787
1.741197
1.868438
1.801469
1.657486
1.767985
1.885181
1.767985
1.734500
1.844999
1.774682
1.848348
1.955498
1.707713
1.774682
1.761288
1.834954
1.667531
1.600562
1.727803
1.848348
1.788076
1.741197
1.804818
1.885181
1.747894
1.737849
1.818212
1.704364
1.707713
1.711061
1.624001
1.861742
1.818212
1.811515
1.798121
1.784727
1.590517
1.895226
1.788076
1.808166
1.818211
1.811515
1.788076
1.737849
1.811515
1.798121
1.865090
1.905272
1.881832
1.828257
1.838302
1.811515
1.861742
1.690970
2.086088
1.885181
1.630698
1.734500
1.751243
1.804818
1.737849
1.925362
1.707713
1.945453
1.650789
1.741197
1.767985
1.754591
1.831606
1.875135
1.690970
1.788076
1.831606
1.838302
1.858393
1.875135
1.878484
1.851696
1.871787
1.754591
1.911968
1.975589
1.878484
1.841651
1.788076
1.855045
1.838302
1.731152
1.687622
1.878484
1.831605
1.650789
1.928711
1.834954
1.928711
1.724455
1.905272
1.985634
1.855045
1.834954
1.831605
1.744545
1.855045
1.848348
1.737849
1.905272
1.757939
1.747894
1.804818
1.637395
1.711061
1.637395
1.734500
1.727803
1.701016
1.744546
1.767985
1.744546
2.143012
1.048067
2.039210
1.403003
1.677577
1.583820
1.731152
1.731152
1.711061
1.798121
1.975589
1.791424
1.861742
1.828257
1.895226
1.757940
1.935408
1.808166
1.988983
1.895226
1.945453
1.891878
1.881832
1.925362
1.791424
1.744545
1.811515
1.677577
1.788076
1.871787
1.851696
1.724455
1.975589
1.721106
1.814863
1.744546
1.814863
1.781379
1.690970
1.911968
1.885181
1.982286
1.865090
1.891878
1.918665
2.009073
1.690970
1.844999
1.814863
1.801469
2.035861
1.778030
1.617304
1.942104
1.751243
1.747894
1.754591
1.697667
1.667531
1.690970
1.443185
1.607259
1.684273
1.647440
1.617304
1.690970
1.654137
2.042558
2.029164
1.553684
1.694319
1.650789
1.577123
2.055952
1.734500
1.808166
1.838302
1.788076
1.811515
1.844999
1.821560
1.898575
1.824908
1.811515
1.935408
1.911968
1.865090
1.798121
1.922014
1.908620
1.764636
1.911968
1.764636
1.737849
2.099482
1.754591
1.774682
1.925362
1.687622
1.818212
1.794772
1.858393
1.995680
1.781379
1.911968
2.025816
1.697667
1.774682
1.781379
1.905272
1.516851
1.915317
1.838302
1.901923
1.834954
1.834954
1.858393
1.858393
1.811515
1.824908
1.781379
1.801469
1.744546
1.701016
1.717758
1.610607
1.667531
1.657486
1.567077
1.737849
1.841651
1.731152
1.868438
1.610607
1.915317
1.473321
2.092785
1.526896
1.808166
1.650789
1.767985
1.647440
1.811515
1.778030
1.798121
1.781379
1.871787
1.922014
1.858393
1.885181
1.875135
1.932059
1.858393
1.858393
1.791424
1.834954
1.878484
1.848348
1.818211
1.888529
1.962195
1.801469
2.096133
1.858393
1.774682
1.707713
1.811515
1.955498
1.784727
1.767985
1.898575
1.978938
1.727803
1.774682
1.834954
1.841651
1.764636
1.851696
1.798121
1.995680
1.821560
1.881832
1.778030
1.988983
1.744546
1.972241
1.747894
1.901923
1.670880
1.734500
1.754591
1.704364
1.583820
1.701016
1.690970
1.791424
1.801469
1.640743
1.727803
1.821560
1.955498
1.871787
1.767985
1.513502
1.483366
1.647440
1.697667
1.848348
1.801469
1.922014
1.741197
1.811515
1.895226
1.855045
1.861742
1.908620
1.724455
1.922014
1.891878
1.724455
2.029164
1.788076
1.814863
1.794772
1.844999
1.868438
1.861742
1.848348
1.798121
1.831606
1.851696
1.811515
1.858393
1.784727
1.814863
1.721106
1.630698
1.814863
1.922014
1.640743
1.928711
1.757940
1.677577
1.798121
1.767985
1.965544
1.711061
1.788076
1.791424
1.868438
1.791424
1.774682
1.774682
1.784727
1.704364
1.737849
1.747894
1.707713
1.677577
1.707713
1.741197
1.677577
1.727803
1.751243
1.680925
1.811515
1.999028
1.593865
1.824908
1.620653
1.865090
1.704364
1.858393
1.958847
1.945453
1.798121
1.811515
1.834954
1.928711
2.065997
1.778030
1.818212
1.871787
1.955498
1.878484
1.778030
1.824908
1.911968
1.861742
1.841651
1.798121
1.774682
1.667531
1.831606
1.834954
1.848348
1.794772
1.844999
1.808166
1.613956
1.858393
1.784727
1.771333
1.878484
1.855045
1.824908
1.821560
1.865090
1.788076
1.536941
1.855045
1.727803
1.771333
1.824908
1.798121
1.908620
1.319292
1.590517
1.697667
1.875135
1.821560
1.570426
1.600562
1.546987
1.640743
1.583820
1.697667
1.761288
1.607259
1.684273
1.717758
1.992331
1.938756
2.065997
1.794772
2.005725
1.490063
1.526896
1.513502
1.644092
1.821560
1.721106
2.015771
1.801469
2.012422
1.828257
1.858393
1.818211
1.955498
1.804818
1.821560
1.918665
1.928711
1.865090
1.754591
1.828257
1.858393
1.844999
1.928711
1.834954
1.838302
1.811515
1.808166
1.697667
1.818211
1.804818
1.744545
1.751243
1.791424
1.962195
1.811515
1.687622
1.841651
1.925362
1.737849
1.908620
1.704364
1.975589
1.962195
1.687622
1.858393
1.784727
1.814863
1.717758
1.861742
1.757939
1.711061
1.855045
1.747894
1.804818
1.650789
1.677577
1.788076
1.660834
1.818212
1.784727
1.630698
1.684273
1.744546
1.654137
2.089437
1.366170
2.183193
1.399655
1.520199
1.751243
1.727803
2.022468
1.834954
1.778030
1.801469
2.049255
1.801469
1.911968
1.818212
1.918665
1.794772
1.878484
1.965544
1.824908
1.922014
1.838302
2.032513
1.865090
1.844999
1.911968
1.801469
1.898575
1.982286
1.828257
1.855045
1.888529
1.831606
1.968892
1.895226
1.905272
1.844999
1.935408
1.831606
1.895226
1.861742
1.811515
1.590517
1.798121
1.741197
1.834954
1.694319
1.801469
1.818211
2.065997
1.697667
1.798121
1.848348
1.737849
1.674228
1.717758
1.791424
1.798121
1.660834
1.617304
1.717758
1.677577
1.717758
1.634047
1.674228
1.694319
1.694319
1.664183
2.002377
1.617304
1.634047
1.697667
1.798121
1.841651
1.915317
1.844999
1.727803
1.898575
1.875135
1.824908
1.858393
1.915317
1.901923
1.895226
1.962195
1.828257
1.915317
1.841651
1.814863
1.814863
1.690970
1.861742
1.824908
1.878484
1.844999
1.875135
1.861742
1.781379
1.818211
1.808166
1.898575
1.664183
1.975589
1.798121
1.711061
1.855045
1.794772
1.741197
1.784727
1.727803
1.838302
1.908620
1.831606
1.841651
1.978937
1.844999
1.798121
1.798121
1.731152
1.680925
1.761288
1.647440
1.925362
1.764636
1.707713
1.844999
1.731152
1.724455
1.901923
1.737849
1.868438
1.844999
1.952150
1.711061
1.918665
1.808166
1.818212
1.660834
1.881832
1.778030
1.844999
1.861742
1.865090
1.694319
1.871787
1.841651
1.968892
1.875135
1.791424
1.808166
1.717758
1.821560
1.821560
1.767985
1.851696
1.895226
1.744545
1.788076
1.701016
1.925362
1.935408
1.801469
1.895226
1.848348
1.791424
1.724455
1.861742
1.988983
1.804818
1.851696
1.744545
1.647440
1.972241
1.972241
1.932059
1.878484
1.650789
1.647440
1.610608
1.801469
1.788076
1.771333
1.838302
1.922014
1.697667
1.741197
1.634047
1.798121
1.875135
1.851696
1.935408
1.838302
1.824908
1.808166
1.778030
1.563729
1.613956
1.848348
1.751243
1.791424
1.841651
