0.237740
0.572586
0.920825
1.721106
1.148520
1.386261
1.878484
1.560381
1.757940
1.885181
1.724455
1.757940
1.824908
1.901923
1.744545
1.935408
1.811515
1.901923
1.968892
1.834954
1.898575
1.885181
1.948802
1.875135
1.744545
1.962195
1.895226
1.844999
1.804818
1.922014
1.707713
2.102830
1.828257
1.761288
1.945453
1.878484
1.761288
1.801469
1.962195
1.811515
1.861742
1.855045
1.771333
1.794772
1.690970
1.767985
2.029164
1.781379
1.684273
1.764636
2.039210
2.022468
1.801469
1.744546
1.724455
1.737849
1.895226
1.774682
1.804818
1.761288
1.761288
1.680925
1.851696
1.774682
1.942104
1.704364
1.858393
1.831605
1.704364
1.741197
1.801469
1.701016
1.761288
1.711061
1.670880
1.804818
1.875135
1.881832
1.744546
1.871787
1.928711
1.831606
1.875135
1.727803
1.644092
1.838302
1.751243
1.798121
1.717758
1.831606
1.767985
1.754591
1.727803
1.721106
1.634047
1.804818
1.881832
1.988983
1.764636
1.878484
1.694319
1.895226
1.855045
1.704364
1.667531
1.459927
1.928711
1.761288
1.781379
1.637395
1.757940
1.881832
1.858393
1.707713
1.838302
1.744545
1.844999
1.767985
1.784727
1.885181
1.697667
1.754591
1.831606
1.694319
1.885181
1.841651
1.875135
1.711061
1.861742
1.814863
1.915317
1.804818
1.644092
1.834954
1.771333
1.741197
1.868438
1.627350
1.590517
1.627350
1.844999
1.593865
1.821560
1.938756
1.814863
1.744545
1.848348
1.992331
1.798121
1.918665
1.878484
1.657486
1.911968
1.925362
1.690970
1.925362
1.808166
1.821560
1.727803
1.778030
1.798121
1.875135
1.637395
1.721106
1.875135
1.747894
1.821560
1.905271
2.032513
1.875135
1.844999
1.851696
1.911968
1.945453
1.684273
1.694319
1.767985
1.811515
1.948802
1.855045
1.660834
1.804818
1.774682
1.731152
1.818211
1.935408
1.871787
1.737849
1.751243
1.677577
1.898575
1.747894
1.781379
1.918665
1.784727
1.948802
1.824908
1.952150
1.895226
1.898575
1.624001
1.938756
1.761288
1.824908
1.667531
1.928711
1.855045
1.828257
1.731152
1.788076
1.674228
1.788076
1.727803
1.831606
1.945453
1.737849
1.771333
1.942104
1.918665
1.861742
1.885181
1.968892
1.711061
1.821560
1.680925
1.684273
1.660834
1.727803
1.828257
1.818211
1.690970
1.905272
1.828257
1.801469
1.784727
1.828257
1.754591
1.717758
1.754591
1.985634
1.911968
1.841651
1.818211
1.828257
1.747894
1.788076
1.794772
1.798121
1.828257
1.781379
1.778030
1.798121
1.925362
1.848348
1.855045
1.831606
1.701016
1.855045
1.677577
1.751243
1.834954
1.901923
1.791424
1.630698
1.804818
1.831606
1.905272
1.841651
1.841651
1.617304
1.771333
1.808166
1.948802
1.654137
1.928711
1.821560
1.788076
1.788076
1.848348
1.771333
1.734500
1.821560
1.841651
1.808166
1.737849
1.741197
1.871787
1.701016
1.737849
1.727803
1.697667
1.731152
1.674228
1.831606
1.634047
1.680925
1.891878
1.761288
1.788076
2.099482
1.764636
1.992331
1.741197
1.814863
1.824908
1.972241
1.771333
1.808166
1.855045
1.891878
1.865090
1.881832
1.818212
1.851696
1.871787
1.948802
1.814863
1.942104
1.724455
1.731152
1.788076
1.932059
1.771333
1.885181
1.717758
1.757939
1.711061
1.831605
1.878484
1.821560
1.978938
1.848348
1.901923
1.871787
1.871787
1.798121
1.945453
1.697667
1.684273
1.868438
1.834954
1.664183
1.774682
1.737849
1.727803
1.573774
1.747894
1.878484
1.754591
1.878484
1.821560
1.932059
1.624001
1.814863
1.844999
1.841651
1.734500
1.908620
1.891878
1.788076
1.801469
1.888529
1.747894
1.855045
1.794772
1.798121
1.985634
1.788076
1.684273
1.627350
1.764636
1.881832
1.778030
1.590517
1.734500
1.891878
1.737849
1.650789
1.707713
1.891878
1.834954
1.818212
1.878484
1.818211
1.778030
1.804818
1.637395
1.781379
1.851696
1.808166
1.808166
1.855045
1.814863
1.985634
1.781379
1.744545
1.791424
1.811515
1.871787
1.905272
1.891878
1.828257
1.851696
1.968892
1.841651
1.868438
1.660834
1.858393
1.838302
1.881832
1.881832
1.650789
1.871787
1.701016
1.788076
1.888529
1.737849
1.915317
1.848348
1.999028
1.831605
1.901923
2.032513
1.838302
1.841651
1.687622
1.895226
1.811515
1.858393
1.734500
1.794772
1.942104
1.798121
1.885181
1.798121
1.922014
1.754591
1.875135
1.747894
1.958847
1.704364
1.717758
1.865090
1.764636
1.881832
1.774682
1.895226
1.868438
1.516851
1.868438
1.855045
1.848348
1.580471
1.811515
1.958847
1.881832
1.965544
1.757940
1.818211
1.855045
1.928711
1.557032
1.818211
1.767985
1.694319
1.724455
1.895226
1.701016
1.818212
1.834954
1.875135
1.747894
1.771333
1.851696
1.901923
1.855045
1.865090
1.767985
1.838302
1.684273
1.932059
1.798121
1.908620
1.871787
1.798121
1.751243
1.915317
1.891878
1.922014
1.888529
1.821560
1.818212
1.808166
1.670879
1.918665
1.858393
1.928711
1.711061
1.737849
1.965544
1.828257
1.737849
1.848348
1.744546
1.942104
1.895226
1.747894
1.647440
1.751243
1.784727
1.704364
1.764636
1.731152
1.818211
1.727803
1.788076
1.865090
1.878484
1.757939
1.798121
1.684273
1.744546
1.861742
1.814863
1.764636
1.901923
1.932059
1.724455
1.844999
1.808166
1.945453
1.680925
1.942104
1.791424
1.781379
1.744546
1.771333
1.838302
1.801469
1.824908
1.838302
1.727803
1.888529
1.778030
1.600562
1.654137
1.697667
1.687622
1.774682
1.764636
1.774682
1.818212
1.788076
1.764636
1.828257
1.687622
1.818212
1.885181
1.808166
1.798121
1.771333
1.754591
1.831606
1.734500
2.049255
1.814863
1.761288
1.754591
1.791424
2.049255
1.654137
1.701016
1.778030
1.891878
1.898575
1.878484
1.721106
1.838302
1.828257
1.834954
1.711061
1.717758
1.640743
1.901923
1.841651
1.697667
1.737849
1.905272
1.855045
1.744546
1.774682
1.721106
1.905272
1.875135
1.563729
1.697667
1.757940
1.824908
1.784727
1.771333
1.838302
1.751243
1.808166
1.898575
1.724455
1.885181
1.734500
1.888529
1.985634
1.751243
1.948802
1.905272
1.781379
1.767985
1.751243
1.831606
1.694319
1.794772
1.888529
1.761288
1.630698
1.811515
1.744545
1.788076
1.634047
1.714409
1.757939
1.801469
1.831606
1.647440
1.707713
1.911968
1.918665
1.811515
1.922014
1.841651
1.858393
1.878484
1.804818
1.657486
1.670879
1.831605
1.851696
1.741197
1.694319
1.774682
1.794772
1.744546
1.597213
1.942104
1.915317
1.865090
1.824908
1.848348
1.754591
1.784727
1.808166
1.838302
1.945453
1.774682
1.757940
1.885181
1.808166
1.734500
1.818212
1.701016
1.714409
1.824908
1.781379
1.667531
1.905272
1.731152
1.928711
1.888529
1.664183
1.834954
1.794772
1.834954
1.804818
1.828257
1.895226
1.861742
1.891878
1.808166
1.761288
1.754591
1.774682
1.704364
1.754591
1.613956
1.694319
1.747894
1.818211
1.804818
1.791424
1.938756
1.711061
1.911968
1.858393
1.945453
1.724455
1.831606
1.831606
1.858393
1.757939
1.791424
1.824908
1.711061
1.851696
1.791424
1.717758
1.670879
1.888529
1.798121
1.821560
1.526896
1.851696
1.741197
1.761288
1.764636
1.717758
1.831606
1.634047
1.865090
1.784727
1.821560
1.690970
1.881832
1.928711
1.747894
1.932059
1.844999
1.818211
1.737849
1.724455
1.741197
1.784727
2.005725
1.901923
1.747894
1.757940
1.865090
1.721106
1.855045
1.737849
1.875135
1.831606
1.754591
1.978938
1.888529
1.798121
1.811515
1.838302
1.637395
1.778030
1.861742
1.764636
1.831606
1.778030
1.781379
1.727803
1.704364
1.885181
1.798121
1.821560
1.821560
1.945453
1.838302
1.908620
1.791424
1.684273
1.824908
1.764636
1.868438
1.834954
1.664183
1.637395
1.855045
1.798121
1.791424
1.624001
1.871787
1.677577
1.898575
1.824908
1.838302
1.881832
1.804818
1.791424
1.767985
1.838302
1.925362
1.848348
1.737849
1.922014
1.711061
1.895226
1.935408
1.774682
1.942104
1.731152
1.831605
1.778030
1.600562
1.680925
1.734500
1.801469
1.888529
1.898575
1.804818
1.861742
1.955498
1.885181
1.875135
1.747894
1.771333
1.821560
1.731152
1.838302
1.737849
1.620653
1.721106
1.781379
1.737849
1.844999
1.757940
1.891878
1.778030
1.744546
1.778030
1.791424
1.925362
1.657486
1.774682
1.982286
1.838302
1.737849
1.908620
1.808166
1.771333
1.831606
1.995680
1.784727
1.962195
1.680925
1.721106
1.868438
1.767985
1.724455
1.834954
1.804818
1.778030
1.747894
1.838302
1.640743
1.771333
1.908620
1.774682
1.788076
1.788076
1.821560
1.731152
1.778030
1.781379
1.761288
1.737849
1.878484
1.801469
1.814863
1.905272
1.798121
1.781379
1.848348
1.764636
1.881832
1.788076
1.778030
1.871787
1.922014
1.804818
1.888529
1.851696
1.597214
1.674228
1.861742
1.657486
1.958847
1.503457
1.922014
1.694319
1.701016
1.774682
1.958847
1.747894
1.680925
1.687622
1.871787
1.794772
1.865090
1.985634
1.861742
1.727803
1.895226
1.804818
1.701016
1.731152
1.851696
1.824908
1.932059
1.891878
1.774682
1.928711
1.704364
1.734500
1.778030
1.781379
1.778030
1.858393
1.690970
1.932059
1.804818
1.938756
1.985634
1.925362
1.861742
2.002377
1.915317
1.875135
1.838302
1.848348
1.911968
1.761288
1.804818
1.781379
1.972241
1.808166
1.761288
1.660834
1.885181
1.831606
1.737849
1.751243
1.851696
1.831606
1.624001
1.945453
1.871787
1.871787
1.717758
1.794772
1.580471
1.838302
1.747894
1.784727
1.831606
1.637395
1.701016
1.731152
1.794772
1.714409
1.737849
1.714409
1.824908
1.680925
1.888529
1.784727
1.714409
1.928711
1.694319
1.747894
1.734500
1.751243
1.734500
1.868438
1.811515
1.788076
1.844999
1.767985
1.905272
1.885181
1.938756
1.831606
1.734500
1.570426
1.794772
1.804818
1.844999
1.717758
1.868438
1.801469
1.885181
1.831606
1.791424
1.814863
1.627350
1.767985
1.764636
1.737849
1.891878
1.798121
1.824908
1.744546
1.737849
1.704364
2.116224
1.935408
1.694319
1.647440
1.694319
1.808166
1.767985
1.958847
1.734500
1.761288
1.831605
1.814863
1.808166
1.690970
1.801469
1.918665
1.818212
1.828257
1.975589
1.875135
1.704364
1.751243
1.804818
1.824908
1.798121
1.647440
1.791424
1.674228
1.734500
1.667531
1.831605
1.774682
1.707713
1.774682
1.687622
1.814863
1.660834
1.570426
1.613956
1.610607
1.694319
1.680925
1.680925
1.952150
1.627350
1.751243
1.577123
1.620653
1.811515
1.808166
2.025816
1.962195
1.885181
1.784727
1.925362
1.811515
1.875135
1.905271
1.905272
1.925362
1.988983
1.968892
1.901923
1.885181
1.905272
1.818212
1.654137
1.881832
1.821560
1.881832
1.724455
1.861742
1.811515
1.868438
1.794772
1.905272
1.858393
1.744546
2.025816
1.811515
1.767985
1.828257
1.871787
1.798121
1.761288
1.804818
1.935408
1.744546
1.824908
1.828257
1.895226
1.727803
1.828257
1.855045
1.650789
1.808166
1.788076
1.901923
1.737849
1.834954
1.841651
1.948802
1.694319
1.804818
1.855045
1.922014
1.744545
1.831606
1.878484
1.915317
1.761288
1.764636
1.751243
1.824908
1.667531
1.818211
1.757939
1.804818
1.744546
1.654137
1.717758
1.724455
1.721106
1.754591
1.744545
1.774682
1.757940
1.751243
1.828257
1.587168
1.794772
1.962195
1.741197
1.844999
1.938756
1.848348
1.704364
1.808166
1.650789
1.707713
1.771333
1.888529
1.767985
1.667531
1.657486
1.784727
1.855045
1.841651
1.798121
1.878484
1.848348
1.865090
1.865090
1.761288
1.888529
1.734500
1.731152
1.814863
1.563729
1.727803
1.794772
1.771333
1.707713
1.871787
1.767985
1.744545
1.915317
1.834954
1.757940
1.650789
1.905272
1.824908
1.791424
1.798121
1.690970
1.985634
1.687622
1.788076
1.634047
1.965544
1.778030
1.754591
1.634047
1.871787
1.818211
1.667531
1.664183
1.838302
1.844999
1.674228
1.747894
1.891878
1.687622
1.888529
1.778030
1.824908
1.774682
1.868438
1.788076
1.647440
1.778030
1.814863
1.600562
1.908620
1.948802
1.801469
1.804818
1.764636
1.824908
1.701016
1.858393
1.908620
1.875135
1.828257
1.647440
1.814863
1.838302
1.871787
1.841651
1.848348
2.116224
1.908620
1.754591
1.801469
1.848348
1.814863
1.831606
1.841651
1.791424
1.808166
1.834954
1.788076
1.724455
1.999028
1.804818
1.828257
1.798121
1.818211
1.848348
1.831606
1.764636
1.788076
1.798121
1.821560
1.774682
1.895226
1.801469
1.704364
2.022468
1.778030
1.784727
1.747894
2.126270
1.821560
1.744546
1.824908
1.925362
1.737849
1.808166
1.808166
1.858393
1.875135
1.767985
1.808166
1.811515
1.818212
1.751243
1.734500
1.838302
1.778030
1.955498
1.694319
1.831605
1.804818
1.855045
1.992331
1.754591
1.908620
1.731152
1.761288
1.855045
1.781379
1.824908
1.818211
1.731152
1.932059
1.791424
1.895226
1.764636
1.841651
1.794772
1.741197
1.834954
1.831606
1.761288
1.831606
2.015770
1.818211
1.784727
1.727803
1.871787
1.781379
1.811515
1.801469
1.704364
1.707713
1.901923
1.771333
1.888529
1.958847
1.888529
1.855045
1.982286
1.831605
1.757940
1.771333
1.737849
1.751243
1.767985
1.801469
1.848348
1.690970
1.861742
1.744545
1.734500
1.834954
1.831605
1.794772
1.804818
1.687622
1.778030
1.798121
1.814863
1.707713
1.788076
1.824908
1.814863
1.701016
1.915317
1.778030
1.821560
1.737849
1.764636
1.778030
1.801469
1.771333
1.734500
1.844999
1.731152
1.781379
1.744546
1.788076
1.774682
1.871787
1.814863
1.881832
1.861742
1.925362
1.848348
1.898575
1.794772
1.824908
1.757940
1.781379
1.774682
1.844999
1.764636
1.774682
1.694319
1.838302
1.808166
1.878484
1.727803
1.804818
1.841651
1.811515
1.711061
1.794772
1.881832
1.794772
1.828257
2.002377
1.757939
1.737849
1.650789
1.865090
1.761288
1.711061
1.771333
1.955498
1.804818
1.761288
1.804818
1.821560
1.808166
1.834954
1.804818
1.848348
1.714409
1.640743
1.684273
1.600562
1.774682
1.751243
1.687622
1.875135
1.761288
1.677577
1.731152
1.811515
1.978938
1.757939
1.788076
1.774682
1.781379
1.747894
1.650789
1.888529
1.670879
1.801469
1.767985
1.831606
1.868438
2.015770
1.784727
1.851696
1.784727
1.808166
1.885181
1.774682
2.109527
1.848348
1.848348
1.727803
1.865090
1.724455
1.721106
1.563729
1.747894
1.737849
1.550335
1.583820
1.546987
1.771333
1.587168
1.818212
1.784727
1.744546
1.791424
1.831605
1.851696
1.798121
1.844999
1.804818
2.005725
1.804818
1.838302
1.804818
1.962195
1.767985
1.744546
1.724455
1.687622
1.898575
1.697667
1.751243
1.878484
1.332685
1.674228
1.932059
1.516851
1.654137
1.791424
1.821560
2.102830
1.999028
1.885181
1.915317
1.751243
1.855045
1.952150
1.942104
1.841651
1.968892
1.798121
1.834954
1.935408
2.079391
2.032513
1.938756
1.778030
1.945453
1.784727
1.968892
1.751243
1.895226
1.865090
1.922014
1.958847
1.771333
1.908620
1.811515
1.757940
1.878484
1.724455
1.654137
1.771333
1.855045
1.871787
1.972241
1.697667
1.881832
1.647440
1.788076
1.744546
1.858393
1.848348
1.774682
1.717758
1.935408
1.711061
1.751243
1.794772
1.784727
1.767985
1.838302
1.888529
1.747894
1.851696
1.908620
1.680925
1.848348
1.757939
1.778030
1.791424
1.781379
1.801469
1.945453
1.818212
1.881832
1.744545
1.767985
1.801469
1.771333
1.697667
1.757939
1.590517
1.878484
1.814863
1.660834
1.613956
1.767985
1.794772
1.855045
1.885181
1.848348
1.828257
1.734500
1.784727
1.985634
1.811515
1.985634
1.711061
1.630698
1.878484
1.737849
1.801469
1.741197
1.757940
1.878484
1.798121
1.844999
1.794772
1.881832
1.654137
1.784727
1.751243
1.871787
1.767985
1.791424
1.774682
1.871787
1.757940
2.049255
1.808166
1.757940
1.731152
1.798121
1.751243
1.664183
1.798121
1.814863
1.727803
1.680925
1.590517
1.577123
1.861742
1.637395
1.654137
1.684273
1.252323
1.560381
2.019119
1.413048
1.456578
2.109527
1.811515
1.721106
1.918665
1.044718
1.727803
1.721106
1.828257
1.861742
1.701016
1.694319
1.791424
1.734500
1.801469
1.707713
1.801469
1.680925
1.757939
2.226723
1.624001
2.276950
1.366170
1.737849
1.962195
1.597213
1.791424
1.875135
1.741197
1.804818
2.002377
1.861742
1.814863
1.774682
1.684273
1.968892
1.727803
1.935408
1.654137
1.804818
1.650789
1.721106
1.861742
1.808166
1.640743
1.724455
1.918665
1.757940
1.868438
1.731152
1.781379
2.059300
1.640743
1.841651
1.737849
1.794772
1.928711
1.731152
1.875135
1.905271
1.644092
1.757940
1.848348
1.721106
1.660834
1.985634
1.744546
1.617304
1.754591
1.764636
1.935408
1.925362
1.851696
1.898575
1.774682
2.153057
1.988983
1.928711
1.878484
1.841651
1.761288
1.841651
1.831605
1.901923
1.838302
1.848348
1.828257
1.875135
1.751243
1.925362
1.774682
1.992331
1.865090
1.814863
2.022468
1.895226
1.851696
1.714409
1.764636
1.844999
1.962195
1.818211
1.811515
1.855045
1.778030
1.804818
1.778030
2.002377
1.764636
1.932059
1.751243
1.824908
1.767985
1.690970
1.583820
1.915317
1.841651
1.734500
1.791424
1.781379
1.731152
1.674228
1.905272
1.714409
1.881832
1.848348
1.888529
2.005725
1.687622
1.834954
1.851696
1.818212
1.680925
1.811515
1.905271
1.741197
1.942104
1.677577
1.660834
1.814863
1.948802
1.804818
1.804818
2.069346
1.875135
1.788076
1.814863
1.855045
1.697667
1.731152
1.754591
1.861742
1.711061
1.811515
1.781379
1.761288
1.905272
1.834954
1.727803
1.865090
1.707713
1.801469
1.858393
1.741197
1.741197
1.734500
1.747894
1.767985
1.694319
1.861742
1.851696
1.714409
1.901923
1.878484
1.798121
1.828257
1.664183
1.851696
1.778030
1.808166
1.580471
1.918665
1.737849
1.844999
1.824908
1.630698
1.767985
1.841651
1.968892
1.878484
1.928711
1.727803
1.871787
1.714409
1.747894
1.804818
1.764636
1.640743
1.650789
1.881832
1.794772
1.697667
2.009073
1.711061
1.828257
1.905272
1.841651
1.968892
1.878484
1.751243
1.875135
1.814863
1.717758
1.690970
1.744545
1.757940
1.784727
1.881832
1.788076
1.891878
1.878484
1.741197
1.834954
1.885181
1.744546
1.875135
1.908620
1.844999
1.844999
1.821560
1.848348
1.657486
1.741197
1.657486
1.774682
1.711061
1.788076
1.878484
1.694319
1.938756
1.560381
1.734500
1.811515
1.674228
1.757939
1.901923
1.744546
1.818212
1.704364
1.553684
1.778030
1.811515
1.734500
1.741197
1.861742
1.610607
1.928711
1.731152
1.687622
1.583820
1.901923
1.821560
1.761288
1.697667
1.891878
1.808166
1.818212
1.855045
1.885181
1.868438
1.794772
1.834954
1.958847
1.828257
1.744546
1.821560
1.861742
1.751243
1.747894
1.788076
1.711061
1.818212
1.727803
1.804818
2.035861
1.711061
1.814863
1.814863
1.734500
2.015770
1.831606
1.764636
1.868438
1.888529
1.684273
1.861742
1.690970
1.925362
1.881832
1.844999
1.831606
1.707713
1.995680
1.821560
1.613956
1.891878
1.701016
1.657486
1.955498
1.727803
1.664183
1.697667
1.627350
1.711061
1.801469
1.778030
1.757940
1.875135
1.848348
1.801469
1.731152
1.778030
1.767985
1.764636
1.784727
1.704364
1.744545
1.747894
1.781379
1.687622
1.607259
1.630698
1.764636
1.593865
2.022468
1.486715
2.032513
1.523548
1.644092
1.999028
1.828257
1.757940
1.751243
1.952150
1.972241
1.821560
1.818212
1.888529
1.727803
1.855045
1.804818
1.891878
1.925362
1.855045
1.764636
1.761288
1.704364
1.801469
1.824908
1.834954
1.828257
1.861742
1.915317
1.871787
1.834954
1.988983
1.731152
1.771333
1.771333
1.694319
1.627350
1.784727
1.761288
1.891878
1.935408
1.804818
1.677577
1.744546
1.674228
1.754591
1.844999
1.865090
1.788076
1.818212
1.744546
1.680925
1.767985
1.808166
1.744546
1.674228
1.818212
1.657486
1.644092
1.844999
1.647440
1.650789
1.570426
1.657486
1.804818
1.650789
1.553684
1.801469
1.680925
1.905272
1.851696
1.747894
1.891878
1.838302
1.888529
1.851696
1.861742
1.821560
1.938756
1.818212
1.831605
1.744545
1.891878
1.962195
1.891878
1.828257
1.731152
1.851696
1.948802
1.798121
1.865090
1.908620
1.861742
1.791424
1.868438
1.828257
1.978937
1.767985
1.814863
1.801469
1.714409
1.844999
1.701016
1.948802
1.834954
1.674228
1.875135
1.714409
1.875135
1.938756
1.901923
1.784727
1.824908
1.737849
1.774682
1.895226
1.791424
1.778030
1.737849
1.851696
1.767985
1.701016
1.664183
1.680925
1.737849
1.587168
1.644092
1.704364
1.781379
1.771333
1.637395
1.664183
1.610608
1.905272
1.774682
1.871787
1.918665
1.824908
1.808166
1.834954
1.888529
1.734500
1.757939
1.855045
1.838302
2.159754
2.009074
1.858393
1.871787
1.781379
2.042558
1.932059
1.721106
1.895226
1.804818
1.848348
1.865090
1.801469
1.694319
1.798121
1.925362
1.714409
1.875135
1.811515
1.838302
1.811515
1.824908
1.754591
1.875135
1.834954
1.731152
1.844999
1.794772
1.788076
1.831606
1.697667
1.781379
1.858393
1.915317
1.767985
1.901923
1.798121
1.744546
1.734500
1.737849
1.831606
1.496760
1.895226
1.634047
1.510154
1.888529
1.727803
1.613956
1.624001
1.724455
1.570426
1.704364
1.731152
1.841651
1.731152
1.855045
1.811515
1.814863
1.928711
1.818212
1.935408
1.764636
1.814863
2.005725
1.757939
1.824908
1.714409
1.985634
1.871787
1.865090
1.791424
1.778030
1.908620
1.942104
1.895226
1.891878
1.781379
1.808166
1.664183
1.794772
1.898575
1.922014
1.727803
1.818211
1.881832
1.788076
1.841651
1.808166
1.627350
1.774682
1.801469
1.962195
1.865090
1.942104
1.821560
1.794772
1.808166
1.798121
1.824908
1.868438
1.804818
1.757940
1.794773
1.644092
1.684273
1.650789
1.838302
1.664183
1.824908
1.570426
1.757939
1.801469
1.811515
1.901923
1.603910
1.573774
1.834954
1.731152
1.794772
1.717758
1.781379
1.834954
1.680925
1.915317
1.788076
1.791424
1.754591
1.798121
1.821560
1.865090
1.871787
1.858393
1.918665
1.881832
1.721106
1.982286
1.841651
1.784727
1.938756
1.925362
1.764636
1.834954
1.717758
1.831605
1.734500
1.754591
1.774682
1.788076
1.767985
1.744545
1.734500
1.975589
1.794772
1.868438
1.844999
1.784727
1.774682
2.049255
1.778030
1.844999
1.831605
1.911968
1.744546
1.654137
1.875135
1.808166
1.747894
1.546987
1.674228
1.741197
1.727803
1.707713
1.630698
1.764636
1.533593
1.731152
2.424282
1.520199
2.012422
1.322640
1.516851
1.831606
1.620653
1.670880
2.049255
1.734500
1.774682
1.627350
1.811515
1.891878
1.828257
1.875135
1.908620
1.922014
1.818212
1.992331
2.109527
1.851696
1.885181
1.915317
2.049255
1.901923
1.868438
1.821560
1.640743
1.918665
1.891878
1.690970
1.841651
1.794772
1.747894
1.895226
1.798121
1.801469
1.761288
1.731152
1.741197
1.834954
1.811515
1.684273
1.744546
1.801469
1.848348
1.824908
1.895226
1.855045
1.885181
1.714409
1.798121
1.831605
1.878484
1.935408
1.821560
1.878484
1.590517
1.798121
1.724455
1.382912
1.590517
1.794772
1.687622
1.356125
1.834954
1.778030
1.814863
1.741197
1.831606
1.747894
1.744545
1.811515
1.734500
1.804818
1.828257
1.985634
1.814863
1.834954
2.029164
1.901923
1.958847
1.865090
1.865090
1.824908
1.821560
1.764636
1.855045
1.992331
1.741197
1.911968
1.774682
1.838302
1.928711
1.821560
1.908620
2.015770
1.751243
1.831606
1.798121
1.543638
1.687622
1.828257
1.757939
1.831605
1.707713
1.911968
1.794772
1.885181
1.848348
1.804818
1.767985
1.704364
1.821560
1.804818
1.831605
1.650789
1.935408
1.791424
1.781379
1.690970
1.680925
1.801469
1.788076
1.640743
1.617304
1.704364
1.694319
1.727803
1.553684
1.801469
1.784727
1.784727
1.650789
1.701016
1.711061
1.891878
1.875135
1.871787
1.851696
2.002377
1.831606
1.834954
1.891878
1.908620
1.905272
1.875135
1.811515
1.948802
1.714409
1.885181
1.784727
1.918665
1.774682
1.968892
1.781379
1.978938
1.895226
2.102830
1.731152
1.891878
1.868438
1.841651
1.754591
1.848348
1.838302
1.952150
1.731152
1.620653
1.858393
1.811515
1.831606
1.798121
1.875135
1.901923
1.824908
1.767985
1.814863
1.764636
1.814863
1.834954
2.019119
1.804818
1.627350
1.704364
1.734500
1.942104
1.744546
1.744546
1.821560
1.657486
1.788076
1.784727
1.781379
1.885181
1.938756
1.690970
1.999028
1.901923
1.731152
1.704364
1.938756
1.767985
1.784727
1.767985
1.888529
1.955498
1.858393
1.898575
1.798121
1.774682
1.761288
1.734500
1.878484
1.707713
1.767985
1.881832
1.801469
1.694319
1.834954
1.717758
1.788076
1.697667
1.855045
1.761288
1.690970
1.808166
1.948802
1.811515
1.818211
1.821560
1.808166
1.851696
1.747894
1.788076
1.747894
1.908620
1.717758
1.794772
1.831606
1.855045
1.838302
1.868438
1.734500
1.999028
1.701016
1.781379
1.580471
1.814863
1.848348
1.764636
1.791424
1.955498
1.781379
2.076043
1.771333
1.858393
1.838302
1.771333
1.881832
1.771333
1.774682
1.865090
1.761288
1.778030
1.778030
1.841651
1.757939
1.640743
1.734500
1.744545
1.804818
1.771333
1.891878
1.754591
1.935408
1.811515
1.841651
1.747894
1.958847
1.627350
1.660834
1.861742
1.868438
1.905272
1.684273
1.821560
1.741197
1.603910
1.928711
1.945453
1.717758
1.767985
1.915317
1.778030
1.895226
1.737849
1.942104
1.778030
1.831606
1.721106
1.721106
1.798121
1.841651
1.687622
1.593865
1.778030
1.945453
1.888529
1.637395
1.667531
1.938756
1.657486
1.888529
1.751243
1.714409
1.828257
1.727803
1.694319
1.952150
1.788076
1.761288
1.774682
1.865090
1.868438
1.861742
1.704364
1.767985
1.861742
1.603910
1.764636
1.824908
1.677577
1.711061
1.754591
1.593865
1.925362
1.875135
1.737849
1.804818
1.945453
1.717758
1.630698
1.828257
1.767985
1.932059
1.764636
1.798121
1.814863
1.657486
1.697667
1.865090
1.707713
1.895226
1.573774
1.982286
1.811515
1.811515
1.808166
1.757940
1.855045
1.855045
1.734500
1.851696
1.747894
1.871787
1.898575
1.841651
1.684273
1.690970
1.798121
1.767985
1.587168
1.694319
1.697667
1.898575
1.871787
1.808166
1.744546
1.781379
1.905271
1.764636
1.761288
1.674228
1.744545
1.784727
1.885181
1.747894
1.928711
1.774682
2.015770
1.747894
1.885181
1.871787
1.734500
1.778030
1.794772
1.938756
1.701016
1.724455
1.747894
1.828257
1.751243
1.680925
1.771333
1.895226
1.898575
1.834954
1.814863
1.804818
1.905271
1.778030
1.697667
1.942104
1.734500
1.767985
1.838302
1.697667
1.778030
1.647440
1.821560
1.814863
1.741197
1.767985
1.982286
1.707713
1.714409
1.717758
1.824908
2.009073
1.928711
1.932059
1.721106
1.905272
1.771333
1.888529
1.888529
1.945453
1.798121
1.918665
1.764636
1.731152
1.868438
1.741197
1.811515
1.801469
1.754591
1.801469
1.794772
1.821560
1.680925
1.657486
1.761288
1.855045
1.781379
1.788076
1.814863
1.784727
1.891878
1.838302
1.911968
1.744545
1.905271
1.627350
1.697667
1.794772
1.831606
1.701016
1.861742
1.731152
1.865090
1.818211
1.844999
1.788076
1.754591
1.865090
1.734500
1.948802
1.747894
1.747894
1.804818
1.711061
1.737849
1.818212
1.754591
1.731152
2.005725
1.707713
1.784727
1.767985
1.978938
1.590517
1.831606
1.774682
1.778030
1.868438
1.650789
1.818211
1.888529
1.808166
1.711061
1.848348
1.818211
1.704364
1.945453
1.774682
1.955498
1.744546
1.764636
1.955498
1.808166
1.808166
1.865090
1.821560
1.811515
1.711061
1.818211
1.737849
1.624001
1.875135
1.771333
1.848348
1.982286
1.767985
1.724455
1.727803
1.891878
1.754591
1.848348
1.767985
2.079391
1.808166
1.724455
1.747894
1.891878
1.932059
1.731152
0.000000
0.000000
0.000000
0.000000
0.000000
0.000000
0.000000
0.000000
0.000000
0.000000
0.000000
0.000000
0.000000
0.000000
0.000000
0.000000
0.000000
0.000000
0.000000
0.000000
0.000000
0.000000
0.000000
0.000000
0.000000
0.000000
0.000000
0.000000
0.000000
0.000000
0.000000
0.000000
0.000000
0.000000
0.000000
0.000000
0.000000
0.000000
0.000000
0.000000
0.000000
0.000000
0.000000
0.000000
0.000000
0.000000
0.000000
0.000000
0.000000
0.000000
0.000000
0.000000
0.000000
0.000000
0.000000
0.000000
0.000000
0.000000
0.000000
0.000000
0.000000
0.000000
0.000000
0.000000
0.000000
0.000000
0.000000
0.000000
0.000000
0.000000
0.000000
0.000000
0.000000
0.000000
0.000000
0.000000
0.000000
0.000000
0.000000
0.000000
0.000000
0.000000
0.000000
0.000000
0.000000
0.000000
0.000000
0.000000
0.000000
0.000000
0.000000
0.000000
0.000000
0.000000
0.000000
0.000000
0.000000
0.000000
0.000000
0.000000
0.000000
0.000000
0.000000
0.000000
0.000000
0.000000
0.000000
0.000000
0.000000
0.000000
0.000000
0.000000
0.000000
0.000000
0.000000
0.000000
0.000000
0.000000
0.000000
0.000000
0.000000
0.000000
0.000000
0.000000
0.000000
0.000000
0.000000
0.000000
0.000000
0.000000
0.000000
0.000000
0.000000
0.000000
0.000000
0.000000
0.000000
0.000000
0.000000
0.000000
0.000000
0.000000
0.000000
0.000000
0.000000
0.000000
0.000000
0.000000
0.000000
0.000000
0.000000
0.000000
0.000000
0.000000
0.000000
0.000000
0.000000
0.000000
0.000000
0.000000
0.000000
0.000000
0.000000
0.000000
0.000000
0.000000
0.000000
0.000000
0.000000
0.000000
0.000000
0.000000
0.000000
0.000000
0.000000
0.000000
0.000000
0.000000
0.000000
0.000000
0.000000
0.000000
0.000000
0.000000
0.000000
0.000000
0.000000
0.000000
0.000000
0.000000
0.000000
0.000000
0.000000
0.000000
0.000000
0.000000
0.000000
0.000000
0.000000
0.000000
0.000000
0.000000
0.000000
0.000000
0.000000
0.000000
0.000000
0.000000
0.000000
0.000000
0.000000
0.000000
0.000000
0.000000
0.000000
0.000000
0.000000
0.000000
0.000000
0.000000
0.000000
0.000000
0.000000
0.000000
0.000000
0.000000
0.000000
0.000000
0.000000
0.000000
0.000000
0.000000
0.000000
0.000000
0.000000
0.000000
0.000000
0.000000
0.000000
0.000000
0.000000
0.000000
0.000000
0.000000
0.000000
0.000000
0.000000
0.000000
0.000000
0.000000
0.000000
0.000000
0.000000
0.000000
0.000000
0.000000
0.000000
0.000000
0.000000
0.000000
0.000000
0.000000
0.000000
0.000000
0.000000
0.000000
0.000000
0.000000
0.000000
0.000000
0.000000
0.000000
0.000000
0.000000
0.000000
0.000000
0.000000
0.000000
0.000000
0.000000
0.000000
0.000000
0.000000
0.000000
0.000000
0.000000
0.000000
0.000000
0.000000
0.000000
0.000000
0.000000
0.000000
0.000000
0.000000
0.000000
0.000000
0.000000
0.000000
0.000000
0.000000
0.000000
0.000000
0.000000
0.000000
0.000000
0.000000
0.000000
0.000000
0.000000
0.000000
0.000000
0.000000
0.000000
0.000000
0.000000
0.000000
0.000000
0.000000
0.000000
0.000000
0.000000
0.000000
0.000000
0.000000
0.000000
0.000000
0.000000
0.000000
0.000000
0.000000
0.000000
0.000000
0.000000
0.000000
0.000000
0.000000
0.000000
0.000000
0.000000
0.000000
0.000000
0.000000
0.000000
0.000000
0.000000
0.000000
0.000000
0.000000
0.000000
0.000000
0.000000
0.000000
0.000000
0.000000
0.000000
0.000000
0.000000
0.000000
0.000000
0.000000
0.000000
0.000000
0.000000
0.000000
0.000000
0.000000
0.000000
0.000000
0.000000
0.000000
0.000000
0.000000
0.000000
0.000000
0.000000
0.000000
0.000000
0.000000
0.000000
0.000000
0.000000
0.000000
0.000000
0.000000
0.000000
0.000000
0.000000
0.000000
0.000000
0.000000
0.000000
0.000000
0.000000
0.000000
0.000000
0.000000
0.000000
0.000000
0.000000
0.000000
0.000000
0.000000
0.000000
0.000000
0.000000
0.000000
0.000000
0.000000
0.000000
0.000000
0.000000
0.000000
0.000000
0.000000
0.000000
0.000000
0.000000
0.000000
0.000000
0.000000
0.000000
0.000000
0.000000
0.000000
0.000000
0.000000
0.000000
0.000000
0.000000
0.000000
0.000000
0.000000
0.000000
0.000000
0.000000
0.000000
0.000000
0.000000
0.000000
0.000000
0.000000
0.000000
0.000000
0.000000
0.000000
0.000000
0.000000
0.000000
0.000000
0.000000
0.000000
0.000000
0.000000
0.000000
0.000000
0.000000
0.000000
0.000000
0.000000
0.000000
0.000000
0.000000
0.000000
0.000000
0.000000
0.000000
0.000000
0.000000
0.000000
0.000000
0.000000
0.000000
0.000000
0.000000
0.000000
0.000000
0.000000
0.000000
0.000000
0.000000
0.000000
0.000000
0.000000
0.000000
0.000000
0.000000
0.000000
0.000000
0.000000
0.000000
0.000000
0.000000
0.000000
0.000000
0.000000
0.000000
0.000000
0.000000
0.000000
0.000000
0.000000
0.000000
0.000000
0.000000
0.000000
0.000000
0.000000
0.000000
0.000000
0.000000
0.000000
0.000000
0.000000
0.000000
0.000000
0.000000
0.000000
0.000000
0.000000
0.000000
0.000000
0.000000
0.000000
0.000000
0.000000
0.000000
0.000000
0.000000
0.000000
0.000000
0.000000
0.000000
0.000000
0.000000
0.000000
0.000000
0.000000
0.000000
0.000000
0.000000
0.000000
0.000000
0.000000
0.000000
0.000000
0.000000
0.000000
0.000000
0.000000
0.000000
0.000000
0.000000
0.000000
0.000000
0.000000
0.000000
0.000000
0.000000
0.000000
0.000000
0.000000
0.000000
0.000000
0.000000
0.000000
0.000000
0.000000
0.000000
0.000000
0.000000
0.000000
0.000000
0.000000
0.000000
0.000000
0.000000
0.000000
0.000000
0.000000
0.000000
0.000000
0.000000
0.000000
0.000000
0.000000
0.000000
0.000000
0.000000
0.000000
0.000000
0.000000
0.000000
0.000000
0.000000
0.000000
0.000000
0.000000
0.000000
0.000000
0.000000
0.000000
0.000000
0.000000
0.000000
0.000000
0.000000
0.000000
0.000000
0.000000
0.000000
0.000000
0.000000
0.000000
0.000000
0.000000
0.000000
0.000000
0.000000
0.000000
0.000000
0.000000
0.000000
0.000000
0.000000
0.000000
0.000000
0.000000
0.000000
0.000000
0.000000
0.000000
0.000000
0.000000
0.000000
0.000000
0.000000
0.000000
0.000000
0.000000
0.000000
0.000000
0.000000
0.000000
0.000000
0.000000
0.000000
0.000000
0.000000
0.000000
0.000000
0.000000
0.000000
0.000000
0.000000
0.000000
0.000000
0.000000
0.000000
0.000000
0.000000
0.000000
0.000000
0.000000
0.000000
0.000000
0.000000
0.000000
0.000000
0.000000
0.000000
0.000000
0.000000
0.000000
0.000000
0.000000
0.000000
0.000000
0.000000
0.000000
0.000000
0.000000
0.000000
0.000000
0.000000
0.000000
0.000000
0.000000
0.000000
0.000000
0.000000
0.000000
0.000000
0.000000
0.000000
0.000000
0.000000
0.000000
0.000000
