0.003348
0.344891
0.977749
1.068158
1.205444
1.433139
2.132967
1.865090
1.992331
1.922014
2.132967
2.260208
1.908620
2.122921
2.082740
1.828257
1.895226
2.022468
2.092785
2.029164
1.855045
1.694319
1.861742
1.898575
1.734500
1.788076
1.942104
2.035861
1.988983
1.724455
1.875135
1.788076
1.804818
1.711061
1.798121
1.781379
1.553684
1.754591
1.948802
1.908620
1.761288
1.727803
1.771333
2.022468
1.654137
1.704364
1.707713
1.754591
1.570426
1.580471
2.022468
1.707713
1.878484
1.630698
1.828257
1.757940
1.878484
1.898575
1.901923
1.808166
1.801469
1.861742
1.771333
1.905272
1.546987
1.935408
1.707713
1.932059
1.808166
1.687622
1.664183
1.831606
1.757940
1.962195
1.751243
1.808166
1.891878
1.694319
1.875135
1.774682
1.597213
1.808166
1.781379
1.794772
1.908620
2.092785
1.928711
1.972241
1.737849
1.701016
1.721106
1.774682
1.908620
1.982286
1.844999
1.895226
1.895226
1.988983
1.516851
1.647440
1.744545
1.871787
1.808166
1.734500
1.764636
2.099482
1.764636
1.553684
1.644092
1.687622
1.975589
1.650789
1.694319
1.667531
1.714409
1.888529
1.808166
1.721106
1.922014
1.794772
1.754591
1.741197
1.952150
1.975589
1.764636
1.821560
1.844999
1.717758
1.844999
1.784727
1.603910
1.778030
1.885181
1.788076
1.804818
2.005725
1.754591
1.788076
1.771333
1.500108
1.858393
1.704364
1.771333
1.851696
1.721106
1.938756
1.861742
1.701016
1.714409
1.901923
1.711061
1.818212
1.834954
1.868438
1.861742
1.844999
1.878484
1.858393
1.670879
1.915317
1.734500
1.895226
1.888529
1.794772
1.905272
1.808166
1.590517
1.878484
1.640743
1.757939
1.841651
1.744545
1.851696
1.942104
1.851696
1.774682
1.871787
1.992331
1.962195
1.831605
1.915317
1.814863
1.905272
1.543638
1.851696
1.999028
1.520199
1.761288
1.844999
1.824908
1.824908
1.855045
1.804818
2.076043
1.844999
1.778030
1.660834
1.988983
1.811515
1.486714
1.744545
1.741197
1.925362
1.687622
1.737849
1.818212
1.935408
1.583820
1.603910
1.751243
1.617304
1.821560
1.848348
1.634047
1.764636
1.855045
1.808166
1.747894
1.557032
1.978938
1.603910
1.734500
1.607259
1.861742
1.721106
1.644092
1.844999
1.630698
1.784727
1.731152
1.754591
2.009073
1.747894
1.948802
1.901923
1.791424
1.761288
1.808166
1.801469
1.972241
1.834954
1.778030
1.771333
1.905271
1.824908
1.757940
1.717758
1.677577
1.838302
1.901923
1.530244
1.667531
1.727803
1.694319
1.704364
1.808166
1.583820
1.711061
2.002377
1.844999
1.610607
1.865090
1.861742
1.834954
1.788076
1.764636
1.995680
1.848348
1.844999
1.784727
1.841651
1.714409
1.952150
1.811515
1.831606
1.757939
1.764636
1.767985
1.721106
1.838302
1.637395
1.804818
1.784727
1.744546
1.798121
1.714409
1.788076
1.657486
1.798121
1.727803
2.256859
1.617304
1.868438
1.526896
1.634047
1.697667
1.858393
1.855045
1.771333
1.972241
1.855045
1.741197
1.808166
1.811515
1.583820
1.727803
1.737849
1.674228
1.717758
1.751243
1.737849
1.731152
1.992331
1.757940
1.871787
1.754591
1.701016
1.888529
2.062649
1.597214
1.841651
1.868438
1.814863
1.771333
1.754591
1.905272
1.731152
1.828257
1.895226
1.771333
1.821560
1.952150
1.875135
1.925362
1.824908
1.630698
1.647440
1.804818
1.774682
1.861742
1.831606
1.761288
1.871787
1.888529
1.898575
1.838302
1.610607
1.804818
1.701016
1.781379
1.821560
1.875135
1.624001
1.804818
1.798121
1.583820
2.079391
1.744546
2.065997
2.072694
1.841651
1.865090
1.861742
1.901923
1.798121
1.597213
1.754591
1.982286
1.945453
1.727803
1.848348
1.737849
1.744546
1.721106
1.811515
1.948802
1.868438
1.624001
1.674228
1.754591
1.945453
1.724455
1.764636
1.898575
1.871787
1.624001
1.868438
1.771333
1.801469
1.942104
1.707713
1.781379
1.781379
1.841651
1.771333
1.754591
1.942104
1.911968
1.868438
1.771333
1.948802
1.891878
1.737849
1.737849
1.747894
1.573774
1.767985
1.757940
1.624001
1.466624
1.791424
1.697667
1.781379
1.684273
1.844999
1.808166
1.731152
1.808166
1.727803
1.901923
1.848348
2.045907
1.922014
1.821560
1.744545
1.744546
1.620653
1.597213
1.721106
1.844999
1.657486
1.784727
1.828257
1.818211
1.841651
1.704364
1.677577
1.992331
1.922014
1.764636
1.540290
1.828257
1.901923
1.734500
1.771333
1.801469
1.858393
1.978938
1.988983
1.922014
1.885181
1.834954
1.731152
1.844999
1.778030
1.848348
1.754591
1.670879
1.717758
1.717758
1.690970
1.593865
1.731152
1.714409
1.821560
1.620653
1.831606
1.721106
1.767985
1.603910
1.821560
1.620653
1.928711
1.848348
1.701016
1.814863
1.731152
1.811515
1.794772
1.801469
1.885181
2.089437
1.895226
1.781379
2.032513
1.928711
1.821560
1.828257
1.687622
1.824908
1.704364
1.761288
1.734500
1.737849
1.861742
1.781379
1.583820
1.784727
1.727803
1.808166
1.895226
1.603910
1.526896
1.677577
1.506805
1.814863
1.557032
1.667531
1.774682
1.858393
1.928711
1.848348
1.855045
1.801469
1.794772
1.687622
1.831606
1.707713
1.754591
1.774682
1.600562
1.764636
1.757939
1.737849
1.711061
1.657486
1.690970
1.664183
1.814863
1.868438
1.774682
1.794772
1.697667
1.811515
1.794772
1.781379
1.895226
1.664183
1.583820
1.834954
1.925362
1.875135
1.828257
1.834954
1.674228
1.878484
1.925362
1.717758
1.834954
1.898575
1.647440
1.838302
1.938756
1.704364
1.587168
1.627350
1.828257
1.771333
1.788076
1.824908
1.667531
1.844999
1.731152
1.714409
1.717758
1.865090
1.778030
1.078203
1.721106
1.828257
1.778030
1.627350
1.905272
1.764636
1.727803
1.767985
1.801469
1.778030
1.761288
1.844999
2.119573
1.865090
1.540290
1.999028
1.697667
1.781379
1.858393
1.741197
2.119573
1.771333
2.122921
1.811515
1.597213
1.794772
1.848348
1.741197
1.751243
1.858393
1.778030
1.567077
1.727803
1.647440
1.674228
1.617304
1.801469
1.798121
1.778030
1.640743
1.814863
1.958847
1.751243
1.794772
1.794772
1.690970
1.593865
1.771333
1.794772
1.724455
1.711061
1.657486
1.811515
1.831605
1.624001
1.838302
1.690970
1.804818
1.674228
1.878484
1.563729
1.791424
1.885181
1.821560
1.727803
1.754591
1.878484
1.721106
1.818212
1.948802
1.784727
1.771333
1.831606
1.697667
1.801469
1.858393
1.721106
1.754591
1.885181
1.747894
1.657486
1.600562
1.824908
1.667531
1.630698
1.804818
1.707713
1.858393
1.617304
1.767985
1.841651
1.878484
1.861742
1.848348
1.764636
1.764636
1.855045
1.690970
1.935408
1.784727
1.814863
1.724455
1.657486
1.704364
1.774682
1.811515
1.814863
1.657486
1.885181
2.015770
1.818212
1.885181
1.928711
1.667531
1.707713
1.895226
1.714409
1.751243
1.821560
1.915317
1.771333
1.958847
1.781379
1.680925
1.814863
1.781379
1.788076
1.831606
1.771333
1.922014
1.804818
1.995680
2.065997
1.731152
1.751243
1.774682
1.784727
1.814863
1.828257
1.821560
1.804818
1.834954
1.834954
1.814863
1.778030
1.694319
1.838302
1.798121
1.794772
1.778030
1.761288
1.721106
1.982286
1.965544
1.764636
1.948802
1.928711
1.767985
1.918665
1.942104
2.025816
1.905272
1.784727
1.731152
1.550335
1.557032
1.878484
1.741197
1.654137
1.664183
1.711061
1.858393
1.898575
1.620653
1.788076
1.714409
1.660834
1.841651
1.814863
1.794772
1.891878
1.714409
1.788076
1.794772
1.774682
1.637395
1.634047
1.794772
1.690970
1.985634
1.855045
1.781379
1.808166
1.808166
1.915317
1.788076
1.838302
1.798121
1.938756
1.965544
1.791424
1.848348
1.818212
1.694319
2.072694
2.029164
1.744545
1.848348
1.751243
1.771333
1.794772
1.764636
1.875135
1.858393
1.831606
2.039210
1.771333
1.697667
1.888529
1.855045
1.757939
1.774682
1.674228
1.757939
1.727803
1.818212
1.828257
1.838302
1.911968
1.664183
1.741197
1.962195
1.824908
1.858393
1.644092
1.771333
1.968892
1.694319
1.868438
1.811515
1.788076
1.794772
1.731152
1.798121
1.788076
1.704364
1.804818
1.918665
1.778030
1.878484
1.878484
1.935408
1.791424
1.942104
1.828257
1.707713
1.587168
1.660834
1.667531
1.778030
1.667531
1.744545
1.928711
1.587168
1.838302
1.757939
1.868438
1.844999
1.630698
1.767985
1.814863
1.701016
2.019119
1.704364
1.901923
1.734500
1.824908
1.881832
1.577123
1.778030
2.039210
1.928711
1.714409
1.788076
1.690970
1.711061
1.932059
1.798121
1.948802
1.583820
2.029164
1.871787
1.911968
1.798121
1.754591
1.804818
1.905272
1.771333
1.731152
1.650789
1.794772
1.999028
1.821560
1.751243
1.804818
1.674228
1.844999
1.727803
1.727803
1.704364
1.801469
1.898575
1.948802
1.918665
1.878484
1.714409
1.734500
1.885181
1.687622
1.798121
1.627350
1.778030
1.721106
1.898575
1.690970
1.751243
1.875135
2.002377
1.690970
1.848348
1.901923
1.744545
1.828257
1.771333
1.771333
1.697667
1.818212
1.791424
1.918665
1.888529
1.908620
1.791424
1.697667
1.731152
1.878484
1.577123
1.737849
1.724455
1.747894
1.727803
1.727803
1.767985
1.791424
1.741197
1.885181
1.935408
1.808166
1.764636
1.784727
1.901923
1.778030
1.958847
1.764636
1.774682
1.801469
1.707713
1.778030
1.778030
1.774682
1.774682
1.771333
1.751243
1.878484
1.593865
1.895226
1.818211
1.945453
2.062649
1.855045
1.737849
1.781379
2.035861
1.905272
1.861742
1.804818
2.025816
1.784727
1.844999
1.834954
1.731152
1.798121
2.012422
1.871787
1.657486
1.687622
1.978938
1.865090
1.945453
1.831606
1.855045
1.814863
1.891878
1.764636
1.757940
2.025816
1.650789
1.761288
1.821560
1.804818
1.767985
1.915317
1.814863
1.784727
1.754591
1.841651
1.972241
1.711061
1.811515
1.701016
1.751243
1.838302
1.891878
1.737849
1.613956
1.657486
1.607259
1.701016
1.660834
1.711061
1.757940
1.918665
1.804818
1.731152
1.734500
1.704364
1.861742
1.687622
1.818212
1.781379
1.627350
1.905272
1.567077
1.824908
1.821560
1.747894
1.858393
1.834954
1.828257
1.938756
1.855045
1.804818
1.818212
1.567077
1.868438
1.861742
1.684273
1.570426
1.865090
1.801469
1.794772
1.875135
1.798121
1.888529
1.798121
1.744545
1.761288
1.778030
1.707713
1.694319
1.617304
1.888529
1.697667
1.610607
1.593865
1.543638
2.072694
1.781379
1.958847
1.453230
2.012422
1.369519
1.640743
1.684273
1.841651
1.804818
1.978938
1.865090
2.012422
1.727803
1.915317
1.828257
1.881832
2.112876
1.992331
1.824908
1.647440
1.821560
1.901923
1.828257
1.875135
1.778030
1.791424
1.794772
1.861742
1.895226
1.808166
1.918665
1.798121
1.972241
1.757940
1.811515
1.784727
1.878484
1.828257
1.747894
1.744545
1.757939
1.784727
1.721106
1.774682
1.891878
1.761288
1.824908
1.801469
1.861742
1.701016
1.778030
1.707713
1.781379
2.065997
1.781379
1.697667
1.650789
1.982286
1.590517
1.781379
1.781379
1.958847
1.624001
1.778030
1.838302
1.664183
1.757940
1.871787
1.654137
1.958847
1.707713
1.784727
1.717758
1.784727
1.855045
1.717758
1.821560
1.871787
1.767985
1.834954
1.674228
1.945453
1.831606
1.831606
1.952150
1.942104
1.711061
1.714409
1.687622
1.731152
1.580471
1.731152
1.885181
2.005725
1.767985
1.834954
1.778030
1.721106
1.935408
1.901923
1.721106
1.878484
1.630698
1.694319
1.590517
1.878484
2.052604
1.855045
1.865090
1.697667
1.925362
1.650789
1.767985
1.821560
1.747894
1.774682
1.788076
1.761288
1.811515
1.855045
1.855045
1.617304
1.804818
1.968892
1.784727
1.804818
1.855045
1.727803
1.798121
1.851696
2.039210
2.146360
1.731152
1.804818
1.667531
1.952150
1.988983
1.771333
1.811515
1.701016
1.834954
1.630698
1.881832
1.831605
1.861742
1.965544
1.620653
1.871787
1.958847
1.697667
2.052604
1.918665
1.814863
1.781379
1.687622
1.831606
1.818212
1.978938
1.945453
1.741197
1.798121
1.761288
1.811515
1.824908
1.654137
1.922014
1.767985
1.794772
1.751243
1.885181
1.727803
1.764636
1.791424
1.928711
1.714409
1.844999
1.851696
1.657486
1.697667
1.952150
2.002377
1.844999
1.654137
1.587168
1.560381
1.841651
1.573774
1.687622
1.613956
1.751243
1.751243
1.895226
1.761288
1.794772
1.942105
1.888529
1.878484
1.757940
1.801469
1.908620
1.811515
1.881832
1.764636
1.774682
1.818212
1.801469
1.808166
1.788076
1.811515
1.794772
1.791424
1.794772
1.757940
1.814863
1.878484
1.875135
1.674228
1.834954
1.875135
1.848348
1.955498
1.664183
1.771333
1.804818
1.844999
1.804818
1.744546
1.811515
1.808166
1.962195
1.634047
1.778030
1.761288
1.778030
1.848348
1.831606
1.801469
1.754591
1.838302
1.707713
1.690970
1.942104
1.704364
1.905272
1.895226
1.988983
1.918665
1.690970
1.778030
1.791424
1.875135
1.791424
1.757939
1.757939
1.828257
1.644092
1.888529
1.771333
1.660834
1.771333
1.747894
1.804818
1.774682
1.928711
1.942104
1.721106
1.885181
1.891878
1.520199
1.744546
1.828257
1.781379
1.828257
1.838302
1.871787
1.831606
1.794772
1.898575
1.778030
1.982286
1.901923
1.814863
1.855045
1.724455
1.855045
1.801469
1.881832
1.962195
1.901923
1.834954
1.764636
1.778030
1.734500
1.771333
1.838302
1.784727
1.922014
1.824908
1.781379
1.781379
1.580471
1.791424
1.851696
1.767985
1.788076
1.898575
1.744546
1.942104
1.814863
1.831606
1.875135
1.932059
1.831606
1.771333
1.818212
1.761288
1.721106
1.650789
1.694319
1.798121
1.680925
1.644092
1.597213
1.624001
1.831606
1.858393
1.834954
1.664183
1.680925
1.935408
1.701016
1.824908
1.694319
1.928711
1.811515
1.804818
1.975589
1.714409
1.677577
1.774682
1.811515
1.677577
1.875135
1.808166
1.731152
2.009073
1.804818
1.999028
1.751243
2.015770
1.814863
1.804818
1.881832
1.741197
1.741197
1.781379
1.747894
1.744545
1.757939
1.767985
1.888529
1.597214
1.891878
1.804818
1.804818
1.744546
1.908620
1.774682
1.831606
1.824908
1.737849
1.844999
1.821560
1.838302
1.818211
1.761288
1.975589
1.828257
1.885181
1.922014
1.757940
1.814863
1.791424
1.834954
1.831605
1.891878
1.727803
1.794772
1.801469
1.801469
1.804818
1.784727
1.791424
1.540290
1.704364
1.711061
1.577123
1.938756
1.711061
1.670879
1.858393
1.737849
1.794772
1.634047
1.747894
1.848348
1.895226
1.972241
1.865090
1.804818
1.844999
1.844999
1.865090
1.764636
1.821560
1.858393
1.757939
1.798121
1.687622
1.778030
1.687622
1.312595
1.084900
1.767985
1.560381
1.935408
1.570426
1.741197
1.757939
1.754591
1.935408
1.952150
1.922014
1.962195
1.855045
1.901923
1.911968
1.660834
1.711061
1.754591
1.891878
2.173148
2.019119
1.851696
2.022468
1.791424
1.771333
1.999028
1.888529
1.774682
1.838302
1.754591
1.844999
1.855045
1.814863
1.841651
1.824908
1.778030
1.808166
1.992331
1.824908
1.794772
1.804818
1.841651
1.834954
1.818211
1.834954
1.851696
1.737849
1.834954
1.838302
1.724455
1.674228
1.660834
1.667531
1.761288
1.801469
1.834954
1.721106
1.687622
1.727803
1.761288
1.824908
1.804818
1.714409
1.814863
1.764636
1.844999
1.637395
1.513502
1.808166
1.737849
1.788076
1.875135
1.714409
1.928711
1.851696
1.905272
1.888529
1.721106
1.778030
1.935408
1.761288
1.818212
1.764636
1.828257
1.881832
1.821560
1.801469
1.908620
1.838302
1.778030
1.737849
1.761288
1.948802
1.704364
1.952150
1.844999
2.025816
1.701016
1.905272
1.875135
1.861742
1.834954
1.808166
1.801469
1.781379
1.824908
1.764636
1.828257
1.798121
1.757940
1.834954
1.724455
1.711061
1.855045
1.818212
1.828257
1.818212
1.838302
1.814863
1.851696
1.784727
1.824908
1.761288
1.771333
1.818212
1.757939
1.704364
1.694319
1.707713
1.684273
1.771333
1.637395
1.593865
1.369519
1.617304
1.995680
1.677577
1.707713
1.680925
1.630698
2.357313
1.945453
1.901923
1.895226
1.774682
2.236768
1.848348
1.915317
1.687622
1.788076
1.818211
1.684273
1.901923
1.814863
1.938756
2.193239
1.824908
1.433139
2.079391
1.550335
1.781379
1.640743
1.801469
1.968892
1.928711
1.875135
1.804818
1.818212
1.798121
1.948802
1.814863
1.761288
1.707713
1.761288
1.778030
1.647440
1.680925
1.891878
1.279110
2.052604
1.098294
2.082740
1.486714
1.687622
1.851696
1.634047
1.972241
1.841651
1.925362
1.965544
1.644092
2.102831
1.808166
1.945453
1.778030
1.801469
1.798121
1.644092
1.942104
1.875135
2.005725
1.922014
1.546987
1.798121
1.744546
1.828257
1.855045
2.012422
2.029164
1.922014
1.911968
1.908620
1.895226
2.035861
1.851696
1.851696
1.875135
1.938756
1.834954
1.888529
1.915317
1.911968
1.764636
1.804818
1.848348
1.908620
1.794772
1.774682
1.948802
1.834954
1.905272
1.711061
1.808166
1.945453
1.744546
1.905272
1.838302
1.972241
1.767985
1.865090
1.647440
1.885181
1.968892
1.901923
1.754591
1.838302
1.938756
1.707713
1.841651
1.848348
2.055952
1.791424
1.898575
1.841651
1.855045
1.811515
1.875135
1.724455
1.731152
1.737849
1.778030
1.801469
1.741197
1.664183
1.767985
1.624001
1.818211
1.727803
1.871787
1.824908
1.808166
1.858393
1.781379
1.724455
1.855045
1.891878
1.831605
1.761288
1.714409
1.757939
1.885181
1.694319
1.724455
1.814863
1.821560
1.804818
1.841651
1.818212
1.714409
1.754591
1.855045
1.694319
1.784727
1.714409
1.741197
1.761288
1.881832
1.791424
1.804818
1.727803
1.958847
1.737849
2.002377
1.707713
1.771333
1.734500
1.932059
1.888529
1.617304
1.824908
1.999028
1.808166
1.821560
1.791424
1.714409
1.794772
1.761288
1.841651
1.818211
1.680925
1.701016
1.814863
1.637395
1.724455
1.610607
1.905272
1.788076
1.801469
1.978938
1.804818
1.734500
1.855045
1.767985
1.798121
1.687622
1.751243
1.895226
1.881832
1.885181
1.841651
1.690970
2.025816
1.801469
1.784727
1.791424
1.965544
1.945453
1.968892
1.737849
1.694319
1.918665
1.784727
1.751243
1.747894
1.908620
1.935408
1.848348
1.818212
1.771333
1.875135
1.781379
1.774682
1.821560
1.818211
1.838302
1.848348
1.808166
1.818211
1.804818
1.741197
1.778030
1.724455
1.704364
1.737849
1.680925
1.942104
1.821560
1.751243
1.767985
1.778030
1.838302
1.804818
1.536941
1.808166
1.751243
1.731152
1.784727
1.741197
1.922014
1.938756
1.821560
1.704364
1.788076
1.985634
1.858393
1.771333
1.911968
1.834954
1.995680
1.824908
1.855045
1.865090
1.891878
1.858393
1.794772
1.690970
1.784727
1.794772
1.754591
1.751243
1.714409
1.771333
1.814863
1.898575
1.660834
1.814863
1.788076
1.808166
1.868438
1.824908
1.834954
1.841651
2.035861
1.757939
1.741197
1.751243
1.774682
1.885181
1.928711
1.821560
1.741197
1.660834
1.841651
1.731152
1.771333
1.814863
1.791424
1.814863
1.721106
1.684273
1.757939
1.764636
1.891878
1.717758
1.751243
1.875135
1.701016
1.999028
1.798121
1.704364
1.801469
1.751243
1.751243
1.824908
1.834954
1.747894
1.734500
1.791424
1.881832
1.788076
1.711061
1.794772
1.660834
1.704364
1.617304
1.794772
1.848348
1.600562
2.086088
1.687622
1.634047
1.610607
1.828257
1.764636
1.891878
1.888529
1.831606
1.811515
1.851696
1.349428
1.419745
2.005725
2.019119
1.818211
1.962195
1.895226
1.684273
1.885181
1.804818
2.059300
1.814863
1.938756
1.798121
1.794772
1.764636
1.828257
2.079391
1.754591
1.915317
1.667531
1.824908
1.654137
1.784727
1.925362
1.865090
1.808166
1.778030
1.985634
1.784727
1.734500
1.824908
1.908620
1.680925
1.798121
1.831605
1.811515
1.828257
1.811515
1.767985
1.821560
1.834954
1.701016
1.741197
1.654137
1.717758
1.794772
1.881832
1.630698
1.741197
1.875135
1.701016
1.660834
1.865090
1.620653
1.637395
1.952150
1.861742
1.814863
1.778030
1.761288
1.922014
1.764636
1.841651
1.868438
1.891878
1.824908
1.767985
1.911968
1.942104
1.848348
1.767985
1.798121
1.851696
1.824908
1.891878
1.741197
1.844999
1.972241
1.808166
1.617304
2.005725
1.824908
1.871787
1.838302
1.717758
1.844999
1.915317
1.804818
1.798121
1.727803
1.855045
1.754591
1.938756
1.757940
1.808166
1.788076
1.814863
1.814863
1.771333
1.834954
1.737849
1.858393
1.784727
1.757939
1.694319
1.865090
1.915317
1.701016
1.774682
1.613956
1.690970
1.761288
1.791424
1.794772
2.052604
1.988983
1.610607
1.838302
1.640743
1.727803
1.824908
1.821560
1.875135
1.878484
1.895226
1.915317
1.784727
1.808166
1.935408
1.861742
1.741197
1.707713
1.771333
1.841651
1.898575
1.801469
1.821560
1.727803
1.808166
1.771333
1.727803
1.560381
1.898575
1.711061
1.861742
1.831606
1.861742
1.828257
1.858393
1.754591
2.116224
1.597214
1.727803
1.925362
1.734500
1.694319
1.922014
1.731152
1.771333
1.814863
1.992331
1.831606
1.794772
1.788076
1.757939
1.784727
1.774682
1.624001
1.828257
1.751243
1.690970
1.275762
1.778030
1.714409
1.727803
1.617304
1.624001
2.300389
1.610607
1.999028
1.557032
1.711061
1.617304
1.701016
1.824908
1.761288
2.005725
1.724455
1.778030
2.045907
2.055952
2.086088
1.938756
1.630698
1.911968
1.834954
1.781379
1.932059
1.764636
1.798121
1.751243
1.674228
1.928711
1.694319
1.895226
1.801469
1.711061
1.834954
1.771333
1.767985
1.654137
1.781379
1.694319
1.788076
1.744546
1.808166
1.721106
1.747894
1.734500
1.794772
2.059300
1.690970
1.814863
1.757940
1.948802
1.841651
1.855045
1.788076
1.888529
1.878484
1.804818
1.804818
1.757939
1.764636
1.694319
1.593865
1.767985
1.734500
1.680925
1.593865
1.670880
1.868438
1.918665
1.650789
2.196587
1.557032
1.744545
1.704364
1.855045
1.828257
2.022468
1.918665
1.858393
1.824908
1.911968
1.794772
1.895226
1.891878
1.935408
1.932059
1.634047
1.858393
1.771333
1.834954
1.828257
1.821560
1.617304
1.952150
1.865090
1.791424
1.808166
1.814863
1.767985
1.754591
1.868438
1.838302
1.972241
1.932059
1.764636
1.747894
1.908620
1.871787
1.704364
1.952150
1.881832
1.751243
1.617304
1.737849
1.784727
1.848348
1.834954
1.898575
1.801469
1.915317
1.761288
1.721106
1.744546
1.664183
1.838302
1.724455
1.248974
1.784727
1.255671
1.992331
1.413049
2.012422
1.282459
2.045907
1.295852
1.392958
1.727803
1.620653
1.630698
1.714409
1.885181
1.891878
1.975589
1.858393
2.062649
1.848348
1.855045
2.049255
2.049255
1.915317
1.794772
1.878484
1.918665
1.798121
1.895226
1.814863
2.032513
1.831606
1.784727
1.690970
1.888529
1.804818
1.848348
1.844999
1.861742
1.701016
1.834954
1.707713
1.818212
1.868438
1.737849
1.704364
1.831606
1.791424
1.727803
1.717758
1.885181
1.751243
1.757939
1.778030
1.818212
1.875135
1.784727
1.798121
2.012422
1.717758
1.751243
1.707713
1.824908
1.644092
1.694319
1.764636
1.724455
1.737849
1.811515
1.798121
1.771333
1.982286
1.647440
1.992331
1.684273
1.711061
1.794772
1.664183
1.115036
1.801469
1.818212
1.942104
1.855045
1.885181
1.968892
1.821560
1.747894
1.858393
1.881832
2.049255
1.844999
1.834954
1.824908
1.761288
1.798121
2.045907
1.801469
1.704364
1.814863
1.881832
1.851696
1.901923
1.928711
1.724455
1.942104
1.841651
1.714409
1.871787
1.965544
1.791424
1.865090
1.885181
1.925362
1.717758
1.898575
1.828257
1.952150
1.801469
1.791424
1.784727
1.744546
1.757939
1.851696
1.881832
1.714409
1.841651
1.657486
1.834954
1.593865
1.788076
1.828257
1.821560
1.670880
1.744546
1.801469
1.804818
1.771333
1.717758
1.680925
1.781379
1.761288
1.982286
1.801469
1.855045
1.925362
1.734500
1.851696
1.818211
1.811515
1.764636
1.627350
1.824908
1.701016
1.804818
2.019119
1.838302
1.804818
1.781379
1.788076
1.804818
1.858393
1.818212
1.875135
1.821560
1.771333
1.734500
1.754591
1.644092
1.664183
1.875135
1.932059
1.808166
1.624001
1.771333
1.875135
1.794772
1.680925
1.690970
1.791424
1.597213
1.918665
1.811515
1.791424
1.858393
1.724455
1.878484
1.757939
1.737849
1.761288
1.654137
1.704364
1.711061
1.811515
1.690970
1.791424
1.757940
1.975589
1.878484
1.871787
1.597213
1.808166
1.875135
1.841651
1.885181
1.774682
1.938756
1.965544
1.878484
1.707713
2.045907
1.808166
1.630698
1.714409
1.757940
1.935408
1.841651
1.654137
1.677577
1.637395
1.818211
1.818211
1.721106
1.694319
1.818212
1.597213
1.714409
1.707713
1.915317
1.922014
1.757939
1.778030
1.751243
1.891878
1.781379
1.764636
1.714409
1.844999
1.617304
1.687622
1.885181
1.624001
1.607259
1.848348
1.841651
1.868438
1.844999
1.714409
1.794772
1.968892
1.620653
1.895226
1.734500
1.888529
1.908620
1.734500
1.734500
1.778030
1.855045
1.844999
1.734500
1.724455
1.818211
1.744545
1.774682
1.905272
1.781379
1.945453
1.603910
1.747894
1.928711
1.868438
1.774682
1.690970
1.664183
1.647440
1.724455
1.885181
1.697667
1.794772
1.851696
1.694319
1.751243
2.009074
1.610607
1.841651
1.490063
1.761288
1.717758
1.865090
1.841651
1.757940
1.828257
1.754591
1.868438
1.855045
1.674228
1.727803
1.794772
1.878484
2.032513
1.794772
1.597213
2.129618
1.724455
1.724455
1.781379
1.952150
1.918665
1.520199
1.650789
1.704364
1.868438
1.878484
1.727803
1.895226
1.727803
1.908620
1.828257
1.697667
1.754591
1.888529
1.818212
1.841651
1.680925
1.627350
1.754591
1.714409
1.627350
1.781379
1.660834
1.771333
1.878484
2.045907
1.962195
1.804818
1.895226
1.804818
1.878484
1.767985
1.841651
1.607259
1.911968
1.714409
1.788076
2.049255
1.684273
1.670879
1.908620
1.898575
1.801469
1.516851
1.727803
1.617304
1.848348
1.791424
1.875135
1.881832
1.831606
1.764636
1.814863
1.788076
1.932059
1.814863
1.831606
1.764636
1.948802
1.640743
1.778030
1.788076
1.603910
2.012422
1.741197
1.754591
1.851696
1.855045
1.901923
1.774682
1.932059
1.808166
1.841651
1.855045
1.781379
1.737849
1.938756
1.858393
1.861742
1.824908
1.948802
1.871787
1.905271
1.737849
1.928711
1.727803
1.697667
1.901923
1.637395
1.834954
1.958847
1.754591
1.727803
1.871787
1.637395
1.828257
1.885181
1.918665
1.858393
1.717758
1.831606
1.731152
2.065997
1.851696
1.717758
1.788076
1.731152
2.022468
1.818211
1.814863
1.794772
1.828257
1.767985
1.764636
1.630698
1.932059
1.727803
1.721106
1.844999
1.865090
1.634047
1.818211
1.771333
1.798121
1.754591
1.841651
1.911968
1.938756
1.935408
1.761288
1.985634
1.855045
1.778030
1.737849
1.945453
1.697667
1.891878
1.647440
1.737849
1.798121
1.881832
1.784727
1.908620
1.784727
1.711061
1.895226
1.851696
1.808166
2.009073
1.928711
1.788076
1.875135
1.831606
1.737849
1.546987
1.781379
1.918665
1.721106
1.898575
1.734500
1.747894
1.908620
1.881832
1.928711
1.804818
1.741197
1.932059
1.908620
1.868438
1.684273
1.751243
1.684273
2.032513
1.781379
1.701016
1.814863
1.744545
1.978938
1.754591
1.731152
1.851696
1.831605
1.798121
1.895226
1.687622
1.858393
1.687622
1.774682
1.741197
1.727803
1.855045
1.814863
1.744546
1.721106
1.888529
1.711061
1.690970
1.878484
1.804818
1.875135
2.005725
1.697667
1.757940
1.791424
1.637395
1.684273
1.875135
1.814863
1.721106
1.798121
1.761288
1.684273
1.938756
1.868438
1.791424
1.771333
1.711061
1.848348
1.801469
1.831606
1.851696
1.828257
1.811515
1.674228
1.721106
1.751243
1.781379
1.932059
1.858393
2.035861
1.898575
1.747894
1.888529
0.000000
0.000000
0.000000
0.000000
0.000000
0.000000
0.000000
0.000000
0.000000
0.000000
0.000000
0.000000
0.000000
0.000000
0.000000
0.000000
0.000000
0.000000
0.000000
0.000000
0.000000
0.000000
0.000000
0.000000
0.000000
0.000000
0.000000
0.000000
0.000000
0.000000
0.000000
0.000000
0.000000
0.000000
0.000000
0.000000
0.000000
0.000000
0.000000
0.000000
0.000000
0.000000
0.000000
0.000000
0.000000
0.000000
0.000000
0.000000
0.000000
0.000000
0.000000
0.000000
0.000000
0.000000
0.000000
0.000000
0.000000
0.000000
0.000000
0.000000
0.000000
0.000000
0.000000
0.000000
0.000000
0.000000
0.000000
0.000000
0.000000
0.000000
0.000000
0.000000
0.000000
0.000000
0.000000
0.000000
0.000000
0.000000
0.000000
0.000000
0.000000
0.000000
0.000000
0.000000
0.000000
0.000000
0.000000
0.000000
0.000000
0.000000
0.000000
0.000000
0.000000
0.000000
0.000000
0.000000
0.000000
0.000000
0.000000
0.000000
0.000000
0.000000
0.000000
0.000000
0.000000
0.000000
0.000000
0.000000
0.000000
0.000000
0.000000
0.000000
0.000000
0.000000
0.000000
0.000000
0.000000
0.000000
0.000000
0.000000
0.000000
0.000000
0.000000
0.000000
0.000000
0.000000
0.000000
0.000000
0.000000
0.000000
0.000000
0.000000
0.000000
0.000000
0.000000
0.000000
0.000000
0.000000
0.000000
0.000000
0.000000
0.000000
0.000000
0.000000
0.000000
0.000000
0.000000
0.000000
0.000000
0.000000
0.000000
0.000000
0.000000
0.000000
0.000000
0.000000
0.000000
0.000000
0.000000
0.000000
0.000000
0.000000
0.000000
0.000000
0.000000
0.000000
0.000000
0.000000
0.000000
0.000000
0.000000
0.000000
0.000000
0.000000
0.000000
0.000000
0.000000
0.000000
0.000000
0.000000
0.000000
0.000000
0.000000
0.000000
0.000000
0.000000
0.000000
0.000000
0.000000
0.000000
0.000000
0.000000
0.000000
0.000000
0.000000
0.000000
0.000000
0.000000
0.000000
0.000000
0.000000
0.000000
0.000000
0.000000
0.000000
0.000000
0.000000
0.000000
0.000000
0.000000
0.000000
0.000000
0.000000
0.000000
0.000000
0.000000
0.000000
0.000000
0.000000
0.000000
0.000000
0.000000
0.000000
0.000000
0.000000
0.000000
0.000000
0.000000
0.000000
0.000000
0.000000
0.000000
0.000000
0.000000
0.000000
0.000000
0.000000
0.000000
0.000000
0.000000
0.000000
0.000000
0.000000
0.000000
0.000000
0.000000
0.000000
0.000000
0.000000
0.000000
0.000000
0.000000
0.000000
0.000000
0.000000
0.000000
0.000000
0.000000
0.000000
0.000000
0.000000
0.000000
0.000000
0.000000
0.000000
0.000000
0.000000
0.000000
0.000000
0.000000
0.000000
0.000000
0.000000
0.000000
0.000000
0.000000
0.000000
0.000000
0.000000
0.000000
0.000000
0.000000
0.000000
0.000000
0.000000
0.000000
0.000000
0.000000
0.000000
0.000000
0.000000
0.000000
0.000000
0.000000
0.000000
0.000000
0.000000
0.000000
0.000000
0.000000
0.000000
0.000000
0.000000
0.000000
0.000000
0.000000
0.000000
0.000000
0.000000
0.000000
0.000000
0.000000
0.000000
0.000000
0.000000
0.000000
0.000000
0.000000
0.000000
0.000000
0.000000
0.000000
0.000000
0.000000
0.000000
0.000000
0.000000
0.000000
0.000000
0.000000
0.000000
0.000000
0.000000
0.000000
0.000000
0.000000
0.000000
0.000000
0.000000
0.000000
0.000000
0.000000
0.000000
0.000000
0.000000
0.000000
0.000000
0.000000
0.000000
0.000000
0.000000
0.000000
0.000000
0.000000
0.000000
0.000000
0.000000
0.000000
0.000000
0.000000
0.000000
0.000000
0.000000
0.000000
0.000000
0.000000
0.000000
0.000000
0.000000
0.000000
0.000000
0.000000
0.000000
0.000000
0.000000
0.000000
0.000000
0.000000
0.000000
0.000000
0.000000
0.000000
0.000000
0.000000
0.000000
0.000000
0.000000
0.000000
0.000000
0.000000
0.000000
0.000000
0.000000
0.000000
0.000000
0.000000
0.000000
0.000000
0.000000
0.000000
0.000000
0.000000
0.000000
0.000000
0.000000
0.000000
0.000000
0.000000
0.000000
0.000000
0.000000
0.000000
0.000000
0.000000
0.000000
0.000000
0.000000
0.000000
0.000000
0.000000
0.000000
0.000000
0.000000
0.000000
0.000000
0.000000
0.000000
0.000000
0.000000
0.000000
0.000000
0.000000
0.000000
0.000000
0.000000
0.000000
0.000000
0.000000
0.000000
0.000000
0.000000
0.000000
0.000000
0.000000
0.000000
0.000000
0.000000
0.000000
0.000000
0.000000
0.000000
0.000000
0.000000
0.000000
0.000000
0.000000
0.000000
0.000000
0.000000
0.000000
0.000000
0.000000
0.000000
0.000000
0.000000
0.000000
0.000000
0.000000
0.000000
0.000000
0.000000
0.000000
0.000000
0.000000
0.000000
0.000000
0.000000
0.000000
0.000000
0.000000
0.000000
0.000000
0.000000
0.000000
0.000000
0.000000
0.000000
0.000000
0.000000
0.000000
0.000000
0.000000
0.000000
0.000000
0.000000
0.000000
0.000000
0.000000
0.000000
0.000000
0.000000
0.000000
0.000000
0.000000
0.000000
0.000000
0.000000
0.000000
0.000000
0.000000
0.000000
0.000000
0.000000
0.000000
0.000000
0.000000
0.000000
0.000000
0.000000
0.000000
0.000000
0.000000
0.000000
0.000000
0.000000
0.000000
0.000000
0.000000
0.000000
0.000000
0.000000
0.000000
0.000000
0.000000
0.000000
0.000000
0.000000
0.000000
0.000000
0.000000
0.000000
0.000000
0.000000
0.000000
0.000000
0.000000
0.000000
0.000000
0.000000
0.000000
0.000000
0.000000
0.000000
0.000000
0.000000
0.000000
0.000000
0.000000
0.000000
0.000000
0.000000
0.000000
0.000000
0.000000
0.000000
0.000000
0.000000
0.000000
0.000000
0.000000
0.000000
0.000000
0.000000
0.000000
0.000000
0.000000
0.000000
0.000000
0.000000
0.000000
0.000000
0.000000
0.000000
0.000000
0.000000
0.000000
0.000000
0.000000
0.000000
0.000000
0.000000
0.000000
0.000000
0.000000
0.000000
0.000000
0.000000
0.000000
0.000000
0.000000
0.000000
0.000000
0.000000
0.000000
0.000000
0.000000
0.000000
0.000000
0.000000
0.000000
0.000000
0.000000
0.000000
0.000000
0.000000
0.000000
0.000000
0.000000
0.000000
0.000000
0.000000
0.000000
0.000000
0.000000
0.000000
0.000000
0.000000
0.000000
0.000000
0.000000
0.000000
0.000000
0.000000
0.000000
0.000000
0.000000
0.000000
0.000000
0.000000
0.000000
0.000000
0.000000
0.000000
0.000000
0.000000
0.000000
0.000000
0.000000
0.000000
0.000000
0.000000
0.000000
0.000000
0.000000
0.000000
0.000000
0.000000
0.000000
0.000000
0.000000
0.000000
0.000000
0.000000
0.000000
0.000000
0.000000
0.000000
0.000000
0.000000
0.000000
0.000000
0.000000
0.000000
0.000000
0.000000
0.000000
0.000000
0.000000
0.000000
0.000000
0.000000
0.000000
0.000000
0.000000
0.000000
0.000000
0.000000
0.000000
0.000000
0.000000
0.000000
0.000000
0.000000
0.000000
0.000000
0.000000
0.000000
0.000000
0.000000
0.000000
0.000000
0.000000
0.000000
0.000000
0.000000
0.000000
0.000000
0.000000
0.000000
0.000000
0.000000
0.000000
0.000000
0.000000
