0.003348
0.351588
0.763448
1.413049
1.225535
1.386261
1.459927
1.697667
1.985634
1.644092
1.734500
1.788076
1.687622
1.791424
1.664183
1.821560
1.925362
1.935408
1.844999
1.999028
1.918665
1.905272
1.721106
1.791424
1.814863
1.841651
1.898575
1.878484
1.888529
1.942104
1.771333
1.573774
1.955498
1.978938
2.069346
2.156406
2.507993
2.461115
2.742385
2.688810
3.057141
3.475698
3.191079
4.038238
3.502485
4.513719
3.910997
4.192267
3.998056
4.419962
4.359690
4.379781
4.430007
4.661051
4.701232
4.563945
4.724672
4.671096
4.815080
4.651005
4.724672
4.436704
4.704581
4.500325
4.533809
4.744762
4.788292
4.614172
4.651005
4.553900
4.604127
4.721323
4.597430
2.534781
4.584036
4.657702
4.748111
4.403220
4.728020
4.453447
4.507022
4.671096
4.376432
4.543855
4.630915
4.282675
4.507022
4.336250
4.617521
4.460144
4.503673
4.604127
4.587385
4.517067
4.661051
4.517067
4.527112
4.510371
4.496976
4.510370
4.563945
4.326205
4.717975
4.553900
4.858610
4.644309
4.373084
4.460144
4.687839
4.513719
4.617521
4.322857
4.503673
4.490280
4.275978
4.483582
4.279327
4.245842
4.115252
4.091813
3.763665
3.726831
3.746922
3.582848
3.469001
3.402031
3.371895
3.211169
3.073883
3.037049
2.936596
2.949990
2.735689
2.645280
2.739037
2.477857
2.367358
2.310435
2.437676
2.236768
2.313783
1.938756
2.032513
1.975589
1.888529
1.784727
1.637395
1.610607
1.650789
1.637395
1.593865
1.694319
1.707712
1.757939
1.667531
1.888529
1.627350
1.895226
1.583820
1.610607
1.647440
1.697667
1.734500
1.861742
1.828257
1.788076
1.935408
1.875135
1.932059
1.895226
1.908620
1.744545
1.868438
2.019119
2.012422
2.096133
2.045907
2.233420
2.407540
2.628538
2.859581
3.020307
3.070534
3.452258
3.221215
3.472349
3.900951
4.014799
4.128646
4.148737
4.356341
4.275978
4.624218
4.339599
4.510370
4.430007
4.550552
4.550552
4.774898
4.617521
4.577340
4.630915
4.687839
4.453447
4.724672
4.537158
4.563945
4.697884
4.587385
4.610824
4.517067
4.550552
4.651005
4.584036
4.637612
4.527112
4.493628
4.714626
4.399871
4.389826
4.436704
4.550552
4.805034
4.480235
4.664399
4.480234
4.543855
4.463491
4.614172
4.426659
4.426659
4.647657
4.507022
4.500325
4.573991
4.493628
4.533809
4.573991
4.500325
4.383129
4.754808
4.580688
4.503673
4.610824
4.352993
4.470189
4.476886
4.363039
4.560597
4.379781
4.383129
4.687839
4.349645
4.594082
4.245842
4.245842
4.065026
4.188918
4.001405
4.142040
3.857421
3.837331
3.562757
3.864118
3.844027
3.428819
4.121949
3.150897
4.048284
3.633075
3.452258
2.702204
3.703392
3.311623
3.967921
3.154246
3.549363
2.996868
3.445561
4.764853
3.813891
3.274790
3.807194
4.299417
3.907648
4.751459
4.138691
4.252539
4.543855
4.332902
4.614172
4.788292
4.714626
4.855261
4.671096
4.724672
4.560597
4.651005
4.409917
4.306115
4.306115
3.977966
4.088465
3.998056
3.596242
3.837331
3.736877
3.492440
3.371895
3.271441
3.335062
3.087276
3.016959
2.980126
2.749082
2.926551
2.792612
2.561569
2.507993
2.665371
2.561569
2.585008
2.477857
2.471161
2.625190
2.524736
2.484555
2.484555
2.360662
2.293693
2.260208
2.163102
2.082740
2.082740
2.086088
2.173148
2.286995
2.092785
2.072694
2.122921
2.052604
2.132967
1.978938
2.186542
2.099482
2.099482
2.076043
2.176497
2.153057
2.102830
1.891878
2.049255
2.045907
2.102830
2.146360
2.226723
2.012422
2.206633
2.079391
2.146360
2.045907
1.952150
1.999028
2.039210
2.042558
2.122921
1.978938
2.025816
1.838302
1.992331
1.988983
1.968892
1.942104
1.848348
1.861742
1.968892
1.851696
1.932059
2.086088
1.908620
1.958847
2.203284
2.079391
2.042558
1.922014
2.052604
2.019119
2.055952
2.410888
2.243466
2.400843
2.350616
2.481206
2.698856
2.625189
3.462303
3.120761
3.083928
3.442213
3.311623
3.596241
3.525924
3.787104
3.988011
4.309463
3.947830
4.419962
4.011450
4.590734
4.490280
4.664399
4.627566
4.396523
4.704581
4.627566
4.486931
4.537158
4.647657
4.714626
4.647657
4.590733
4.704581
4.513719
4.547204
4.557249
4.383129
4.537158
4.754808
4.359690
4.577340
4.634263
4.580688
4.577340
4.667747
4.393174
4.570642
4.473537
4.637611
4.289372
4.500325
4.265933
3.961224
4.014799
4.011450
3.803846
3.760316
3.522576
3.418774
3.532621
3.077231
3.294881
3.124110
2.869627
3.040398
2.782567
2.668720
2.809355
2.742385
2.518039
2.554872
2.414237
2.343919
2.240117
2.132967
2.035861
1.988983
2.025816
1.938756
2.029164
1.958847
2.025816
2.159754
2.337222
2.404191
2.832794
2.872975
2.869627
3.268093
2.949990
3.592893
3.201124
3.371895
3.458955
2.916505
3.673257
3.177685
3.783755
3.264745
3.830634
4.232449
3.817240
3.827285
3.947830
4.336250
4.259236
4.379781
4.413265
4.416614
4.319509
4.339599
4.416614
4.778246
4.510370
4.691187
4.594082
4.503673
4.393174
4.587385
4.771550
4.684490
4.567294
4.684490
4.563945
4.493628
4.510371
4.614172
4.697884
4.902140
4.503673
4.088465
4.537158
4.466840
4.322857
4.135344
4.262585
4.021495
4.138692
3.592893
3.937784
3.753619
3.616333
3.566106
3.244654
3.124110
3.378592
3.197776
3.174336
2.913157
2.883021
2.866278
2.722295
2.531433
2.521387
2.454418
2.364010
2.193239
2.116224
2.009073
2.143012
1.995680
1.848348
1.577123
1.620653
1.788076
1.563729
1.557032
1.634047
1.543638
1.590517
1.901923
1.697667
1.590517
1.637395
1.818212
1.600562
1.764636
1.975589
1.660834
1.493411
1.680925
1.744546
1.848348
1.942104
1.965544
1.881832
1.962195
2.099482
1.935408
2.153057
2.213329
2.621841
2.581660
2.929899
3.020307
3.221215
3.609636
3.291532
4.041586
3.589545
3.934436
4.185570
4.205661
4.242494
4.192267
4.004754
4.620870
4.332902
4.383129
4.584036
4.406568
4.654354
4.587385
4.754808
4.681141
4.748110
4.728020
4.697884
4.794989
4.674445
4.711277
4.503673
4.537158
4.594082
4.563945
4.550552
4.507022
4.694535
4.728020
4.430007
4.500325
4.466840
4.764853
4.634263
4.393174
4.430007
4.654354
4.540506
4.761505
4.520416
4.624218
4.604127
4.644309
4.600779
4.527112
4.490280
4.486931
4.550552
4.517067
4.614172
4.647657
4.416614
4.212358
4.272630
4.349645
4.088465
4.011450
3.910997
3.803846
3.579499
3.686650
3.542667
3.532621
3.335062
3.432167
3.147549
2.662023
2.889718
2.762476
2.973429
0.395118
1.871787
1.704364
2.531433
2.320480
2.002377
2.333874
2.240117
2.715598
1.965544
1.995680
2.678765
2.132967
2.812703
2.283647
2.511342
3.415425
1.978937
3.462303
2.213329
3.006914
2.169800
2.136315
3.391986
2.544827
2.568266
2.541478
2.487903
2.581660
2.662023
3.067186
2.862930
2.628538
2.528084
3.184382
1.523548
2.705553
2.055952
3.509182
1.500108
3.381941
2.320480
2.507993
2.092785
3.181033
2.441025
2.574963
2.662023
2.792612
2.722295
2.886369
2.856233
2.722295
2.802658
2.708901
3.234608
1.942104
2.176497
2.544827
2.775870
2.980126
0.950961
2.276950
2.528084
2.718946
2.879672
3.214518
2.417585
3.080580
2.926551
2.809355
3.010262
2.531433
2.789264
2.755780
3.160942
3.067186
2.173148
2.872975
2.949990
2.816051
2.574963
2.541478
2.879672
2.631886
2.662023
3.023656
2.146360
3.144200
2.196587
2.183193
2.461115
2.407540
2.106179
2.263556
2.635235
2.173148
2.019119
2.065997
2.209981
2.223375
2.327177
2.139663
2.293693
2.253511
2.086088
2.132967
2.213329
2.129618
2.163102
1.871787
2.156406
2.029164
1.999028
1.985634
1.935408
1.915317
1.985634
1.707713
1.945453
1.895226
1.888529
1.821560
1.848348
1.788076
1.754591
1.721106
1.781379
1.667531
1.734500
1.734500
1.871787
2.029164
1.731152
1.958847
1.761288
1.791424
1.952150
1.982286
1.978938
2.015770
2.347268
2.216678
2.290344
2.273602
2.253511
2.186542
2.313783
2.203284
2.116224
2.072694
2.065997
1.888529
1.858393
1.938756
1.861742
1.841651
1.858393
1.767985
1.727803
1.828257
1.717758
1.640743
1.590517
1.684273
1.727803
1.587168
1.620653
1.590517
1.667531
1.761288
1.898575
1.684273
2.240117
1.774682
1.945453
1.958847
1.915317
1.844999
1.838302
1.607259
1.942104
1.898575
1.885181
1.811515
1.824908
1.804818
1.828257
1.721106
1.697667
1.885181
1.312595
1.922014
-0.010045
1.690970
1.463275
2.106179
1.449881
1.885181
2.554872
1.818212
2.005725
2.169800
2.454418
2.528084
2.672068
2.437676
2.862930
3.586196
3.231260
3.535969
4.607476
3.700044
4.952367
3.797149
4.731369
4.209009
4.865307
4.373084
4.265933
4.393174
4.222403
4.359690
4.319509
3.988011
4.115252
4.165479
3.947830
4.031541
3.934436
3.793801
3.646469
3.566106
3.525924
3.381940
3.274790
3.261396
3.060489
3.043746
2.943293
2.759128
2.688810
2.578311
2.467812
2.528084
2.370707
2.323828
2.226723
2.136315
2.072694
2.042558
1.999028
2.203284
2.005725
1.945453
1.841651
1.801469
1.915317
1.821560
1.808166
1.687622
1.721106
1.798121
1.721106
1.788076
1.824908
1.667531
2.045907
1.680925
1.908620
1.948802
1.935408
2.126270
1.985634
1.824908
1.962195
1.818212
1.781379
1.704364
1.687622
1.617304
1.644092
1.630698
1.644092
1.607259
1.717758
1.222186
2.250162
1.975589
1.617304
1.580471
1.557032
1.891878
1.717758
1.831605
1.858393
2.049255
2.029164
2.119573
1.624001
1.955498
1.818212
1.778030
1.794773
1.838302
1.543638
1.751243
1.978938
1.798121
1.734500
1.778030
2.069346
1.520199
1.955498
1.734500
1.761288
1.701016
1.834954
1.714409
2.400843
1.972241
1.898575
2.062649
1.942104
1.958847
1.855045
1.868439
1.818212
1.741197
1.707713
1.697667
1.804818
1.788076
1.724455
1.885181
1.952150
1.115036
1.784727
2.035861
1.332685
2.196587
1.664183
1.192050
1.848348
2.246814
2.076043
1.670880
1.362822
1.942104
1.881832
1.767985
1.788076
1.767985
1.516851
1.831605
1.828257
1.617304
1.831605
2.176497
2.059300
1.747894
1.721106
1.801469
2.002377
1.955498
2.082740
2.035861
2.250162
2.196587
2.769173
2.236768
2.420934
2.340571
2.290344
2.276950
2.082740
2.049255
2.196587
2.139663
2.059300
2.052604
2.096133
2.049255
2.099482
2.102831
2.156406
2.072694
2.092785
2.156406
2.216678
2.595053
2.534781
3.090625
2.752431
3.030353
3.227912
3.194427
3.435516
3.308275
3.730180
3.689999
4.342948
3.844027
4.496976
4.028193
4.547204
4.289372
4.503673
4.496976
4.399871
4.741414
4.707929
4.567294
4.580688
4.483582
4.794989
4.758156
4.577340
4.771550
4.607476
4.647657
4.691187
4.577340
4.664399
4.744762
4.282675
4.607476
4.215706
4.048284
4.058329
3.910997
3.817240
3.469001
3.820588
3.646469
3.355153
3.358501
3.361850
3.093973
3.160943
2.966732
2.946641
2.792612
2.638583
2.618493
2.491251
2.430979
2.514691
2.380752
2.209981
2.250163
2.119573
2.052604
1.818212
1.593865
1.875135
1.855045
1.727803
1.694319
1.721106
1.546987
1.657486
1.158566
1.634047
1.744545
1.694319
1.744546
1.767985
1.878484
1.744546
1.784727
1.744546
1.844999
1.747894
1.724455
1.774682
1.707713
1.814863
1.657486
1.654137
1.711061
1.734500
1.824908
1.798121
1.841651
1.898575
1.818211
1.965544
1.861742
1.875135
1.962195
2.186542
1.945453
2.076043
2.260208
2.116224
1.865090
1.898575
1.958847
1.861742
1.798121
2.069346
1.282459
1.861742
1.721106
1.734500
1.587168
1.881832
1.757940
1.875135
1.948802
1.975589
1.922014
2.002377
1.992331
2.059300
2.035861
2.343919
2.340571
2.497948
3.053792
2.678765
2.441025
2.772521
2.782567
3.114064
2.852885
2.886369
2.712249
2.578311
2.400843
2.561569
2.451070
2.297041
2.548175
2.250163
1.871787
1.992331
2.089437
1.999028
1.885181
1.858393
1.677577
1.483366
1.727803
1.644092
1.510154
1.553684
1.613956
1.861742
1.634047
1.891878
1.721106
2.196587
1.627350
2.337222
1.694319
1.881832
1.741197
1.938756
1.804818
1.958847
1.911968
2.042558
2.002377
2.139663
2.246814
1.968892
2.156406
2.082740
2.143012
2.086088
2.343919
2.822748
2.574963
2.705553
3.221215
2.953338
3.060489
3.027004
3.217866
2.933248
2.872975
2.755780
2.832794
2.866278
2.759128
2.625190
2.588356
2.588356
2.631886
2.092785
2.320480
2.186542
1.717758
2.099482
1.865090
1.901923
1.811515
1.634047
1.516851
1.821560
1.359473
1.640743
1.761288
1.295852
1.714409
1.667531
1.942104
1.724455
1.801469
1.865090
1.938756
1.855045
1.798121
1.922014
1.965544
1.975589
1.942104
1.952150
2.143012
1.978938
2.102830
2.065997
2.049255
2.166451
2.226723
2.256859
2.357313
2.665371
2.631886
2.970080
2.943293
3.217866
3.070534
2.872975
3.016959
2.933248
2.879672
2.782567
2.866278
2.728992
2.822748
2.601750
2.491251
2.487903
2.159754
2.233420
2.250163
2.059300
1.875135
1.922014
1.761288
1.774682
1.587168
1.737849
1.670879
1.466624
1.540290
1.624001
1.697667
1.734500
1.697667
1.788076
1.855045
1.858393
1.804818
1.905272
1.901923
1.824908
1.801469
1.761288
1.881832
1.844999
2.055952
1.955498
1.922014
1.922014
2.169800
2.082740
1.932059
2.022468
2.049255
2.280298
2.651977
2.742385
2.986823
2.812703
2.976778
2.980126
3.013610
2.929899
3.107367
2.752431
2.909808
2.695507
2.806006
2.588356
2.648629
2.581660
2.477857
2.086088
2.571614
1.999028
2.276950
1.978938
1.821560
1.788076
1.757939
1.717758
1.778030
1.620653
1.737849
1.493411
1.634047
1.667531
1.707713
2.176497
1.637395
1.891878
1.798121
1.771333
1.834954
1.778030
1.838302
1.918665
2.065997
1.821560
1.911968
1.935408
1.915317
1.875135
2.009073
2.022468
2.159754
1.972241
2.092785
2.072694
2.337222
2.360662
2.715598
2.595053
2.956687
2.862930
3.104019
2.976778
2.970080
3.087276
2.966732
2.983474
2.859581
2.816051
2.655326
2.588356
2.528084
2.514691
2.189890
1.985634
1.978937
2.136315
1.844999
1.721106
1.794772
1.051415
2.159754
1.342731
1.570426
1.329337
1.416397
2.022468
1.272413
1.724455
1.657486
1.751243
1.674228
2.179845
1.754591
1.148520
2.270253
1.198747
1.778030
1.516851
1.677577
1.744545
1.915317
2.022468
2.055952
2.199936
2.099482
2.072694
2.176497
2.109527
2.213329
2.163102
2.176497
2.146360
2.243466
2.611796
2.397495
2.554872
2.779218
2.939945
2.879672
3.000216
2.990171
3.104019
2.966732
2.876324
2.822748
2.789264
2.588356
2.662023
2.641932
2.501297
2.360662
1.423094
2.166451
2.169800
1.932059
1.945453
2.049255
1.684273
1.640743
1.834954
1.617304
1.546987
1.530244
1.530244
1.717758
1.540290
1.603910
1.831606
1.818212
1.721106
1.851696
1.804818
1.774682
2.086088
1.811515
1.821560
1.898575
1.905272
2.009073
1.885181
2.119573
2.089437
2.052604
2.052604
1.965544
2.082740
2.226723
2.400843
2.698855
3.016959
2.725643
3.432167
3.120761
2.949990
3.137503
3.020307
2.913157
2.806006
2.829445
2.976778
2.645280
2.605099
2.514691
2.437676
2.528084
2.511342
2.169800
2.166451
1.697667
2.434328
2.112876
1.928711
2.246814
1.068158
2.320480
1.433139
2.159754
0.827069
1.299201
1.637395
0.971052
1.553684
1.332685
1.523548
1.751243
1.784727
1.530244
2.019119
1.828257
1.958847
1.818212
2.045907
1.868438
1.372867
1.858393
1.868438
1.895226
2.029164
2.106179
2.069346
2.156406
2.186542
2.290344
2.290344
2.250162
2.236768
2.270253
2.384101
2.364010
2.487903
2.595053
3.093973
2.588356
3.093973
3.070534
2.919854
2.903111
2.872975
2.906460
3.023656
2.812703
2.762476
2.641932
2.497948
2.534781
2.605099
2.400843
2.062649
1.972241
1.794772
1.948802
1.985634
1.932059
2.260208
1.630698
1.992331
1.382912
1.744546
1.808166
1.436488
1.771333
1.416397
2.166451
0.545798
2.089437
1.557032
2.122921
1.654137
2.119573
1.533593
2.019119
1.791424
1.781379
1.945453
1.935408
1.821560
2.055952
1.922014
1.972241
2.116224
2.082740
1.978938
2.226723
2.323829
2.544827
2.595053
2.799309
2.819400
3.050443
3.043747
3.177685
3.177685
3.177685
3.006914
3.114064
2.906460
2.872975
2.956687
2.799309
2.698855
2.615144
2.591705
2.491251
2.538130
1.771333
1.878484
1.891878
1.891878
1.757939
2.015770
1.389609
1.848348
2.156406
1.630698
1.011234
1.416397
1.670880
1.155217
1.721106
1.530244
1.791424
1.744546
1.851696
1.948802
2.039210
2.132967
2.153057
2.156406
2.226723
2.380752
2.384101
2.558220
2.668720
3.124110
3.016959
3.147549
3.284835
3.428819
4.048284
4.024844
3.666559
4.232449
4.674445
4.031541
4.215706
4.389826
4.714626
4.510370
4.389826
4.460144
4.617521
4.577340
4.815080
4.614172
4.570642
4.848564
4.892095
4.617521
4.828474
4.510371
4.624218
4.738065
4.557249
4.704581
4.614172
4.543855
4.774899
4.620870
4.604127
4.600779
4.537158
4.848564
4.446750
4.473537
4.614172
4.604127
4.691187
4.607476
4.510370
4.624218
4.493628
4.483582
4.573991
4.537158
4.496976
4.758156
4.644309
4.537158
4.500325
4.543855
4.614172
4.460144
4.446750
4.473537
4.423310
4.409917
4.547204
4.456795
4.296069
4.078420
4.108556
3.977966
3.827285
3.874163
3.743574
3.512530
3.897603
3.562757
4.677793
3.606287
2.926551
3.348456
3.572803
3.730180
3.355153
3.000216
3.351804
3.546015
3.291532
3.767013
3.495788
3.472349
3.351805
3.582848
3.606287
3.412076
3.489091
3.626378
3.475698
3.562757
3.609636
3.633075
3.532621
3.592893
3.448910
3.556060
3.525924
3.375244
3.455607
3.405380
3.378592
3.264745
3.120761
3.237957
3.040398
3.087276
3.016959
2.949990
2.842839
2.668720
2.665371
2.631886
2.779218
2.929899
2.883021
3.077231
3.284835
3.177685
3.298229
3.469001
3.345108
3.318320
3.335062
3.398683
3.264745
3.435516
3.469001
3.720135
3.237957
3.455607
3.509182
3.140851
3.278139
3.027004
3.150897
3.070534
2.916505
2.779218
2.658674
2.588356
2.588356
2.564917
2.477857
2.467812
2.189890
2.377404
2.143012
2.153057
2.089437
2.012422
1.955498
1.935408
1.945453
1.831606
1.734500
1.694319
0.000000
0.000000
0.000000
0.000000
0.000000
0.000000
0.000000
0.000000
0.000000
0.000000
0.000000
0.000000
0.000000
0.000000
0.000000
0.000000
0.000000
0.000000
0.000000
0.000000
0.000000
0.000000
0.000000
0.000000
0.000000
0.000000
0.000000
0.000000
0.000000
0.000000
0.000000
0.000000
0.000000
0.000000
0.000000
0.000000
0.000000
0.000000
0.000000
0.000000
0.000000
0.000000
0.000000
0.000000
0.000000
0.000000
0.000000
0.000000
0.000000
0.000000
0.000000
0.000000
0.000000
0.000000
0.000000
0.000000
0.000000
0.000000
0.000000
0.000000
0.000000
0.000000
0.000000
0.000000
0.000000
0.000000
0.000000
0.000000
0.000000
0.000000
0.000000
0.000000
0.000000
0.000000
0.000000
0.000000
0.000000
0.000000
0.000000
0.000000
0.000000
0.000000
0.000000
0.000000
0.000000
0.000000
0.000000
0.000000
0.000000
0.000000
0.000000
0.000000
0.000000
0.000000
0.000000
0.000000
0.000000
0.000000
0.000000
0.000000
0.000000
0.000000
0.000000
0.000000
0.000000
0.000000
0.000000
0.000000
0.000000
0.000000
0.000000
0.000000
0.000000
0.000000
0.000000
0.000000
0.000000
0.000000
0.000000
0.000000
0.000000
0.000000
0.000000
0.000000
0.000000
0.000000
0.000000
0.000000
0.000000
0.000000
0.000000
0.000000
0.000000
0.000000
0.000000
0.000000
0.000000
0.000000
0.000000
0.000000
0.000000
0.000000
0.000000
0.000000
0.000000
0.000000
0.000000
0.000000
0.000000
0.000000
0.000000
0.000000
0.000000
0.000000
0.000000
0.000000
0.000000
0.000000
0.000000
0.000000
0.000000
0.000000
0.000000
0.000000
0.000000
0.000000
0.000000
0.000000
0.000000
0.000000
0.000000
0.000000
0.000000
0.000000
0.000000
0.000000
0.000000
0.000000
0.000000
0.000000
0.000000
0.000000
0.000000
0.000000
0.000000
0.000000
0.000000
0.000000
0.000000
0.000000
0.000000
0.000000
0.000000
0.000000
0.000000
0.000000
0.000000
0.000000
0.000000
0.000000
0.000000
0.000000
0.000000
0.000000
0.000000
0.000000
0.000000
0.000000
0.000000
0.000000
0.000000
0.000000
0.000000
0.000000
0.000000
0.000000
0.000000
0.000000
0.000000
0.000000
0.000000
0.000000
0.000000
0.000000
0.000000
0.000000
0.000000
0.000000
0.000000
0.000000
0.000000
0.000000
0.000000
0.000000
0.000000
0.000000
0.000000
0.000000
0.000000
0.000000
0.000000
0.000000
0.000000
0.000000
0.000000
0.000000
0.000000
0.000000
0.000000
0.000000
0.000000
0.000000
0.000000
0.000000
0.000000
0.000000
0.000000
0.000000
0.000000
0.000000
0.000000
0.000000
0.000000
0.000000
0.000000
0.000000
0.000000
0.000000
0.000000
0.000000
0.000000
0.000000
0.000000
0.000000
0.000000
0.000000
0.000000
0.000000
0.000000
0.000000
0.000000
0.000000
0.000000
0.000000
0.000000
0.000000
0.000000
0.000000
0.000000
0.000000
0.000000
0.000000
0.000000
0.000000
0.000000
0.000000
0.000000
0.000000
0.000000
0.000000
0.000000
0.000000
0.000000
0.000000
0.000000
0.000000
0.000000
0.000000
0.000000
0.000000
0.000000
0.000000
0.000000
0.000000
0.000000
0.000000
0.000000
0.000000
0.000000
0.000000
0.000000
0.000000
0.000000
0.000000
0.000000
0.000000
0.000000
0.000000
0.000000
0.000000
0.000000
0.000000
0.000000
0.000000
0.000000
0.000000
0.000000
0.000000
0.000000
0.000000
0.000000
0.000000
0.000000
0.000000
0.000000
0.000000
0.000000
0.000000
0.000000
0.000000
0.000000
0.000000
0.000000
0.000000
0.000000
0.000000
0.000000
0.000000
0.000000
0.000000
0.000000
0.000000
0.000000
0.000000
0.000000
0.000000
0.000000
0.000000
0.000000
0.000000
0.000000
0.000000
0.000000
0.000000
0.000000
0.000000
0.000000
0.000000
0.000000
0.000000
0.000000
0.000000
0.000000
0.000000
0.000000
0.000000
0.000000
0.000000
0.000000
0.000000
0.000000
0.000000
0.000000
0.000000
0.000000
0.000000
0.000000
0.000000
0.000000
0.000000
0.000000
0.000000
0.000000
0.000000
0.000000
0.000000
0.000000
0.000000
0.000000
0.000000
0.000000
0.000000
0.000000
0.000000
0.000000
0.000000
0.000000
0.000000
0.000000
0.000000
0.000000
0.000000
0.000000
0.000000
0.000000
0.000000
0.000000
0.000000
0.000000
0.000000
0.000000
0.000000
0.000000
0.000000
0.000000
0.000000
0.000000
0.000000
0.000000
0.000000
0.000000
0.000000
0.000000
0.000000
0.000000
0.000000
0.000000
0.000000
0.000000
0.000000
0.000000
0.000000
0.000000
0.000000
0.000000
0.000000
0.000000
0.000000
0.000000
0.000000
0.000000
0.000000
0.000000
0.000000
0.000000
0.000000
0.000000
0.000000
0.000000
0.000000
0.000000
0.000000
0.000000
0.000000
0.000000
0.000000
0.000000
0.000000
0.000000
0.000000
0.000000
0.000000
0.000000
0.000000
0.000000
0.000000
0.000000
0.000000
0.000000
0.000000
0.000000
0.000000
0.000000
0.000000
0.000000
0.000000
0.000000
0.000000
0.000000
0.000000
0.000000
0.000000
0.000000
0.000000
0.000000
0.000000
0.000000
0.000000
0.000000
0.000000
0.000000
0.000000
0.000000
0.000000
0.000000
0.000000
0.000000
0.000000
0.000000
0.000000
0.000000
0.000000
0.000000
0.000000
0.000000
0.000000
0.000000
0.000000
0.000000
0.000000
0.000000
0.000000
0.000000
0.000000
0.000000
0.000000
0.000000
0.000000
0.000000
0.000000
0.000000
0.000000
0.000000
0.000000
0.000000
0.000000
0.000000
0.000000
0.000000
0.000000
0.000000
0.000000
0.000000
0.000000
0.000000
0.000000
0.000000
0.000000
0.000000
0.000000
0.000000
0.000000
0.000000
0.000000
0.000000
0.000000
0.000000
0.000000
0.000000
0.000000
0.000000
0.000000
0.000000
0.000000
0.000000
0.000000
0.000000
0.000000
0.000000
0.000000
0.000000
0.000000
0.000000
0.000000
0.000000
0.000000
0.000000
0.000000
0.000000
0.000000
0.000000
0.000000
0.000000
0.000000
0.000000
0.000000
0.000000
0.000000
0.000000
0.000000
0.000000
0.000000
0.000000
0.000000
0.000000
0.000000
0.000000
0.000000
0.000000
0.000000
0.000000
0.000000
0.000000
0.000000
0.000000
0.000000
0.000000
0.000000
0.000000
0.000000
0.000000
0.000000
0.000000
0.000000
0.000000
0.000000
0.000000
0.000000
0.000000
0.000000
0.000000
0.000000
0.000000
0.000000
0.000000
0.000000
0.000000
0.000000
0.000000
0.000000
0.000000
0.000000
0.000000
0.000000
0.000000
0.000000
0.000000
0.000000
0.000000
0.000000
0.000000
0.000000
0.000000
0.000000
0.000000
0.000000
0.000000
0.000000
0.000000
0.000000
0.000000
0.000000
0.000000
0.000000
0.000000
0.000000
0.000000
0.000000
0.000000
0.000000
0.000000
0.000000
0.000000
0.000000
0.000000
0.000000
0.000000
0.000000
0.000000
0.000000
0.000000
0.000000
0.000000
0.000000
0.000000
0.000000
0.000000
0.000000
0.000000
0.000000
0.000000
0.000000
0.000000
0.000000
0.000000
0.000000
0.000000
0.000000
0.000000
0.000000
0.000000
0.000000
0.000000
0.000000
0.000000
0.000000
0.000000
0.000000
0.000000
0.000000
0.000000
0.000000
0.000000
0.000000
0.000000
0.000000
0.000000
0.000000
0.000000
0.000000
0.000000
0.000000
0.000000
0.000000
0.000000
0.000000
0.000000
0.000000
0.000000
0.000000
0.000000
0.000000
0.000000
0.000000
0.000000
0.000000
0.000000
0.000000
0.000000
0.000000
0.000000
0.000000
0.000000
0.000000
0.000000
0.000000
0.000000
0.000000
0.000000
0.000000
0.000000
0.000000
0.000000
0.000000
0.000000
0.000000
0.000000
0.000000
0.000000
0.000000
0.000000
0.000000
0.000000
0.000000
0.000000
0.000000
0.000000
0.000000
0.000000
0.000000
0.000000
0.000000
0.000000
0.000000
0.000000
0.000000
0.000000
0.000000
0.000000
0.000000
0.000000
0.000000
0.000000
0.000000
0.000000
0.000000
0.000000
0.000000
0.000000
0.000000
0.000000
0.000000
0.000000
0.000000
0.000000
0.000000
0.000000
0.000000
0.000000
0.000000
0.000000
0.000000
0.000000
0.000000
0.000000
0.000000
0.000000
0.000000
0.000000
0.000000
0.000000
0.000000
0.000000
0.000000
0.000000
0.000000
0.000000
0.000000
0.000000
0.000000
0.000000
0.000000
0.000000
0.000000
0.000000
0.000000
0.000000
0.000000
0.000000
0.000000
0.000000
0.000000
0.000000
0.000000
0.000000
0.000000
0.000000
0.000000
0.000000
0.000000
0.000000
0.000000
0.000000
0.000000
0.000000
0.000000
0.000000
0.000000
0.000000
0.000000
0.000000
0.000000
0.000000
0.000000
0.000000
0.000000
0.000000
0.000000
0.000000
0.000000
0.000000
0.000000
0.000000
0.000000
0.000000
0.000000
0.000000
0.000000
0.000000
0.000000
0.000000
0.000000
0.000000
0.000000
0.000000
0.000000
0.000000
0.000000
0.000000
0.000000
0.000000
0.000000
0.000000
0.000000
0.000000
0.000000
0.000000
0.000000
0.000000
0.000000
0.000000
0.000000
0.000000
0.000000
0.000000
0.000000
0.000000
0.000000
0.000000
0.000000
0.000000
0.000000
0.000000
0.000000
0.000000
0.000000
0.000000
0.000000
0.000000
0.000000
0.000000
0.000000
0.000000
0.000000
0.000000
0.000000
0.000000
0.000000
0.000000
0.000000
0.000000
0.000000
0.000000
0.000000
0.000000
0.000000
0.000000
0.000000
0.000000
0.000000
0.000000
0.000000
0.000000
0.000000
0.000000
0.000000
0.000000
0.000000
0.000000
0.000000
0.000000
0.000000
0.000000
0.000000
0.000000
0.000000
0.000000
0.000000
0.000000
0.000000
0.000000
0.000000
0.000000
0.000000
0.000000
0.000000
0.000000
0.000000
0.000000
0.000000
0.000000
0.000000
0.000000
0.000000
0.000000
0.000000
0.000000
0.000000
0.000000
0.000000
0.000000
0.000000
0.000000
0.000000
0.000000
0.000000
0.000000
0.000000
0.000000
0.000000
0.000000
0.000000
0.000000
0.000000
0.000000
0.000000
0.000000
0.000000
0.000000
0.000000
0.000000
0.000000
0.000000
0.000000
0.000000
0.000000
0.000000
0.000000
0.000000
0.000000
0.000000
0.000000
0.000000
0.000000
0.000000
0.000000
0.000000
0.000000
0.000000
0.000000
0.000000
0.000000
0.000000
0.000000
0.000000
0.000000
0.000000
0.000000
0.000000
0.000000
0.000000
0.000000
0.000000
0.000000
0.000000
0.000000
0.000000
0.000000
0.000000
0.000000
0.000000
0.000000
0.000000
0.000000
0.000000
0.000000
0.000000
0.000000
0.000000
0.000000
0.000000
0.000000
0.000000
0.000000
0.000000
0.000000
0.000000
0.000000
0.000000
0.000000
0.000000
0.000000
0.000000
0.000000
0.000000
0.000000
0.000000
0.000000
0.000000
0.000000
0.000000
0.000000
0.000000
0.000000
0.000000
0.000000
0.000000
0.000000
0.000000
0.000000
0.000000
0.000000
0.000000
0.000000
0.000000
0.000000
0.000000
0.000000
0.000000
0.000000
0.000000
0.000000
0.000000
0.000000
0.000000
0.000000
0.000000
0.000000
0.000000
0.000000
0.000000
0.000000
0.000000
0.000000
0.000000
0.000000
0.000000
0.000000
0.000000
0.000000
0.000000
0.000000
0.000000
0.000000
0.000000
0.000000
0.000000
0.000000
0.000000
0.000000
0.000000
0.000000
0.000000
0.000000
0.000000
0.000000
0.000000
0.000000
0.000000
0.000000
0.000000
0.000000
0.000000
0.000000
0.000000
0.000000
0.000000
0.000000
0.000000
0.000000
0.000000
0.000000
0.000000
0.000000
0.000000
0.000000
0.000000
0.000000
0.000000
0.000000
0.000000
0.000000
0.000000
0.000000
0.000000
0.000000
0.000000
0.000000
0.000000
0.000000
0.000000
0.000000
0.000000
0.000000
0.000000
0.000000
0.000000
0.000000
0.000000
0.000000
0.000000
