0.000000
0.127241
0.331497
0.609419
1.801469
2.099482
2.055952
1.794772
1.831606
2.096133
1.925362
1.968892
2.076043
1.935408
1.901923
1.925362
1.982286
1.928711
1.978938
1.911968
1.764636
1.895226
1.771333
1.965544
1.861742
2.029164
1.972241
1.938756
1.794772
1.684273
1.764636
1.757940
1.828257
1.834954
2.079391
1.995680
2.199936
2.330525
2.300389
2.866278
3.097322
2.534781
3.114064
3.941133
2.973429
3.994708
3.224563
3.870815
3.549363
3.934436
4.125298
4.426659
4.222403
4.624218
4.363038
4.620869
5.424499
5.005942
4.915534
5.277167
5.551740
4.925579
5.812920
5.796177
5.598619
5.709118
5.534998
5.220243
5.521604
5.119789
5.146577
5.093002
4.821777
4.617521
4.794989
4.828474
4.647657
5.166668
5.163319
4.416614
4.818428
4.979154
4.801686
4.594082
4.791641
4.580688
4.681141
4.192267
4.624218
4.570642
4.443401
4.245842
4.296069
4.031541
4.165480
3.756968
4.024844
4.135343
4.034890
3.884209
3.740226
3.870816
3.472349
3.643120
3.569454
3.696695
3.395334
3.140852
3.214518
3.365198
3.181033
3.104019
3.194427
2.990171
2.936596
3.191079
2.926551
2.708901
2.809355
2.802658
2.799309
2.779218
2.608447
2.755780
2.605099
2.407540
2.461115
2.608447
2.477857
2.457767
2.444373
2.430979
2.538130
2.424282
2.303738
2.330525
2.297041
2.414237
2.350616
2.076043
2.112876
2.052604
1.982286
2.022468
2.055952
1.824908
1.958847
1.855045
1.885181
1.911968
1.834954
1.798121
1.788076
1.945453
1.751243
1.704364
1.798121
1.737849
1.734500
1.731152
1.778030
1.734500
1.818212
1.711061
1.834954
1.831606
1.694319
1.737849
1.694319
1.831606
1.647440
1.684273
1.824908
1.895226
2.173148
1.928711
2.246814
2.079391
2.390798
2.387449
2.501297
2.953338
3.060489
3.194427
3.134155
3.291532
4.289372
3.562757
4.326205
3.716786
3.904300
4.158782
4.386477
4.788292
4.540506
5.290560
4.875352
4.744762
5.320696
5.401060
5.528301
5.762692
5.739254
5.498165
5.739254
6.013827
5.538346
5.722511
5.668936
5.729208
5.471377
5.314000
5.093001
5.133183
4.657702
4.376432
4.701232
4.460144
4.717975
4.108556
4.249191
4.145389
3.964572
4.051631
3.914345
3.730180
3.643120
3.405380
3.505833
3.432167
3.489091
3.783755
3.847376
4.188918
4.363038
3.884209
4.312812
4.637612
4.272630
4.590733
4.393174
4.768201
4.584036
4.580688
4.312812
4.513719
4.363038
4.329554
4.272630
4.145389
3.988011
3.884209
3.753619
3.817240
3.669908
3.726831
3.589545
3.669908
3.328366
3.418774
3.281487
3.335062
3.415425
3.221215
3.114064
3.331714
2.889718
3.140852
2.963384
3.140852
3.023656
2.956687
2.909808
3.127458
3.114064
3.184382
2.909808
3.003565
3.027004
2.822748
2.755780
2.842839
2.816051
2.953338
2.970080
2.903111
3.428819
3.338411
3.589545
3.398683
3.435516
2.799309
3.539318
3.921042
3.887558
3.917694
3.770362
3.753619
3.844027
3.669908
4.275979
4.031541
4.255888
3.887558
3.726831
4.222403
4.014799
3.890906
3.716786
3.589545
3.793801
3.509182
3.398683
3.428819
3.549363
3.485743
3.378592
3.311623
3.063837
3.077231
3.063837
2.866278
2.816052
2.879672
2.782567
2.846188
2.789264
2.789264
2.732340
2.886369
2.782567
2.685462
2.829445
2.712250
2.876324
2.635235
2.672068
2.759128
2.819400
2.718946
2.799309
2.718946
2.635235
2.899763
2.645280
2.762476
2.909808
2.889718
2.785915
2.678765
2.779218
2.862930
2.685462
2.923202
2.986823
2.836142
2.601750
3.010262
2.866278
2.893066
2.916505
2.816051
2.621841
2.615144
2.755780
2.705553
2.896415
2.802658
2.725643
2.792612
2.648629
2.692159
2.879672
2.695507
2.806006
2.859581
2.933247
2.792612
2.725643
2.682113
2.926551
2.795961
2.739037
2.832794
2.976778
2.879672
2.933247
2.963384
2.960035
3.016959
3.582848
3.271441
3.271441
3.321668
3.479046
3.472349
3.713438
4.450098
3.743574
4.446750
3.900952
4.242494
4.329554
4.821777
4.563945
4.312811
5.039426
5.039426
4.945669
5.089653
4.935624
5.009290
4.969109
4.851913
4.831822
4.764853
4.644309
4.557249
4.275979
4.185570
4.011450
4.269281
4.098510
3.780407
3.864118
3.840679
3.780407
3.629726
3.448910
3.472349
3.435516
3.385289
3.268093
3.351804
3.147549
3.130806
3.140852
3.033701
3.080580
3.060489
2.960035
2.896415
2.946641
2.641932
2.819400
2.658674
2.785916
2.608447
2.538130
2.695507
2.722295
2.524736
2.387449
2.471160
2.494600
2.571614
2.474509
2.300389
2.260208
2.223375
2.310435
2.132967
2.159754
2.122921
2.012422
2.076043
2.082740
2.009074
1.885181
1.992331
1.988983
2.062649
2.055952
2.049255
2.062649
2.179845
2.213329
2.367358
2.819400
2.380752
2.641932
2.839491
2.839491
2.712250
2.842839
2.802658
3.248003
3.164291
3.254699
3.569454
3.114064
3.505834
3.535969
3.582848
4.065026
4.075071
4.413265
4.142040
4.503673
4.252539
4.225751
4.239145
5.103047
4.965760
4.731369
5.109744
4.597430
4.707929
4.523764
4.523764
3.977966
4.192267
4.252539
4.034890
3.904300
4.131995
3.753619
3.807194
3.746922
3.833982
3.669908
3.502485
3.348456
3.405380
3.207821
3.395334
3.345108
3.248003
3.281487
2.946641
2.916505
2.983474
2.903111
2.789264
2.765825
2.819400
2.728992
2.708901
2.598402
2.655326
2.809355
2.712250
2.615144
2.394146
2.501297
2.364010
2.407540
2.337222
2.437676
2.206633
2.173148
2.153057
2.116224
1.952150
2.062649
2.005725
2.035861
2.045907
2.059300
1.868438
1.918665
1.851696
1.932059
1.911968
1.911968
1.804818
1.831606
1.767985
1.744546
1.767985
1.781379
1.761288
1.848348
1.697667
1.771333
1.593865
1.580471
1.577123
1.861742
1.761288
1.600562
1.624001
1.821560
1.741197
1.670879
1.767985
2.799309
1.727803
2.132967
1.932059
1.747894
3.281487
2.002377
2.112876
3.559409
2.072694
3.813892
2.625190
3.335062
3.043746
3.191079
4.399871
3.445561
4.255888
3.847376
4.570642
3.864118
4.694535
3.897603
4.259236
4.520416
4.142040
4.483582
5.712466
4.322857
4.888746
5.113092
4.717975
4.299417
4.684490
5.524952
5.196804
5.082956
4.784944
5.809571
5.384317
5.976995
5.307303
5.568482
5.802874
5.213546
5.605315
5.970297
5.695724
5.826313
5.411105
5.993736
6.271658
5.534998
6.070751
5.752647
6.010478
5.558437
5.303955
5.287212
4.828474
4.744762
4.694535
4.440053
4.245842
3.874163
3.552712
3.448910
3.780407
3.479046
3.616333
3.258048
3.237957
3.184382
3.067186
2.849536
2.722295
2.752431
2.645280
2.544827
2.648629
2.591705
2.387449
2.457767
2.337222
2.497948
2.320480
2.256859
2.243466
2.189890
2.216678
2.183193
2.079391
1.503457
2.132967
1.932059
2.032513
2.002377
2.122921
2.092785
1.932059
2.102830
1.982286
2.019119
2.106179
1.935408
1.982286
2.045907
2.199936
2.112876
2.169800
2.039210
2.199936
2.166451
2.092785
2.099482
2.250162
2.196587
2.055952
2.072694
2.146360
2.072694
2.126270
2.086088
2.183193
2.009074
1.982286
2.062649
2.139663
1.925362
2.102830
2.156406
2.136315
2.156406
2.129618
2.096133
2.199936
2.029164
2.159754
2.022468
1.831605
2.199936
2.112876
1.999028
2.072694
2.143012
2.276950
2.062649
1.965544
2.059300
2.266905
2.022468
2.096133
2.049255
1.935408
2.112876
2.082740
2.119573
1.942104
2.062649
1.945453
2.132967
2.086088
2.153057
2.096133
2.146360
2.116224
2.139663
2.106179
2.099482
1.999028
2.086088
2.032513
1.982286
2.132966
2.106179
2.092785
1.901923
1.714409
2.216678
2.049255
2.089437
1.972241
2.062649
2.116224
2.092785
2.246814
2.384101
2.246814
2.357313
2.226723
2.246814
2.417585
2.303738
2.554872
2.364010
2.169800
2.209981
2.213329
2.159754
2.179845
2.243466
2.102830
1.965544
2.079391
1.995680
1.938756
2.022468
2.069346
1.911968
2.039210
1.985634
1.935408
2.032513
2.045907
2.005725
1.972241
1.922014
1.828257
1.831606
1.774682
1.654137
1.838302
1.767985
1.798121
1.707713
1.791424
1.838302
1.677577
1.767985
1.734500
1.731152
1.788076
1.707713
2.099482
1.804818
2.377404
2.297041
1.901923
2.176497
2.049255
2.253511
2.169800
2.116224
2.179845
2.293693
2.186542
2.233420
2.203284
2.106179
1.978938
1.788076
1.925362
1.938756
1.637395
1.791424
1.751243
1.811515
1.808166
1.848348
1.741197
1.704364
1.701016
1.717758
1.520199
1.684273
1.727803
1.627350
1.650789
1.630698
1.711061
2.086088
1.731152
2.410888
1.734500
1.644092
1.660834
1.851696
1.824908
1.841651
1.831605
1.925362
1.851696
1.871787
1.858393
1.771333
1.878484
1.865090
1.741197
1.778030
1.747894
1.811515
1.680925
1.918665
2.430979
1.135127
2.645280
2.668720
1.312595
2.082740
1.634047
1.798121
3.194427
2.782567
1.972241
2.889718
2.544827
3.977966
2.896415
2.893066
3.475698
3.023656
3.870816
3.592893
3.850724
3.683302
4.198964
3.981314
4.095162
4.065026
4.289372
4.065026
4.172176
4.115252
4.108556
3.566106
3.947830
3.572803
2.829445
3.127458
3.221215
3.371895
3.144200
2.949990
3.100670
2.842839
2.869627
2.832794
2.618493
2.675416
2.474509
2.538130
2.558220
2.558220
2.343919
2.246814
2.377404
2.337222
2.323829
2.129618
2.126270
2.206633
1.962195
2.032513
1.962195
1.908620
1.965544
2.049255
1.848348
1.965544
1.942104
1.962195
2.005725
1.804818
1.851696
1.915317
1.988983
1.928711
1.932059
1.905271
1.962195
1.901923
1.858393
1.804818
1.767985
1.724455
1.801469
1.754591
1.751243
1.778030
1.701016
1.821560
1.704364
1.690970
1.667531
1.754591
1.677577
1.650789
1.784727
1.962195
1.814863
1.731152
1.711061
1.456578
1.844999
1.988983
1.342731
1.409700
1.938756
1.694319
1.593865
1.707713
1.871787
1.794772
1.801469
1.855045
1.818212
1.570426
1.821560
1.811515
1.684273
1.741197
1.778030
2.045907
2.300389
0.917477
1.563729
1.620653
2.052604
1.222186
2.146360
1.275762
1.784727
0.984446
1.624001
1.486714
1.818212
1.741197
1.858393
1.915317
1.948801
1.597214
1.875135
2.025816
1.865090
2.029164
2.015771
1.640743
1.804818
1.801469
1.985634
2.042558
1.905271
2.119573
1.265716
1.764636
1.747894
1.707713
2.290344
1.657486
1.888529
1.878484
1.563729
1.938756
1.831605
1.968892
1.721107
1.567077
2.320480
1.650789
2.096133
2.494600
1.463275
2.668719
1.409700
2.601750
1.557032
1.426442
2.256859
1.764636
1.938756
2.276950
2.072694
2.367358
2.189890
2.360662
2.169800
2.223375
2.109527
2.223375
2.176497
2.333874
2.484555
2.297041
2.655326
2.534781
2.809355
2.672068
3.361850
3.147549
2.648629
3.157594
3.154245
3.823936
3.281487
4.081768
4.721323
4.004754
3.686650
4.121949
3.981314
4.145389
4.172176
4.433356
4.476886
4.614172
4.520416
4.473537
4.269281
4.306115
4.383129
4.158782
4.058329
3.790452
4.048284
3.867467
3.746922
3.696695
3.673257
3.492440
3.515879
3.351804
3.077231
3.147549
3.264745
3.063837
3.020307
2.923202
2.960035
2.953338
2.893066
2.889718
2.795961
2.755780
2.722295
2.601750
2.595053
2.407540
2.424282
2.414237
2.521387
2.293693
2.471160
2.347268
2.300389
2.216678
2.310435
2.209981
2.220026
2.149709
2.119573
2.035861
2.035861
1.995680
2.002377
1.811515
2.029165
1.928711
1.831606
1.838302
1.948802
1.751243
1.734500
1.757940
1.784727
1.704364
1.727803
1.784727
1.818212
1.838302
1.851696
1.878484
1.818212
1.834954
1.701016
1.767985
1.764636
1.697667
1.690970
1.674228
1.861742
1.751243
1.915317
1.697667
1.630698
1.627350
1.814863
1.701016
1.660834
1.791424
1.701016
1.844999
1.798121
1.821560
1.995680
1.901923
2.166451
1.911968
2.477857
1.918665
2.082740
2.079391
1.965544
1.988983
2.089437
1.878484
1.925362
1.925362
1.905271
1.982286
1.761288
1.848348
1.831606
1.824908
1.834954
1.935408
1.724455
1.848348
1.567077
2.052604
1.784727
2.226723
2.079391
2.263556
2.364010
2.129618
2.588356
2.595053
2.568266
2.407540
2.538130
2.574963
2.313783
2.561569
2.377404
2.407540
2.380752
1.918665
2.096133
2.327177
2.236768
2.132967
2.096133
2.099482
2.025816
1.855045
1.945453
1.915317
1.871787
1.878484
1.841651
1.778030
1.737849
1.747894
1.774682
1.724455
1.764636
1.734500
1.697667
1.711061
1.828257
1.714409
1.727803
1.734500
1.654137
1.690970
1.654137
1.865090
2.029164
1.918665
2.042558
2.146360
1.938756
3.154246
2.651977
2.722295
2.571614
2.635235
2.849536
2.806006
2.682113
2.651977
2.816051
2.685462
2.571614
2.662023
1.875135
2.883021
2.474509
2.451070
2.253511
2.390798
2.199936
2.203284
2.276950
2.199936
2.035861
2.002377
2.092785
2.039210
1.938756
1.972241
1.814863
1.804818
1.911968
1.764636
1.861742
1.834954
1.734500
1.767985
1.744546
1.714409
1.687622
1.583820
1.664183
1.657486
1.453230
1.871787
1.704364
1.620653
1.794773
1.747894
1.389609
1.898575
1.721106
2.092785
2.327177
2.089437
2.042558
2.645280
2.196587
2.424282
2.668720
2.866278
2.872975
2.812703
2.722295
2.785916
2.712250
2.685462
2.772521
2.571614
2.598402
2.487903
2.417585
2.407540
2.337222
2.420934
2.323829
2.394146
2.146360
1.858393
2.240117
2.122921
1.915317
1.871787
1.988983
1.754591
2.079391
2.009074
1.721106
1.804818
1.788076
1.727803
1.704364
1.721106
1.771333
1.724455
1.721106
1.751243
1.694319
1.674228
1.717758
1.670879
1.670880
1.744546
1.423094
1.995680
1.831606
1.928711
2.035861
1.898575
1.878484
2.250162
2.397495
2.477857
2.641932
2.638583
2.631886
2.581660
2.708901
2.662023
2.819400
2.728992
2.765825
2.528084
2.611796
2.528084
2.367358
2.290344
2.132967
2.220026
2.196587
2.193239
2.176497
2.025816
2.049255
1.942104
2.096133
1.938756
1.968892
1.818212
1.868438
1.918665
1.821560
1.674228
1.771333
1.784727
1.711061
1.717758
1.824908
1.751243
1.627350
1.597214
1.677577
1.747894
1.741197
1.624001
1.731152
1.627350
1.838302
1.490063
1.670879
1.901923
2.300389
1.818211
1.784727
1.593865
2.286995
2.862930
2.109527
3.090625
2.189890
2.866278
2.528084
2.655326
2.648629
2.792612
2.621841
2.698855
2.628538
2.454418
2.437676
2.675416
2.521387
2.387449
2.293693
2.397495
2.059300
2.216678
2.263556
2.307086
2.092785
2.159754
2.002377
2.009073
2.035861
2.009074
1.875135
1.764636
1.761288
1.821560
1.771333
1.734500
1.834954
1.714409
1.684273
1.751243
1.754591
1.664183
1.711061
1.697667
1.744546
1.717758
1.717758
1.711061
2.143012
1.617304
1.972241
1.794772
2.253511
1.801469
1.958847
1.982286
2.464464
2.618493
2.390798
3.016959
2.390798
2.651977
2.434328
2.685462
2.705553
2.598402
2.441025
2.672068
2.672068
2.531433
2.504645
2.293693
2.444373
2.521387
2.420934
2.454418
2.250162
2.193239
2.213329
2.186542
1.999028
2.045907
1.972241
2.002377
1.798121
1.664183
1.607259
1.831606
1.905271
1.701016
1.791424
1.791424
1.794772
1.747894
1.851696
1.808166
1.737849
1.704364
1.627350
1.667531
1.724455
1.620653
1.727803
1.680925
1.935408
1.771333
1.215490
2.742385
2.153057
2.065997
2.872975
1.506805
2.775870
2.745734
2.005725
2.769173
3.174336
2.427631
3.057141
2.548175
2.598402
2.605099
2.487903
2.795961
2.611796
2.662023
2.477857
2.410888
2.474509
2.343919
2.320480
2.233420
2.444373
2.156406
2.065997
2.260208
2.119573
1.945453
1.942104
2.029164
2.025816
1.895226
1.922014
1.965544
1.767985
1.814863
1.865090
1.751243
1.657486
1.714409
1.814863
1.660834
1.711061
1.828257
1.747894
1.747894
1.744546
1.697667
1.536941
1.613956
1.690970
1.630698
1.493411
1.995680
2.076043
2.317132
2.136315
2.313783
1.915317
3.033701
2.250162
2.474509
2.976778
2.658674
2.728992
2.638583
2.816052
2.775870
2.735689
2.558220
2.518039
2.531433
2.471160
2.464464
2.447721
2.467812
2.350616
2.400843
2.206632
2.270253
2.313783
2.072694
1.978938
1.958847
2.109527
1.958847
1.754591
2.009073
1.878484
1.734500
1.747894
1.948802
1.821560
1.613956
1.717758
1.848348
1.674228
1.694319
1.764636
1.741197
1.898575
1.711061
1.711061
1.690970
1.610607
1.634047
1.674228
1.774682
1.202096
1.798121
1.831605
1.523548
1.968892
2.648629
1.757939
2.042558
2.735689
2.317132
2.939944
3.010262
2.484555
2.816051
2.698855
2.782567
2.749082
2.765825
2.568266
2.775870
2.655326
2.367358
2.461115
2.461115
2.387449
2.263556
2.236768
2.263556
2.189890
2.143012
2.106179
2.042558
2.099482
1.881832
2.042558
1.881832
1.975589
1.901923
1.788076
1.841651
1.811515
1.744546
1.724455
1.694319
1.744546
1.717758
1.918665
1.905272
1.858393
1.922014
1.898575
2.096133
2.303738
2.340571
2.457767
3.227912
2.775870
3.160943
3.636423
2.963384
3.991359
3.204472
4.158782
3.455607
3.653166
3.756968
3.844027
3.696695
4.949018
4.111904
4.517067
4.339599
4.393174
4.677793
4.637612
4.607476
4.979154
4.761505
5.086305
5.170016
5.062866
5.354181
5.632103
5.595270
5.230289
5.183410
5.732557
5.796177
5.384317
6.479262
5.923419
5.893282
5.752647
5.849752
6.204689
6.415642
6.084145
6.097539
6.305142
6.258264
6.151114
6.057357
5.933464
5.648846
5.113092
5.645497
5.293909
4.604127
4.855262
4.483582
4.205661
4.175525
3.994708
3.813891
4.051631
3.756968
3.773710
3.542667
3.381940
3.425471
3.244654
3.234608
3.120761
3.043747
3.130806
2.832794
2.879672
3.114064
2.899763
2.916505
2.839491
2.913157
3.097322
2.725643
2.812703
2.866278
2.775870
2.933248
2.939944
3.104019
2.990171
2.809355
2.916505
3.030353
2.926551
3.033701
2.976778
2.956687
3.040398
3.077231
2.963384
3.124110
3.060489
3.114064
2.765825
2.943293
3.127458
3.037049
2.973429
2.973429
2.966732
2.993520
2.903111
2.983474
3.127458
3.271441
2.966732
3.207821
3.020307
2.799309
2.949990
2.970080
3.060489
2.889718
2.859581
3.097322
2.822748
2.929899
2.822748
2.983474
2.849536
3.016959
2.826097
3.030353
3.110716
3.010262
2.812703
3.093973
3.010262
3.027004
2.866278
2.826097
2.976778
3.107367
2.886369
2.869627
2.682113
2.722295
2.551523
2.675416
2.578311
2.551523
2.635235
2.437676
2.280298
2.437676
2.464464
2.186542
2.410888
2.189890
2.243466
2.253511
2.276950
2.082740
2.153057
2.092785
2.179845
1.952150
2.092785
1.948802
2.039210
2.045907
2.045907
1.771333
1.761288
1.778030
1.794772
1.751243
1.824908
1.630698
1.731152
1.680925
1.607259
0.000000
0.000000
0.000000
0.000000
0.000000
0.000000
0.000000
0.000000
0.000000
0.000000
0.000000
0.000000
0.000000
0.000000
0.000000
0.000000
0.000000
0.000000
0.000000
0.000000
0.000000
0.000000
0.000000
0.000000
0.000000
0.000000
0.000000
0.000000
0.000000
0.000000
0.000000
0.000000
0.000000
0.000000
0.000000
0.000000
0.000000
0.000000
0.000000
0.000000
0.000000
0.000000
0.000000
0.000000
0.000000
0.000000
0.000000
0.000000
0.000000
0.000000
0.000000
0.000000
0.000000
0.000000
0.000000
0.000000
0.000000
0.000000
0.000000
0.000000
0.000000
0.000000
0.000000
0.000000
0.000000
0.000000
0.000000
0.000000
0.000000
0.000000
0.000000
0.000000
0.000000
0.000000
0.000000
0.000000
0.000000
0.000000
0.000000
0.000000
0.000000
0.000000
0.000000
0.000000
0.000000
0.000000
0.000000
0.000000
0.000000
0.000000
0.000000
0.000000
0.000000
0.000000
0.000000
0.000000
0.000000
0.000000
0.000000
0.000000
0.000000
0.000000
0.000000
0.000000
0.000000
0.000000
0.000000
0.000000
0.000000
0.000000
0.000000
0.000000
0.000000
0.000000
0.000000
0.000000
0.000000
0.000000
0.000000
0.000000
0.000000
0.000000
0.000000
0.000000
0.000000
0.000000
0.000000
0.000000
0.000000
0.000000
0.000000
0.000000
0.000000
0.000000
0.000000
0.000000
0.000000
0.000000
0.000000
0.000000
0.000000
0.000000
0.000000
0.000000
0.000000
0.000000
0.000000
0.000000
0.000000
0.000000
0.000000
0.000000
0.000000
0.000000
0.000000
0.000000
0.000000
0.000000
0.000000
0.000000
0.000000
0.000000
0.000000
0.000000
0.000000
0.000000
0.000000
0.000000
0.000000
0.000000
0.000000
0.000000
0.000000
0.000000
0.000000
0.000000
0.000000
0.000000
0.000000
0.000000
0.000000
0.000000
0.000000
0.000000
0.000000
0.000000
0.000000
0.000000
0.000000
0.000000
0.000000
0.000000
0.000000
0.000000
0.000000
0.000000
0.000000
0.000000
0.000000
0.000000
0.000000
0.000000
0.000000
0.000000
0.000000
0.000000
0.000000
0.000000
0.000000
0.000000
0.000000
0.000000
0.000000
0.000000
0.000000
0.000000
0.000000
0.000000
0.000000
0.000000
0.000000
0.000000
0.000000
0.000000
0.000000
0.000000
0.000000
0.000000
0.000000
0.000000
0.000000
0.000000
0.000000
0.000000
0.000000
0.000000
0.000000
0.000000
0.000000
0.000000
0.000000
0.000000
0.000000
0.000000
0.000000
0.000000
0.000000
0.000000
0.000000
0.000000
0.000000
0.000000
0.000000
0.000000
0.000000
0.000000
0.000000
0.000000
0.000000
0.000000
0.000000
0.000000
0.000000
0.000000
0.000000
0.000000
0.000000
0.000000
0.000000
0.000000
0.000000
0.000000
0.000000
0.000000
0.000000
0.000000
0.000000
0.000000
0.000000
0.000000
0.000000
0.000000
0.000000
0.000000
0.000000
0.000000
0.000000
0.000000
0.000000
0.000000
0.000000
0.000000
0.000000
0.000000
0.000000
0.000000
0.000000
0.000000
0.000000
0.000000
0.000000
0.000000
0.000000
0.000000
0.000000
0.000000
0.000000
0.000000
0.000000
0.000000
0.000000
0.000000
0.000000
0.000000
0.000000
0.000000
0.000000
0.000000
0.000000
0.000000
0.000000
0.000000
0.000000
0.000000
0.000000
0.000000
0.000000
0.000000
0.000000
0.000000
0.000000
0.000000
0.000000
0.000000
0.000000
0.000000
0.000000
0.000000
0.000000
0.000000
0.000000
0.000000
0.000000
0.000000
0.000000
0.000000
0.000000
0.000000
0.000000
0.000000
0.000000
0.000000
0.000000
0.000000
0.000000
0.000000
0.000000
0.000000
0.000000
0.000000
0.000000
0.000000
0.000000
0.000000
0.000000
0.000000
0.000000
0.000000
0.000000
0.000000
0.000000
0.000000
0.000000
0.000000
0.000000
0.000000
0.000000
0.000000
0.000000
0.000000
0.000000
0.000000
0.000000
0.000000
0.000000
0.000000
0.000000
0.000000
0.000000
0.000000
0.000000
0.000000
0.000000
0.000000
0.000000
0.000000
0.000000
0.000000
0.000000
0.000000
0.000000
0.000000
0.000000
0.000000
0.000000
0.000000
0.000000
0.000000
0.000000
0.000000
0.000000
0.000000
0.000000
0.000000
0.000000
0.000000
0.000000
0.000000
0.000000
0.000000
0.000000
0.000000
0.000000
0.000000
0.000000
0.000000
0.000000
0.000000
0.000000
0.000000
0.000000
0.000000
0.000000
0.000000
0.000000
0.000000
0.000000
0.000000
0.000000
0.000000
0.000000
0.000000
0.000000
0.000000
0.000000
0.000000
0.000000
0.000000
0.000000
0.000000
0.000000
0.000000
0.000000
0.000000
0.000000
0.000000
0.000000
0.000000
0.000000
0.000000
0.000000
0.000000
0.000000
0.000000
0.000000
0.000000
0.000000
0.000000
0.000000
0.000000
0.000000
0.000000
0.000000
0.000000
0.000000
0.000000
0.000000
0.000000
0.000000
0.000000
0.000000
0.000000
0.000000
0.000000
0.000000
0.000000
0.000000
0.000000
0.000000
0.000000
0.000000
0.000000
0.000000
0.000000
0.000000
0.000000
0.000000
0.000000
0.000000
0.000000
0.000000
0.000000
0.000000
0.000000
0.000000
0.000000
0.000000
0.000000
0.000000
0.000000
0.000000
0.000000
0.000000
0.000000
0.000000
0.000000
0.000000
0.000000
0.000000
0.000000
0.000000
0.000000
0.000000
0.000000
0.000000
0.000000
0.000000
0.000000
0.000000
0.000000
0.000000
0.000000
0.000000
0.000000
0.000000
0.000000
0.000000
0.000000
0.000000
0.000000
0.000000
0.000000
0.000000
0.000000
0.000000
0.000000
0.000000
0.000000
0.000000
0.000000
0.000000
0.000000
0.000000
0.000000
0.000000
0.000000
0.000000
0.000000
0.000000
0.000000
0.000000
0.000000
0.000000
0.000000
0.000000
0.000000
0.000000
0.000000
0.000000
0.000000
0.000000
0.000000
0.000000
0.000000
0.000000
0.000000
0.000000
0.000000
0.000000
0.000000
0.000000
0.000000
0.000000
0.000000
0.000000
0.000000
0.000000
0.000000
0.000000
0.000000
0.000000
0.000000
0.000000
0.000000
0.000000
0.000000
0.000000
0.000000
0.000000
0.000000
0.000000
0.000000
0.000000
0.000000
0.000000
0.000000
0.000000
0.000000
0.000000
0.000000
0.000000
0.000000
0.000000
0.000000
0.000000
0.000000
0.000000
0.000000
0.000000
0.000000
0.000000
0.000000
0.000000
0.000000
0.000000
0.000000
0.000000
0.000000
0.000000
0.000000
0.000000
0.000000
0.000000
0.000000
0.000000
0.000000
0.000000
0.000000
0.000000
0.000000
0.000000
0.000000
0.000000
0.000000
0.000000
0.000000
0.000000
0.000000
0.000000
0.000000
0.000000
0.000000
0.000000
0.000000
0.000000
0.000000
0.000000
0.000000
0.000000
0.000000
0.000000
0.000000
0.000000
0.000000
0.000000
0.000000
0.000000
0.000000
0.000000
0.000000
0.000000
0.000000
0.000000
0.000000
0.000000
0.000000
0.000000
0.000000
0.000000
0.000000
0.000000
0.000000
0.000000
0.000000
0.000000
0.000000
0.000000
0.000000
0.000000
0.000000
0.000000
0.000000
0.000000
0.000000
0.000000
0.000000
0.000000
0.000000
0.000000
0.000000
0.000000
0.000000
0.000000
0.000000
0.000000
0.000000
0.000000
0.000000
0.000000
0.000000
0.000000
0.000000
0.000000
0.000000
0.000000
0.000000
0.000000
0.000000
0.000000
0.000000
0.000000
0.000000
0.000000
0.000000
0.000000
0.000000
0.000000
0.000000
0.000000
0.000000
0.000000
0.000000
0.000000
0.000000
0.000000
0.000000
0.000000
0.000000
0.000000
0.000000
0.000000
0.000000
0.000000
0.000000
0.000000
0.000000
0.000000
0.000000
0.000000
0.000000
0.000000
0.000000
0.000000
0.000000
0.000000
0.000000
0.000000
0.000000
0.000000
0.000000
0.000000
0.000000
0.000000
0.000000
0.000000
0.000000
0.000000
0.000000
0.000000
0.000000
0.000000
0.000000
0.000000
0.000000
0.000000
0.000000
0.000000
0.000000
0.000000
0.000000
0.000000
0.000000
0.000000
0.000000
0.000000
0.000000
0.000000
0.000000
0.000000
0.000000
0.000000
0.000000
0.000000
0.000000
0.000000
0.000000
0.000000
0.000000
0.000000
0.000000
0.000000
0.000000
0.000000
0.000000
0.000000
0.000000
0.000000
0.000000
0.000000
0.000000
0.000000
0.000000
0.000000
0.000000
0.000000
0.000000
0.000000
0.000000
0.000000
0.000000
0.000000
0.000000
0.000000
0.000000
0.000000
0.000000
0.000000
0.000000
0.000000
0.000000
0.000000
0.000000
0.000000
0.000000
0.000000
0.000000
0.000000
0.000000
0.000000
0.000000
0.000000
0.000000
0.000000
0.000000
0.000000
0.000000
0.000000
0.000000
0.000000
0.000000
0.000000
0.000000
0.000000
0.000000
0.000000
0.000000
0.000000
0.000000
0.000000
0.000000
0.000000
0.000000
0.000000
0.000000
0.000000
0.000000
0.000000
0.000000
0.000000
0.000000
0.000000
0.000000
0.000000
0.000000
0.000000
0.000000
0.000000
0.000000
0.000000
0.000000
0.000000
0.000000
0.000000
0.000000
0.000000
0.000000
0.000000
0.000000
0.000000
0.000000
0.000000
0.000000
0.000000
0.000000
0.000000
0.000000
0.000000
0.000000
0.000000
0.000000
0.000000
0.000000
0.000000
0.000000
0.000000
0.000000
0.000000
0.000000
0.000000
0.000000
0.000000
0.000000
0.000000
0.000000
0.000000
0.000000
0.000000
0.000000
0.000000
0.000000
0.000000
0.000000
0.000000
0.000000
0.000000
0.000000
0.000000
0.000000
0.000000
0.000000
0.000000
0.000000
0.000000
0.000000
0.000000
0.000000
0.000000
0.000000
0.000000
0.000000
0.000000
0.000000
0.000000
0.000000
0.000000
0.000000
0.000000
0.000000
0.000000
0.000000
0.000000
0.000000
0.000000
0.000000
0.000000
0.000000
0.000000
0.000000
0.000000
0.000000
0.000000
0.000000
0.000000
0.000000
0.000000
0.000000
0.000000
0.000000
0.000000
0.000000
0.000000
0.000000
0.000000
0.000000
0.000000
0.000000
0.000000
0.000000
0.000000
0.000000
0.000000
0.000000
0.000000
0.000000
0.000000
0.000000
0.000000
0.000000
0.000000
0.000000
0.000000
0.000000
0.000000
0.000000
0.000000
0.000000
0.000000
0.000000
0.000000
0.000000
0.000000
0.000000
0.000000
0.000000
0.000000
0.000000
0.000000
0.000000
0.000000
0.000000
0.000000
0.000000
0.000000
0.000000
0.000000
0.000000
0.000000
0.000000
0.000000
0.000000
0.000000
0.000000
0.000000
0.000000
0.000000
0.000000
0.000000
0.000000
0.000000
0.000000
0.000000
0.000000
0.000000
0.000000
0.000000
0.000000
0.000000
0.000000
0.000000
0.000000
0.000000
0.000000
0.000000
0.000000
0.000000
0.000000
0.000000
0.000000
0.000000
0.000000
0.000000
0.000000
0.000000
0.000000
0.000000
0.000000
0.000000
0.000000
0.000000
0.000000
0.000000
0.000000
0.000000
0.000000
0.000000
0.000000
0.000000
0.000000
0.000000
0.000000
0.000000
0.000000
0.000000
0.000000
0.000000
0.000000
0.000000
0.000000
0.000000
0.000000
0.000000
0.000000
0.000000
0.000000
0.000000
0.000000
0.000000
0.000000
0.000000
0.000000
0.000000
0.000000
0.000000
0.000000
0.000000
0.000000
0.000000
0.000000
0.000000
0.000000
0.000000
0.000000
0.000000
0.000000
0.000000
0.000000
0.000000
0.000000
0.000000
0.000000
0.000000
0.000000
0.000000
0.000000
0.000000
0.000000
0.000000
0.000000
0.000000
0.000000
0.000000
0.000000
0.000000
0.000000
0.000000
0.000000
0.000000
0.000000
0.000000
0.000000
0.000000
0.000000
0.000000
0.000000
0.000000
0.000000
0.000000
0.000000
0.000000
0.000000
0.000000
0.000000
0.000000
0.000000
0.000000
0.000000
0.000000
0.000000
0.000000
0.000000
0.000000
0.000000
0.000000
0.000000
0.000000
0.000000
0.000000
0.000000
0.000000
0.000000
0.000000
0.000000
0.000000
0.000000
0.000000
0.000000
0.000000
0.000000
0.000000
0.000000
0.000000
0.000000
0.000000
0.000000
0.000000
0.000000
0.000000
0.000000
0.000000
0.000000
0.000000
0.000000
0.000000
0.000000
0.000000
0.000000
0.000000
0.000000
0.000000
0.000000
0.000000
0.000000
0.000000
0.000000
0.000000
0.000000
0.000000
0.000000
0.000000
0.000000
0.000000
0.000000
0.000000
0.000000
0.000000
0.000000
0.000000
0.000000
0.000000
0.000000
0.000000
0.000000
0.000000
0.000000
0.000000
0.000000
0.000000
0.000000
0.000000
0.000000
0.000000
0.000000
0.000000
0.000000
0.000000
0.000000
0.000000
0.000000
0.000000
0.000000
0.000000
0.000000
0.000000
0.000000
0.000000
0.000000
0.000000
0.000000
0.000000
0.000000
0.000000
0.000000
0.000000
0.000000
0.000000
0.000000
0.000000
0.000000
0.000000
0.000000
0.000000
0.000000
0.000000
0.000000
0.000000
0.000000
0.000000
0.000000
0.000000
0.000000
0.000000
0.000000
0.000000
0.000000
0.000000
0.000000
0.000000
0.000000
0.000000
0.000000
0.000000
0.000000
0.000000
0.000000
0.000000
0.000000
0.000000
0.000000
0.000000
0.000000
0.000000
0.000000
0.000000
0.000000
0.000000
0.000000
0.000000
0.000000
0.000000
0.000000
0.000000
0.000000
0.000000
0.000000
0.000000
0.000000
0.000000
0.000000
0.000000
0.000000
0.000000
0.000000
0.000000
0.000000
0.000000
0.000000
0.000000
0.000000
0.000000
0.000000
0.000000
0.000000
0.000000
0.000000
0.000000
0.000000
0.000000
0.000000
0.000000
0.000000
0.000000
0.000000
0.000000
0.000000
0.000000
0.000000
0.000000
0.000000
0.000000
0.000000
0.000000
0.000000
0.000000
0.000000
0.000000
0.000000
0.000000
0.000000
0.000000
0.000000
0.000000
0.000000
0.000000
0.000000
0.000000
0.000000
0.000000
0.000000
0.000000
0.000000
0.000000
0.000000
0.000000
0.000000
0.000000
0.000000
0.000000
0.000000
0.000000
0.000000
0.000000
0.000000
0.000000
0.000000
0.000000
0.000000
0.000000
0.000000
0.000000
0.000000
0.000000
0.000000
0.000000
0.000000
0.000000
0.000000
0.000000
0.000000
0.000000
0.000000
0.000000
0.000000
0.000000
0.000000
0.000000
0.000000
0.000000
0.000000
0.000000
0.000000
0.000000
0.000000
0.000000
0.000000
0.000000
0.000000
0.000000
0.000000
0.000000
0.000000
0.000000
0.000000
0.000000
0.000000
0.000000
0.000000
0.000000
0.000000
0.000000
0.000000
0.000000
0.000000
0.000000
0.000000
0.000000
0.000000
0.000000
0.000000
0.000000
0.000000
0.000000
0.000000
0.000000
0.000000
0.000000
0.000000
0.000000
0.000000
0.000000
0.000000
0.000000
0.000000
0.000000
0.000000
0.000000
0.000000
0.000000
0.000000
0.000000
0.000000
0.000000
0.000000
0.000000
0.000000
0.000000
0.000000
0.000000
0.000000
0.000000
0.000000
0.000000
0.000000
0.000000
0.000000
0.000000
0.000000
0.000000
0.000000
0.000000
0.000000
0.000000
0.000000
0.000000
0.000000
0.000000
0.000000
0.000000
0.000000
0.000000
0.000000
0.000000
0.000000
0.000000
0.000000
0.000000
0.000000
0.000000
0.000000
0.000000
0.000000
0.000000
0.000000
0.000000
0.000000
0.000000
0.000000
0.000000
0.000000
0.000000
0.000000
0.000000
0.000000
0.000000
0.000000
0.000000
0.000000
0.000000
0.000000
0.000000
0.000000
0.000000
0.000000
0.000000
0.000000
0.000000
0.000000
0.000000
0.000000
0.000000
0.000000
0.000000
0.000000
0.000000
0.000000
0.000000
0.000000
0.000000
0.000000
0.000000
0.000000
0.000000
0.000000
0.000000
0.000000
0.000000
0.000000
0.000000
0.000000
0.000000
0.000000
0.000000
0.000000
0.000000
0.000000
0.000000
0.000000
0.000000
0.000000
0.000000
0.000000
0.000000
0.000000
0.000000
0.000000
0.000000
0.000000
0.000000
0.000000
0.000000
0.000000
0.000000
0.000000
0.000000
0.000000
0.000000
0.000000
0.000000
0.000000
0.000000
0.000000
0.000000
0.000000
0.000000
0.000000
0.000000
0.000000
0.000000
0.000000
0.000000
0.000000
0.000000
0.000000
0.000000
0.000000
0.000000
0.000000
0.000000
0.000000
0.000000
0.000000
0.000000
0.000000
0.000000
0.000000
0.000000
0.000000
0.000000
0.000000
0.000000
0.000000
0.000000
0.000000
0.000000
0.000000
0.000000
0.000000
0.000000
0.000000
0.000000
0.000000
0.000000
0.000000
0.000000
0.000000
0.000000
0.000000
0.000000
0.000000
0.000000
0.000000
0.000000
0.000000
0.000000
0.000000
0.000000
0.000000
0.000000
0.000000
0.000000
0.000000
0.000000
0.000000
0.000000
0.000000
0.000000
0.000000
