0.304709
0.539101
0.981098
1.218838
1.644092
1.409700
1.865090
1.540290
1.861742
1.958847
1.764636
1.901923
1.881832
1.905272
1.794772
1.865090
1.915317
2.012422
1.881832
2.019119
1.881832
1.915317
1.871787
1.831606
2.156406
1.972241
1.878484
1.844999
1.701016
1.624001
1.858393
1.811515
1.992331
2.243466
2.276950
2.581660
2.591705
2.862930
2.785916
3.535970
3.097322
3.874163
3.288184
3.619681
3.378592
4.296069
4.145389
4.061677
4.105207
3.961224
3.947830
5.856450
4.111904
4.999245
4.573991
4.634263
5.511559
4.573991
5.022684
5.380969
5.303955
5.253727
5.367575
5.662239
5.360878
5.528301
5.511559
5.364227
5.474726
5.012639
4.624218
4.892095
4.647657
4.979154
5.186759
5.163319
5.012639
4.848564
4.925579
4.841867
4.748111
4.336251
4.088465
4.493628
4.105207
4.289372
3.522576
4.095162
4.011450
3.820589
4.359690
4.038238
4.192267
4.265933
4.316160
4.744762
4.242494
5.310651
4.918882
5.036078
2.685462
4.714626
4.945670
5.099699
4.902140
5.123137
5.032730
4.861959
4.815080
4.570642
4.296069
4.406568
4.004754
3.817240
4.185570
4.038239
3.659863
3.445561
3.934436
3.448910
3.338411
3.023656
3.211170
2.943293
2.970081
2.772521
2.789264
2.548175
2.595053
2.491251
2.303738
2.307086
2.276950
2.039210
2.143012
2.019119
2.022468
1.888529
1.952150
1.898575
1.834954
1.895226
1.741197
1.978938
1.684273
1.778030
1.630698
1.644092
1.637395
1.613956
0.860553
1.697667
2.072694
1.459927
2.220026
1.486714
2.102831
1.603910
1.841651
1.828257
1.911968
2.072694
1.999028
1.429791
2.186542
2.364010
2.511342
2.524736
2.963384
2.822748
3.097322
3.964572
3.027004
3.800498
3.957875
3.710089
4.262585
3.890906
4.105207
4.108555
3.991360
4.584036
4.573991
4.198964
4.573991
4.647657
4.356341
4.209009
4.259236
4.061677
4.292721
4.537158
4.225751
4.630915
4.640960
4.517067
4.845216
4.711277
5.099699
4.815080
4.791641
5.129835
5.327394
5.300606
5.454635
5.354181
5.632103
5.672284
5.457983
5.839707
5.149925
5.605315
5.149926
5.638800
5.822965
5.739254
6.047311
5.856450
5.849753
5.973646
5.678982
4.784944
6.285052
6.479263
5.910025
5.561786
5.873192
5.622057
5.678982
5.257076
4.949018
4.979154
4.808383
4.563945
4.527112
4.567294
4.249191
3.974617
3.961224
3.944481
3.890906
3.231260
3.489091
3.234608
2.846188
2.886369
3.104019
2.886369
2.949990
2.739037
2.293693
2.762476
2.702204
2.655326
2.722295
2.554872
2.554872
2.638583
2.384101
2.343919
2.300389
2.263556
2.089437
2.156406
2.163102
2.096133
2.417585
2.477857
2.913157
2.765825
2.682113
2.893066
3.177685
2.842839
3.321668
3.217866
3.325017
3.710089
3.589545
4.061677
3.398683
3.626378
3.974617
4.034890
4.245842
4.577340
4.198964
4.091813
4.235796
3.988011
3.998057
4.078420
3.693347
3.820588
1.660834
3.780407
3.716786
3.311623
3.465652
3.241305
3.110716
2.571614
2.665371
2.966732
2.377404
2.504645
2.340571
2.390798
1.878484
2.414237
2.099482
2.313783
2.303738
1.858393
2.317132
2.183193
2.029164
2.049255
2.119573
2.076043
2.099482
2.069346
1.871787
2.065997
1.985634
1.975589
1.942104
2.183193
2.045907
2.002377
2.089437
2.122921
2.015770
2.086088
2.106179
2.045907
1.918665
2.116224
2.065997
1.905272
2.055952
2.076043
1.972241
2.099482
2.072694
1.774682
2.246814
2.166451
2.209981
2.055952
1.824908
2.199936
2.045907
2.005725
1.955498
2.015770
2.189890
2.002377
2.109527
2.102830
2.079391
2.055952
1.942104
2.072694
2.015770
1.962195
2.082740
1.988983
2.112876
1.975589
1.985634
2.076043
1.985634
2.002377
2.055952
1.972241
1.945453
2.102831
1.948802
1.962195
2.119573
1.982286
2.012422
2.072694
2.009073
1.975589
2.129618
2.092785
2.370707
2.069346
2.260208
2.293693
2.883021
2.410888
3.368547
3.104019
2.913157
3.157594
2.869627
2.849536
2.846188
3.227912
4.145389
3.194427
3.753619
3.217866
3.763665
3.623030
3.951178
3.689999
4.219055
4.061677
4.198964
3.921042
4.352993
4.704581
4.490280
5.267121
4.269281
4.714626
5.628755
4.949018
4.781595
4.768201
5.156622
5.414454
4.697884
5.062866
4.768201
4.794989
4.530461
4.614172
4.768201
4.640960
4.436704
2.246814
4.369735
4.604127
4.630915
4.316160
4.168828
3.974617
4.209009
4.051631
3.981314
3.807194
3.713438
3.579499
3.425471
3.298229
3.191079
3.194427
3.174336
2.970080
3.010262
2.745734
2.648629
2.685462
2.471160
2.605099
2.347268
2.303738
2.250162
2.290344
2.059300
2.072694
1.952150
1.788076
1.824908
1.888529
1.905272
1.965544
2.012422
1.942104
2.049255
1.888529
1.982286
2.062649
2.099482
2.059300
1.978938
1.925362
2.039210
2.012422
2.223375
2.122921
2.451070
2.849536
2.538130
2.913157
3.355153
2.929899
3.572803
3.472349
3.281487
3.736877
3.304926
3.689999
3.870816
3.860770
2.986823
3.746922
3.857421
3.951178
3.726831
4.068374
3.723483
2.836142
3.683302
3.897603
4.610824
4.299417
4.925579
4.229100
4.851913
4.815080
4.935624
3.820589
4.118601
4.198964
4.366386
3.736877
4.275979
4.235797
3.803846
3.931087
3.857421
4.085116
3.371895
4.192267
4.058329
3.867467
3.827285
3.890906
3.951178
3.619681
3.689999
3.750271
3.696695
3.626378
3.432167
3.164291
3.274790
2.728992
3.147549
3.063837
2.913157
2.816051
2.682113
2.672068
2.581660
2.434328
2.357313
2.240117
2.196587
2.092785
1.868438
2.002377
2.015770
1.965544
1.898575
1.828257
1.751243
1.761288
1.814863
1.459927
1.439836
1.680925
1.573774
1.670880
1.359473
1.647440
1.751243
1.664183
1.647440
1.935408
1.510154
2.082740
1.543638
1.684273
2.012422
1.999028
2.236768
2.390798
2.688810
2.936596
2.775870
3.154246
3.207821
3.204473
3.619681
3.552712
3.609636
3.730180
3.576151
4.366386
3.746922
3.740226
4.172176
4.286024
4.684490
4.279327
5.052820
4.600779
4.101859
4.617521
5.233637
4.751459
4.604127
4.510370
4.651005
4.815080
4.808383
5.015987
4.902140
4.299417
5.180061
5.330742
5.658891
5.283864
5.317348
5.069562
5.980342
5.200152
5.086305
5.029381
5.528301
5.504862
5.417802
4.674445
5.404408
5.869843
5.015987
5.551740
5.799526
5.444590
5.350832
5.635451
5.407757
5.230288
5.109744
4.805035
4.466840
5.250379
4.577340
4.008102
4.523764
4.152085
4.078420
4.008102
3.867467
3.700044
3.623030
3.298229
3.432167
2.755780
3.097322
2.558220
2.554872
3.475698
1.972241
2.595053
2.735688
1.573774
2.494600
2.149709
2.126270
2.143012
1.650789
2.343919
2.022468
2.129618
2.173148
2.270253
2.183193
2.290344
2.082740
1.968892
1.878484
2.019119
1.988983
2.049255
2.159754
2.189890
2.109527
2.086088
2.173148
2.002377
2.119573
1.995680
1.938756
1.834954
1.888529
1.948802
1.978938
2.126270
2.109527
2.353965
2.193239
1.667531
1.600562
1.875135
2.022468
1.911968
2.002377
2.112876
1.952150
2.102830
2.052604
1.908620
2.009073
1.908620
1.844999
1.851696
1.818211
1.958847
2.015770
2.266905
2.025816
1.999028
2.039210
1.922014
1.945453
1.580471
1.942104
1.932059
1.922014
2.072694
2.079391
2.106179
2.052603
2.076043
1.985634
1.875135
1.828257
1.865090
1.885181
1.764636
1.932059
1.988983
1.878484
1.988983
1.952150
1.841651
1.992331
1.814863
1.861742
1.898575
1.818212
1.985634
2.076043
2.126270
2.126270
1.932059
2.015770
2.089437
1.858393
1.958847
1.922014
1.804818
1.834954
1.972241
1.972241
2.049255
1.948802
1.952150
1.922014
2.042558
2.106179
1.972241
2.032513
2.082740
1.925362
2.333874
2.092785
2.035861
1.992331
2.032513
1.911968
2.025816
2.039210
1.958847
1.948802
1.918665
2.059300
1.982286
1.871787
2.139663
1.905272
2.012422
1.925362
1.905272
1.935408
1.925362
1.533593
1.577123
1.948802
1.814863
1.828257
1.650789
1.774682
1.717758
1.684273
1.915317
1.791424
1.808166
1.677577
1.644092
1.694319
1.610608
1.871787
1.791424
1.865090
1.895226
2.052604
2.045907
2.039210
2.283647
2.250163
2.497948
2.246814
2.374055
2.501297
2.250162
2.015770
2.196587
2.256859
2.059300
2.153057
1.540290
1.891878
1.908620
1.764636
1.751243
1.724455
1.747894
1.734500
1.711061
1.664183
1.603910
1.670880
1.674228
1.570426
1.885181
1.925362
1.841651
1.774682
1.841651
1.828257
1.911968
2.303738
1.918665
1.891878
1.891878
1.962195
1.844999
1.861742
1.724455
1.774682
1.727803
1.567077
1.778030
1.647440
1.613956
1.875135
1.352776
1.707713
1.915317
1.426442
1.634047
1.774682
1.644092
1.875135
1.928711
2.002377
1.895226
2.035861
2.203284
2.253511
2.246814
2.564917
2.648629
3.194427
3.037049
3.170988
3.659863
3.040398
3.418774
3.512530
3.576151
3.663211
3.756968
4.212358
4.088465
3.900951
3.887558
3.308275
4.386477
3.887558
4.111904
3.884209
3.914345
3.864118
3.706741
3.696695
3.612984
3.700044
3.582848
3.914345
3.489091
3.706741
3.455607
3.361850
3.462303
3.298229
3.211169
3.254699
2.852885
3.107367
2.795961
2.966732
2.692159
2.551523
2.692159
2.206632
2.012422
2.370707
2.005725
2.132966
1.995680
2.042558
1.999028
1.955498
1.757940
1.952150
1.818211
1.821560
1.898575
1.855045
1.982286
2.002377
1.771333
1.915317
1.309246
1.767985
1.697667
1.734500
1.670880
1.634047
1.925362
1.687622
1.711061
1.690970
1.677577
1.727803
1.858393
1.567077
1.182005
1.550335
2.153057
1.526896
1.948802
2.364010
1.349428
1.510154
2.129618
1.717758
1.731152
1.905271
1.392958
1.955498
1.717758
1.580471
1.711061
1.406351
2.089437
1.690970
1.828257
1.721106
1.747894
2.019119
1.248974
1.774682
1.851696
1.014582
1.634047
1.747894
1.878484
1.935408
1.784727
1.855045
2.290344
2.062649
0.937568
1.292504
1.935408
1.426442
1.741197
1.898575
1.637395
1.115036
1.436488
2.163102
2.186542
1.486714
1.309246
1.496760
2.374055
1.198747
1.624001
1.443184
1.667531
2.434328
1.650789
1.844999
2.173148
2.052603
1.865090
1.701016
2.518039
1.597213
2.394146
1.898575
2.186542
1.670880
1.952150
1.811515
1.798121
1.764636
1.804818
1.580471
1.158566
1.332685
2.129618
1.844999
2.069346
2.199936
2.209981
2.317132
2.390798
2.665371
2.417585
2.374055
2.501297
2.250163
2.112876
2.307086
2.089437
2.193239
1.985634
1.948802
1.878484
1.955498
2.032513
2.019119
2.005725
1.908620
2.055952
1.999028
2.042558
2.173148
2.333874
2.564918
2.839491
2.785916
2.983474
3.546015
3.415425
3.448910
1.664183
3.636423
4.138692
3.643120
4.483582
3.823936
4.071723
4.078420
4.640960
4.272630
4.513719
4.058329
5.093001
4.617521
4.567294
5.578528
4.738065
4.821777
4.761505
4.778246
4.738065
5.119790
5.170016
4.999245
5.159971
5.404408
5.347484
5.280515
5.417802
5.173365
5.062866
5.260425
4.507022
4.654354
4.222403
4.031541
4.540506
4.185570
3.760316
3.914345
3.368547
3.361850
3.448910
3.231260
3.073883
3.043747
2.718946
2.049255
1.637395
2.209981
2.005725
2.042558
2.213329
1.771333
1.724455
1.155217
1.607259
1.992331
2.273602
0.900735
1.922014
0.837114
1.111687
1.767985
1.567077
1.644092
1.932059
2.049255
2.106179
2.149709
2.092785
2.129618
2.173148
1.985634
2.507994
2.149709
2.059300
2.712250
1.694319
2.206633
2.002377
2.122921
2.360662
2.220026
2.176497
2.129618
2.313783
2.126270
2.139663
2.072694
1.955498
2.119573
1.992331
2.119573
2.019119
1.794772
1.962195
1.978938
1.891878
1.938756
2.109527
2.069346
2.286995
2.595054
2.481206
2.732340
2.595053
2.651977
2.076043
2.715598
2.728992
2.725643
2.769173
2.728992
2.819400
2.732340
2.859581
2.883021
2.712249
2.698856
2.461115
2.447721
2.297041
2.240117
2.276950
2.206633
2.119573
1.935408
1.925362
1.918665
1.848348
1.814863
1.814863
1.674228
1.650789
1.684273
1.761288
1.814863
1.640743
1.640743
1.848348
1.881832
1.148520
1.406351
2.076043
2.236768
1.506805
1.928711
1.727803
1.838302
2.059300
2.106179
2.213329
2.153057
2.042558
2.216678
2.588356
2.481206
2.384101
2.963384
2.929899
3.150897
2.960035
3.351805
3.040398
3.067186
3.010262
3.023656
2.772522
2.936596
2.779218
2.441025
2.795961
2.507993
2.447721
2.467812
2.397495
2.320480
2.233420
1.717758
1.731152
1.992331
2.035861
1.697667
1.908620
1.711061
1.607259
1.778030
1.848348
1.674228
1.680925
1.664183
1.603910
1.630698
1.767985
1.603910
1.677577
1.727803
1.888529
1.922014
2.012422
1.995680
2.166451
2.035861
1.985634
2.317132
2.330525
2.461115
2.893066
2.715598
2.635235
3.030353
2.939944
3.214518
2.990171
2.993520
2.966732
2.983474
2.849536
2.742385
2.765825
2.702204
2.702204
2.688810
2.307086
2.514691
2.303738
2.367358
2.226723
2.149709
2.173148
2.035861
1.915317
1.834954
1.791424
1.761288
1.767985
1.747894
1.764636
1.690970
1.664183
1.580471
1.577123
1.429791
1.319292
1.483366
1.667531
1.690970
1.526896
1.637395
1.764636
1.851696
2.169800
1.992331
2.250163
2.196587
2.069346
2.266905
2.651977
2.578311
2.477858
2.685462
2.802658
2.916505
2.960035
3.077231
3.097322
3.013611
2.990171
2.983474
2.919854
2.883021
2.973429
2.742385
2.792612
2.635235
2.501297
2.544827
2.434328
2.243466
2.256859
2.146360
2.049255
2.096133
1.915317
1.838302
1.788076
1.731152
1.858393
1.610607
1.724455
1.761288
1.721106
1.369519
1.794772
1.684273
1.798121
1.915317
1.630698
1.965544
1.553684
1.687622
1.895226
1.942104
1.928711
2.086088
2.012422
2.039210
2.163102
2.260208
2.715598
2.350616
2.705553
2.906460
2.896415
2.511342
3.027004
3.087276
2.916505
2.919854
3.073883
2.806006
3.003565
2.732340
2.836142
2.668720
2.474509
2.461115
2.206633
2.270253
2.357313
2.173148
1.754591
2.206633
1.972241
1.844999
1.888529
1.794772
1.855045
1.677577
1.778030
1.724455
1.804818
1.701016
1.637395
1.684273
1.379564
1.717758
2.045907
1.145172
1.737849
1.469972
1.570426
1.567077
1.794772
1.875135
2.032513
2.005725
2.032513
2.132967
2.065997
1.918665
2.293693
3.227912
2.283647
2.631886
3.093973
2.946641
2.956687
2.939944
2.966732
3.067186
3.020307
2.869627
2.836142
3.043746
2.497948
2.749082
2.564917
2.407540
2.531433
2.534781
2.337222
2.109527
2.136315
1.922014
2.072694
1.717758
1.908620
1.814863
1.570426
1.901923
1.664183
1.684273
1.670879
1.613956
1.526896
1.624001
1.362822
2.092785
1.466624
1.530244
1.567077
2.005725
1.500108
1.654137
1.352776
1.784727
1.978938
1.982286
2.022468
2.059300
2.079391
2.089437
2.340571
2.260208
2.410888
2.698855
2.896415
2.883021
3.030353
3.080580
3.304926
2.956687
3.231260
2.809355
2.970081
2.872975
2.718946
2.695507
2.618493
2.534781
2.615144
2.384101
2.387449
2.414237
2.039210
2.226723
2.106179
1.858393
1.911968
1.851696
1.690970
1.751243
1.737849
0.914128
1.804818
1.911968
1.714409
1.369519
1.798121
1.684273
1.500108
1.620653
1.771333
1.690970
2.035861
1.734500
1.821560
1.821560
1.875135
2.122921
2.112876
2.236768
2.045907
2.230072
2.297041
2.327177
2.521387
2.826097
2.836142
2.926551
3.020307
3.063838
3.063837
3.057140
2.883021
2.906460
2.802658
2.785916
2.960035
2.799309
2.655326
2.615144
2.615144
2.347268
2.397495
2.300389
2.183193
2.216678
2.092785
1.891878
1.908620
2.022468
1.804818
2.039210
1.751243
1.764636
1.851696
1.694319
1.486714
1.530244
1.801469
1.613956
1.630698
1.704364
1.469972
1.952150
1.694319
1.560381
1.721106
2.092785
1.885181
2.029164
1.992331
2.055952
2.260208
2.246814
2.317132
2.514691
2.685462
2.779218
3.117413
3.114064
3.268093
3.037049
3.053792
3.030353
2.862930
2.879672
2.795961
2.765825
2.628538
2.665371
2.534781
2.591705
2.370707
2.430979
2.444373
2.283647
2.246814
1.952150
2.079391
2.019119
1.901923
1.881832
1.788076
1.754591
1.781379
1.624001
1.925362
1.804818
1.751243
1.744545
1.771333
1.962195
2.005725
1.958847
2.039210
2.112876
2.129618
2.313783
2.387449
2.514691
2.789264
3.020307
3.348456
3.261396
3.418774
3.576151
3.780407
4.671096
4.778247
3.874163
3.445561
4.895443
3.890906
4.610824
3.998057
3.984663
4.332902
4.075071
3.777058
3.981314
3.927739
2.092785
3.760316
3.867467
3.271441
3.643120
3.797149
3.770362
3.820589
3.823936
4.024844
3.803846
3.756968
3.820589
3.402032
4.192267
3.837331
3.643120
3.773710
3.609636
3.696695
3.495788
3.258048
3.475698
3.274790
3.274790
3.462303
3.589545
3.438864
3.602939
3.472349
3.582848
4.115252
3.800498
4.761505
3.967921
4.125298
4.262585
3.974617
4.312811
3.760316
4.306114
4.322857
4.172176
4.118601
4.111904
3.874163
4.054980
3.857421
3.837331
4.058329
3.904300
3.991359
4.299417
3.914345
3.884209
3.760316
3.797149
3.994708
3.787104
3.361850
3.649817
3.689999
3.539318
3.140852
3.187730
3.030353
2.558221
3.167639
2.718946
3.016959
2.293692
2.538130
2.655326
2.477857
2.742385
2.554872
2.524736
2.538130
2.377404
2.206633
2.136315
2.250162
2.481206
2.263556
2.256859
2.340571
2.571614
2.437676
2.471161
2.283647
2.303738
2.293693
2.206633
2.286995
2.340571
2.199936
2.253511
2.360662
2.176497
2.343919
2.353965
2.213329
2.384101
2.303738
2.377404
2.276950
2.280298
2.166451
2.256859
2.173148
2.340571
2.457767
2.400843
2.417585
2.528084
2.471160
2.645280
2.437676
2.451070
2.303738
2.320480
2.333874
2.320480
2.307086
2.327177
2.286995
2.122921
2.179845
2.072694
2.186542
2.357313
2.156406
2.122921
2.163102
2.270253
2.467812
2.407540
2.561569
2.521387
2.518039
2.568266
2.457767
2.521387
2.484555
2.551524
2.420934
2.323829
2.397495
2.270253
2.226723
2.109527
2.266905
2.166451
2.250162
2.236769
2.256859
2.240117
2.253511
2.196587
2.270253
2.236768
2.216678
2.139663
2.347268
2.146360
2.243466
2.451070
2.427631
2.528084
2.591705
2.310435
2.343919
2.441025
2.380752
2.183193
2.206632
2.156406
2.186542
2.029164
2.025816
1.915317
1.898575
0.000000
0.000000
0.000000
0.000000
0.000000
0.000000
0.000000
0.000000
0.000000
0.000000
0.000000
0.000000
0.000000
0.000000
0.000000
0.000000
0.000000
0.000000
0.000000
0.000000
0.000000
0.000000
0.000000
0.000000
0.000000
0.000000
0.000000
0.000000
0.000000
0.000000
0.000000
0.000000
0.000000
0.000000
0.000000
0.000000
0.000000
0.000000
0.000000
0.000000
0.000000
0.000000
0.000000
0.000000
0.000000
0.000000
0.000000
0.000000
0.000000
0.000000
0.000000
0.000000
0.000000
0.000000
0.000000
0.000000
0.000000
0.000000
0.000000
0.000000
0.000000
0.000000
0.000000
0.000000
0.000000
0.000000
0.000000
0.000000
0.000000
0.000000
0.000000
0.000000
0.000000
0.000000
0.000000
0.000000
0.000000
0.000000
0.000000
0.000000
0.000000
0.000000
0.000000
0.000000
0.000000
0.000000
0.000000
0.000000
0.000000
0.000000
0.000000
0.000000
0.000000
0.000000
0.000000
0.000000
0.000000
0.000000
0.000000
0.000000
0.000000
0.000000
0.000000
0.000000
0.000000
0.000000
0.000000
0.000000
0.000000
0.000000
0.000000
0.000000
0.000000
0.000000
0.000000
0.000000
0.000000
0.000000
0.000000
0.000000
0.000000
0.000000
0.000000
0.000000
0.000000
0.000000
0.000000
0.000000
0.000000
0.000000
0.000000
0.000000
0.000000
0.000000
0.000000
0.000000
0.000000
0.000000
0.000000
0.000000
0.000000
0.000000
0.000000
0.000000
0.000000
0.000000
0.000000
0.000000
0.000000
0.000000
0.000000
0.000000
0.000000
0.000000
0.000000
0.000000
0.000000
0.000000
0.000000
0.000000
0.000000
0.000000
0.000000
0.000000
0.000000
0.000000
0.000000
0.000000
0.000000
0.000000
0.000000
0.000000
0.000000
0.000000
0.000000
0.000000
0.000000
0.000000
0.000000
0.000000
0.000000
0.000000
0.000000
0.000000
0.000000
0.000000
0.000000
0.000000
0.000000
0.000000
0.000000
0.000000
0.000000
0.000000
0.000000
0.000000
0.000000
0.000000
0.000000
0.000000
0.000000
0.000000
0.000000
0.000000
0.000000
0.000000
0.000000
0.000000
0.000000
0.000000
0.000000
0.000000
0.000000
0.000000
0.000000
0.000000
0.000000
0.000000
0.000000
0.000000
0.000000
0.000000
0.000000
0.000000
0.000000
0.000000
0.000000
0.000000
0.000000
0.000000
0.000000
0.000000
0.000000
0.000000
0.000000
0.000000
0.000000
0.000000
0.000000
0.000000
0.000000
0.000000
0.000000
0.000000
0.000000
0.000000
0.000000
0.000000
0.000000
0.000000
0.000000
0.000000
0.000000
0.000000
0.000000
0.000000
0.000000
0.000000
0.000000
0.000000
0.000000
0.000000
0.000000
0.000000
0.000000
0.000000
0.000000
0.000000
0.000000
0.000000
0.000000
0.000000
0.000000
0.000000
0.000000
0.000000
0.000000
0.000000
0.000000
0.000000
0.000000
0.000000
0.000000
0.000000
0.000000
0.000000
0.000000
0.000000
0.000000
0.000000
0.000000
0.000000
0.000000
0.000000
0.000000
0.000000
0.000000
0.000000
0.000000
0.000000
0.000000
0.000000
0.000000
0.000000
0.000000
0.000000
0.000000
0.000000
0.000000
0.000000
0.000000
0.000000
0.000000
0.000000
0.000000
0.000000
0.000000
0.000000
0.000000
0.000000
0.000000
0.000000
0.000000
0.000000
0.000000
0.000000
0.000000
0.000000
0.000000
0.000000
0.000000
0.000000
0.000000
0.000000
0.000000
0.000000
0.000000
0.000000
0.000000
0.000000
0.000000
0.000000
0.000000
0.000000
0.000000
0.000000
0.000000
0.000000
0.000000
0.000000
0.000000
0.000000
0.000000
0.000000
0.000000
0.000000
0.000000
0.000000
0.000000
0.000000
0.000000
0.000000
0.000000
0.000000
0.000000
0.000000
0.000000
0.000000
0.000000
0.000000
0.000000
0.000000
0.000000
0.000000
0.000000
0.000000
0.000000
0.000000
0.000000
0.000000
0.000000
0.000000
0.000000
0.000000
0.000000
0.000000
0.000000
0.000000
0.000000
0.000000
0.000000
0.000000
0.000000
0.000000
0.000000
0.000000
0.000000
0.000000
0.000000
0.000000
0.000000
0.000000
0.000000
0.000000
0.000000
0.000000
0.000000
0.000000
0.000000
0.000000
0.000000
0.000000
0.000000
0.000000
0.000000
0.000000
0.000000
0.000000
0.000000
0.000000
0.000000
0.000000
0.000000
0.000000
0.000000
0.000000
0.000000
0.000000
0.000000
0.000000
0.000000
0.000000
0.000000
0.000000
0.000000
0.000000
0.000000
0.000000
0.000000
0.000000
0.000000
0.000000
0.000000
0.000000
0.000000
0.000000
0.000000
0.000000
0.000000
0.000000
0.000000
0.000000
0.000000
0.000000
0.000000
0.000000
0.000000
0.000000
0.000000
0.000000
0.000000
0.000000
0.000000
0.000000
0.000000
0.000000
0.000000
0.000000
0.000000
0.000000
0.000000
0.000000
0.000000
0.000000
0.000000
0.000000
0.000000
0.000000
0.000000
0.000000
0.000000
0.000000
0.000000
0.000000
0.000000
0.000000
0.000000
0.000000
0.000000
0.000000
0.000000
0.000000
0.000000
0.000000
0.000000
0.000000
0.000000
0.000000
0.000000
0.000000
0.000000
0.000000
0.000000
0.000000
0.000000
0.000000
0.000000
0.000000
0.000000
0.000000
0.000000
0.000000
0.000000
0.000000
0.000000
0.000000
0.000000
0.000000
0.000000
0.000000
0.000000
0.000000
0.000000
0.000000
0.000000
0.000000
0.000000
0.000000
0.000000
0.000000
0.000000
0.000000
0.000000
0.000000
0.000000
0.000000
0.000000
0.000000
0.000000
0.000000
0.000000
0.000000
0.000000
0.000000
0.000000
0.000000
0.000000
0.000000
0.000000
0.000000
0.000000
0.000000
0.000000
0.000000
0.000000
0.000000
0.000000
0.000000
0.000000
0.000000
0.000000
0.000000
0.000000
0.000000
0.000000
0.000000
0.000000
0.000000
0.000000
0.000000
0.000000
0.000000
0.000000
0.000000
0.000000
0.000000
0.000000
0.000000
0.000000
0.000000
0.000000
0.000000
0.000000
0.000000
0.000000
0.000000
0.000000
0.000000
0.000000
0.000000
0.000000
0.000000
0.000000
0.000000
0.000000
0.000000
0.000000
0.000000
0.000000
0.000000
0.000000
0.000000
0.000000
0.000000
0.000000
0.000000
0.000000
0.000000
0.000000
0.000000
0.000000
0.000000
0.000000
0.000000
0.000000
0.000000
0.000000
0.000000
0.000000
0.000000
0.000000
0.000000
0.000000
0.000000
0.000000
0.000000
0.000000
0.000000
0.000000
0.000000
0.000000
0.000000
0.000000
0.000000
0.000000
0.000000
0.000000
0.000000
0.000000
0.000000
0.000000
0.000000
0.000000
0.000000
0.000000
0.000000
0.000000
0.000000
0.000000
0.000000
0.000000
0.000000
0.000000
0.000000
0.000000
0.000000
0.000000
0.000000
0.000000
0.000000
0.000000
0.000000
0.000000
0.000000
0.000000
0.000000
0.000000
0.000000
0.000000
0.000000
0.000000
0.000000
0.000000
0.000000
0.000000
0.000000
0.000000
0.000000
0.000000
0.000000
0.000000
0.000000
0.000000
0.000000
0.000000
0.000000
0.000000
0.000000
0.000000
0.000000
0.000000
0.000000
0.000000
0.000000
0.000000
0.000000
0.000000
0.000000
0.000000
0.000000
0.000000
0.000000
0.000000
0.000000
0.000000
0.000000
0.000000
0.000000
0.000000
0.000000
0.000000
0.000000
0.000000
0.000000
0.000000
0.000000
0.000000
0.000000
0.000000
0.000000
0.000000
0.000000
0.000000
0.000000
0.000000
0.000000
0.000000
0.000000
0.000000
0.000000
0.000000
0.000000
0.000000
0.000000
0.000000
0.000000
0.000000
0.000000
0.000000
0.000000
0.000000
0.000000
0.000000
0.000000
0.000000
0.000000
0.000000
0.000000
0.000000
0.000000
0.000000
0.000000
0.000000
0.000000
0.000000
0.000000
0.000000
0.000000
0.000000
0.000000
0.000000
0.000000
0.000000
0.000000
0.000000
0.000000
0.000000
0.000000
0.000000
0.000000
0.000000
0.000000
0.000000
0.000000
0.000000
0.000000
0.000000
0.000000
0.000000
0.000000
0.000000
0.000000
0.000000
0.000000
0.000000
0.000000
0.000000
0.000000
0.000000
0.000000
0.000000
0.000000
0.000000
0.000000
0.000000
0.000000
0.000000
0.000000
0.000000
0.000000
0.000000
0.000000
0.000000
0.000000
0.000000
0.000000
0.000000
0.000000
0.000000
0.000000
0.000000
0.000000
0.000000
0.000000
0.000000
0.000000
0.000000
0.000000
0.000000
0.000000
0.000000
0.000000
0.000000
0.000000
0.000000
0.000000
0.000000
0.000000
0.000000
0.000000
0.000000
0.000000
0.000000
0.000000
0.000000
0.000000
0.000000
0.000000
0.000000
0.000000
0.000000
0.000000
0.000000
0.000000
0.000000
0.000000
0.000000
0.000000
0.000000
0.000000
0.000000
0.000000
0.000000
0.000000
0.000000
0.000000
0.000000
0.000000
0.000000
0.000000
0.000000
0.000000
0.000000
0.000000
0.000000
0.000000
0.000000
0.000000
0.000000
0.000000
0.000000
0.000000
0.000000
0.000000
0.000000
0.000000
0.000000
0.000000
0.000000
0.000000
0.000000
0.000000
0.000000
0.000000
0.000000
0.000000
0.000000
0.000000
0.000000
0.000000
0.000000
0.000000
0.000000
0.000000
0.000000
0.000000
0.000000
0.000000
0.000000
0.000000
0.000000
0.000000
0.000000
0.000000
0.000000
0.000000
0.000000
0.000000
0.000000
0.000000
0.000000
0.000000
0.000000
0.000000
0.000000
0.000000
0.000000
0.000000
0.000000
0.000000
0.000000
0.000000
0.000000
0.000000
0.000000
0.000000
0.000000
0.000000
0.000000
0.000000
0.000000
0.000000
0.000000
0.000000
0.000000
0.000000
0.000000
0.000000
0.000000
0.000000
0.000000
0.000000
0.000000
0.000000
0.000000
0.000000
0.000000
0.000000
0.000000
0.000000
0.000000
0.000000
0.000000
0.000000
0.000000
0.000000
0.000000
0.000000
0.000000
0.000000
0.000000
0.000000
0.000000
0.000000
0.000000
0.000000
0.000000
0.000000
0.000000
0.000000
0.000000
0.000000
0.000000
0.000000
0.000000
0.000000
0.000000
0.000000
0.000000
0.000000
0.000000
0.000000
0.000000
0.000000
0.000000
0.000000
0.000000
0.000000
0.000000
0.000000
0.000000
0.000000
0.000000
0.000000
0.000000
0.000000
0.000000
0.000000
0.000000
0.000000
0.000000
0.000000
0.000000
0.000000
0.000000
0.000000
0.000000
0.000000
0.000000
0.000000
0.000000
0.000000
0.000000
0.000000
0.000000
0.000000
0.000000
0.000000
0.000000
0.000000
0.000000
0.000000
0.000000
0.000000
0.000000
0.000000
0.000000
0.000000
0.000000
0.000000
0.000000
0.000000
0.000000
0.000000
0.000000
0.000000
0.000000
0.000000
0.000000
0.000000
0.000000
0.000000
0.000000
0.000000
0.000000
0.000000
0.000000
0.000000
0.000000
0.000000
0.000000
0.000000
0.000000
0.000000
0.000000
0.000000
0.000000
0.000000
0.000000
0.000000
0.000000
0.000000
0.000000
0.000000
0.000000
0.000000
0.000000
0.000000
0.000000
0.000000
0.000000
0.000000
0.000000
0.000000
0.000000
0.000000
0.000000
0.000000
0.000000
0.000000
0.000000
0.000000
0.000000
0.000000
0.000000
0.000000
0.000000
0.000000
0.000000
0.000000
0.000000
0.000000
0.000000
0.000000
0.000000
0.000000
0.000000
0.000000
0.000000
0.000000
0.000000
0.000000
0.000000
0.000000
0.000000
0.000000
0.000000
0.000000
0.000000
0.000000
0.000000
0.000000
0.000000
0.000000
0.000000
0.000000
0.000000
0.000000
0.000000
0.000000
0.000000
0.000000
0.000000
0.000000
0.000000
0.000000
0.000000
0.000000
0.000000
0.000000
0.000000
0.000000
0.000000
0.000000
0.000000
0.000000
0.000000
0.000000
0.000000
0.000000
0.000000
0.000000
0.000000
0.000000
0.000000
0.000000
0.000000
0.000000
0.000000
0.000000
0.000000
0.000000
0.000000
0.000000
0.000000
0.000000
0.000000
0.000000
0.000000
0.000000
0.000000
0.000000
0.000000
0.000000
