0.344891
0.656297
1.767985
0.987795
1.543638
1.935408
1.453230
2.015770
1.627350
1.801469
1.707713
1.844999
1.865090
1.824908
1.928711
2.072694
1.871787
1.841651
1.804818
1.737849
1.861742
1.972241
1.784727
1.824908
1.791424
1.972241
1.905272
1.747894
1.828257
1.858393
1.684273
1.620653
1.784727
1.851696
1.915317
1.925362
1.925362
1.918665
2.236769
2.089437
1.814863
1.804818
1.697667
1.995680
1.952150
1.560381
1.844999
1.774682
1.774682
1.694319
1.858393
1.875135
1.798121
1.801469
1.764636
1.945453
1.908620
1.935408
1.942104
1.737849
1.985634
1.721106
1.905271
1.687622
2.022468
1.848348
1.851696
1.814863
1.794772
1.757940
1.898575
1.647440
1.664183
1.694319
1.731152
1.935408
1.667531
1.644092
2.025816
1.858393
1.697667
1.938756
1.804818
1.814863
1.911968
1.751243
1.942104
1.767985
1.811515
1.811515
1.895226
1.724455
1.610607
1.757940
1.801469
1.747894
1.928711
1.784727
1.814863
1.767985
1.680925
2.019119
1.851696
1.908620
1.804818
1.791424
1.898575
1.771333
1.865090
1.988983
1.543638
1.701016
1.627350
1.734500
1.821560
1.741197
1.834954
1.717758
1.855045
1.875135
1.654137
1.724455
1.965544
1.788076
1.911968
1.647440
1.774682
1.771333
1.814863
1.704364
1.563729
1.778030
1.788076
1.701016
1.677577
1.684273
1.804818
1.764636
1.553684
1.962195
1.784727
1.778030
1.844999
1.798121
1.858393
1.898575
1.928711
1.958847
1.814863
1.654137
1.875135
1.875135
1.811515
1.871787
1.546987
1.935408
1.744545
1.747894
2.002377
1.583820
1.915317
1.704364
1.617304
1.915317
1.811515
1.707713
1.747894
1.657486
1.841651
2.002377
1.711061
1.744545
1.925362
1.942104
1.764636
1.811515
1.871787
1.670880
1.734500
1.808166
1.922014
1.898575
1.811515
1.878484
1.754591
1.794772
1.992331
1.721106
1.865090
1.647440
1.985634
1.875135
1.978938
1.871787
1.988983
1.824908
1.801469
1.707713
1.798121
1.985634
1.988983
1.778030
1.915317
1.911968
1.761288
1.674228
1.490063
1.767985
1.744545
1.731152
2.076043
1.952150
1.680925
1.855045
1.804818
1.680925
1.821560
1.851696
1.838302
2.099482
1.798121
1.784727
1.784727
1.774682
1.650789
1.811515
1.640743
1.717758
1.808166
1.724455
2.002377
1.767985
1.788076
1.841651
1.747894
1.878484
1.918665
1.898575
1.861742
1.767985
1.717758
1.613956
1.935408
1.704364
1.600562
1.841651
1.891878
1.751243
1.754591
1.771333
1.714409
1.858393
1.828257
1.751243
1.958847
1.557032
1.885181
1.935408
1.751243
1.597213
1.855045
1.982286
1.848348
1.764636
1.808166
1.932059
1.754591
1.821560
1.690970
1.627350
1.841651
1.791424
1.828257
1.774682
1.690970
1.784727
1.814863
1.741197
1.754591
1.717758
1.801469
1.717758
1.694319
1.741197
1.650789
1.637395
1.771333
1.389609
2.153057
1.185353
1.855045
1.988983
1.389609
1.613956
1.788076
1.600562
1.721106
1.667531
1.838302
1.985634
1.798121
1.988983
1.801469
1.922014
1.962195
1.891878
1.855045
1.955498
1.808166
1.942104
1.898575
1.911968
1.741197
1.737849
1.824908
1.811515
1.875135
1.794772
1.747894
1.767985
1.875135
1.834954
2.025816
1.634047
2.002377
1.851696
1.895226
1.915317
1.855045
1.771333
1.878484
1.851696
1.778030
1.781379
1.948802
1.911968
1.704364
1.888529
1.824908
1.724455
1.767985
1.747894
1.798121
1.644092
1.838302
1.690970
1.978938
1.717758
1.838302
1.834954
1.898575
1.881832
1.838302
1.988983
1.717758
1.757939
1.788076
1.774682
1.925362
1.798121
1.630698
1.955498
1.657486
1.901923
1.701016
1.677577
1.975589
1.818212
1.670879
1.781379
1.764636
1.982286
1.942104
1.587168
1.918665
1.808166
1.647440
1.707713
1.841651
1.617304
1.828257
1.774682
1.650789
1.731152
1.932059
1.948802
1.721106
1.858393
1.767985
1.925362
1.841651
1.624001
1.811515
1.791424
1.911968
1.747894
1.674228
1.757939
1.875135
1.674228
1.841651
1.855045
1.734500
1.741197
1.744546
1.838302
1.690970
1.670879
1.888529
1.798121
1.908620
1.727803
1.603910
1.855045
1.784727
1.844999
1.677577
1.737849
1.922014
1.915317
1.781379
1.898575
1.717758
1.744545
1.895226
1.747894
1.764636
1.791424
1.664183
1.774682
1.905272
1.704364
1.657486
1.808166
1.831606
1.714409
2.029164
2.109527
1.697667
1.737849
1.834954
1.988983
1.811515
1.751243
1.801469
1.811515
1.754591
1.794772
1.871787
1.861742
1.734500
1.744545
1.704364
1.781379
1.734500
1.778030
1.624001
1.761288
1.798121
1.841651
1.878484
1.734500
1.697667
1.824908
1.808166
1.881832
1.978938
1.737849
1.757940
1.741197
1.563729
1.634047
1.801469
1.898575
1.680925
1.858393
1.737849
1.744546
1.865090
1.540290
1.701016
1.814863
1.734500
1.774682
1.811515
1.757940
1.932059
1.620653
1.778030
1.865090
1.620653
1.781379
1.838302
1.781379
1.824908
1.828257
1.928711
1.875135
1.697667
1.985634
1.764636
1.828257
1.774682
1.737849
1.821560
1.660834
1.834954
1.838302
1.851696
2.032513
1.791424
1.875135
1.744546
1.828257
1.851696
1.757940
1.690970
1.978938
1.767985
1.587168
1.747894
1.680925
1.580471
1.687622
1.871787
1.841651
1.918665
1.764636
1.818211
1.831606
1.818212
1.734500
1.908620
1.962195
1.798121
1.962195
1.788076
1.714409
1.855045
1.834954
1.818211
1.838302
1.804818
1.861742
1.731152
1.751243
1.938756
1.724455
1.724455
1.771333
1.804818
1.891878
1.687622
1.831606
1.587168
1.978938
1.918665
1.741197
1.781379
1.952150
1.922014
1.948802
1.680925
1.717758
1.865090
1.737849
1.878484
1.918665
1.942104
1.764636
1.667531
1.711061
1.958847
1.922014
1.657486
1.932059
1.731152
1.848348
1.767985
1.898575
1.664183
1.868438
1.928711
1.801469
1.650789
1.754591
1.982286
1.761288
1.888529
1.791424
1.744545
1.844999
1.834954
1.694319
1.737849
1.814863
1.674228
1.985634
1.834954
1.687622
1.898575
1.865090
1.828257
1.831606
1.885181
1.798121
1.734500
1.747894
1.757939
1.737849
1.778030
1.781379
1.848348
1.644092
1.657486
1.814863
1.838302
1.794772
1.788076
1.861742
1.747894
1.891878
1.824908
1.771333
1.871787
1.838302
1.958847
1.814863
1.898575
1.674228
1.764636
1.764636
1.781379
1.838302
1.905271
1.747894
1.804818
1.741197
1.640743
1.741197
1.767985
1.747894
1.885181
1.901923
1.701016
1.875135
1.724455
1.888529
1.888529
1.798121
1.774682
1.684273
1.988983
1.868438
1.734500
1.885181
1.680925
1.814863
1.757940
1.885181
1.761288
1.841651
1.831605
1.818211
1.774682
1.741197
1.834954
1.844999
2.029164
2.005725
1.871787
1.801469
1.613956
1.868438
1.891878
1.727803
1.687622
1.687622
1.801469
1.717758
1.767985
1.811515
2.015770
1.878484
1.644092
1.841651
1.791424
1.841651
1.714409
1.945453
1.844999
1.828257
1.801469
1.767985
1.915317
1.804818
1.841651
1.868438
1.634047
1.808166
1.952150
1.741197
1.891878
1.972241
1.764636
1.731152
1.855045
1.734500
1.701016
1.737849
1.968892
1.891878
1.905271
1.962195
1.861742
1.721106
1.731152
1.975589
1.680925
1.674228
2.022468
1.620653
1.838302
1.968892
1.734500
1.891878
1.814863
1.952150
1.761288
1.707713
1.898575
1.952150
1.811515
1.821560
1.647440
2.082740
1.895226
1.798121
1.871787
1.838302
1.814863
1.711061
1.888529
1.637395
1.945453
1.660834
1.754591
1.620653
1.801469
1.757939
1.707713
1.915317
1.798121
1.861742
1.804818
1.721106
1.761288
1.734500
1.804818
1.788076
1.855045
1.761288
1.975589
1.895226
1.801469
1.744546
1.714409
1.888529
1.767985
1.801469
1.677577
1.804818
1.687622
1.781379
1.737849
1.744545
1.647440
1.811515
1.757939
1.767985
1.747894
1.985634
1.925362
1.965544
1.898575
1.694319
1.707713
1.915317
1.613956
1.851696
1.804818
1.747894
1.999028
1.600562
1.737849
1.828257
1.627350
1.670879
1.660834
1.737849
1.958847
1.600562
1.965544
1.828257
1.727803
1.801469
1.757940
1.928711
1.868438
1.664183
1.818212
1.972241
1.754591
1.761288
1.764636
1.888529
1.814863
1.771333
1.848348
1.818211
1.834954
1.704364
1.634047
2.059300
1.798121
1.774682
1.741197
1.868438
1.731152
1.784727
1.560381
1.831606
1.767985
1.881832
1.888529
1.771333
1.911968
1.794772
1.737849
1.530244
1.965544
1.945453
1.717758
1.898575
1.901923
1.905271
1.751243
1.784727
1.861742
1.674228
1.818211
1.928711
1.898575
1.992331
1.724455
1.881832
1.868438
1.754591
1.741197
1.764636
1.794772
1.841651
1.767985
1.684273
1.791424
1.878484
1.687622
1.660834
1.841651
1.778030
1.751243
1.831606
1.908620
1.838302
1.757939
1.865090
1.871787
1.714409
1.667531
1.838302
1.901923
1.761288
1.717758
1.821560
1.667531
1.647440
1.640743
1.955498
1.717758
1.848348
1.771333
1.855045
1.901923
1.848348
1.791424
1.587168
1.811515
1.644092
1.821560
1.784727
1.754591
1.814863
1.814863
1.891878
1.778030
1.831605
1.536941
1.791424
1.751243
1.667531
1.627350
1.788076
1.841651
1.808166
1.634047
1.778030
1.664183
1.851696
1.747894
1.751243
1.771333
1.794772
1.788076
1.567077
1.878484
1.764636
1.717758
1.804818
1.935408
1.831606
1.674228
1.901923
1.814863
1.804818
1.694319
1.831606
1.570426
1.774682
1.737849
1.707713
1.972241
1.831605
1.684273
1.640743
2.059300
1.818211
1.798121
1.711061
1.778030
1.831606
1.831606
1.754591
1.737849
1.784727
1.861742
1.922014
1.744545
1.563729
1.834954
1.607259
1.724455
1.888529
1.868438
1.767985
1.838302
1.741197
1.814863
1.878484
1.727803
1.737849
1.630698
1.848348
1.788076
1.911968
1.774682
1.858393
1.737849
1.948802
1.938756
1.878484
1.875135
1.945453
1.767985
1.744545
1.677577
1.868438
1.724455
1.878484
1.861742
1.731152
1.821560
1.885181
1.701016
1.992331
1.727803
1.737849
1.891878
1.754591
1.640743
1.811515
1.834954
1.901923
1.664183
1.778030
1.637395
1.704364
1.737849
1.774682
1.888529
1.798121
1.767985
1.664183
1.831606
1.898575
1.687622
1.828257
1.875135
1.955498
1.811515
1.861742
1.811515
2.059300
1.717758
1.697667
1.818212
1.838302
1.828257
1.808166
1.747894
1.922014
1.814863
1.831605
1.707713
1.667531
1.731152
1.808166
1.476669
1.637395
1.821560
1.677577
1.640743
1.694319
1.496760
1.734500
1.794772
1.908620
1.607259
1.503457
2.035861
1.617304
1.714409
1.674228
1.962195
1.885181
1.851696
1.952150
1.818211
1.948802
1.938756
1.808166
1.942104
1.935408
1.814863
1.838302
1.821560
1.878484
2.019119
1.858393
1.610608
1.918665
1.824908
1.707713
1.751243
1.798121
1.744546
1.737849
1.881832
1.848348
1.828257
1.891878
1.687622
2.022468
1.744546
1.878484
1.680925
1.771333
1.905272
1.677577
1.838302
2.005725
1.895226
1.654137
1.871787
1.674228
1.821560
1.865090
1.828257
1.741197
1.794772
1.848348
1.771333
1.724455
1.855045
1.858393
1.915317
1.965544
1.798121
1.647440
1.737849
1.881832
1.855045
1.737849
1.654137
1.727803
1.674228
1.868438
1.724455
1.858393
1.798121
1.640743
1.798121
1.690970
1.664183
1.644092
1.741197
1.908620
1.831605
1.794772
1.992331
1.992331
1.701016
1.834954
1.821560
1.660834
1.844999
1.794772
1.988983
1.731152
1.757940
1.744546
1.801469
1.972241
1.573774
1.751243
1.975589
1.945453
1.891878
1.928711
1.754591
1.895226
1.925362
1.868438
1.627350
1.901923
1.811515
1.831606
1.724455
1.828257
1.791424
1.684273
1.563729
1.838302
1.844999
1.677577
1.721106
1.908620
1.898575
1.778030
1.724455
1.734500
1.761288
1.808166
1.818211
1.804818
1.821560
1.901923
1.624001
1.801469
1.824908
1.975589
1.774682
1.881832
1.754591
1.764636
1.751243
1.640743
1.928711
1.891878
1.714409
1.925362
1.901923
1.781379
1.858393
1.714409
1.942104
1.630698
1.834954
1.881832
1.774682
1.778030
1.767985
1.834954
1.580471
1.858393
1.818212
1.885181
1.761288
1.865090
1.814863
1.721106
1.757940
1.814863
1.674228
1.771333
1.848348
1.965544
1.901923
1.771333
1.824908
1.942104
1.891878
1.761288
1.543638
1.731152
1.714409
1.707713
1.898575
1.875135
1.734500
1.757939
1.804818
1.841651
1.781379
1.767985
1.875135
1.824908
1.865090
1.841651
1.744546
1.855045
1.794772
1.834954
1.878484
1.778030
1.744545
1.771333
1.724455
1.724455
1.808166
1.781379
1.891878
1.644092
1.764636
1.824908
1.764636
1.774682
1.774682
1.778030
1.821560
1.808166
1.788076
1.727803
1.808166
1.831606
1.751243
1.664183
1.831606
1.821560
1.871787
1.690970
1.751243
1.818212
1.784727
1.831606
1.721106
1.771333
1.731152
1.677577
1.804818
1.798121
1.824908
1.804818
1.757939
1.774682
1.804818
1.761288
1.838302
1.848348
1.767985
1.824908
1.761288
1.721106
1.761288
1.727803
1.865090
1.724455
1.821560
1.781379
1.664183
1.654137
1.764636
1.737849
1.794772
1.694319
1.747894
1.861742
1.888529
1.778030
1.774682
1.808166
1.677577
1.875135
1.757940
1.948802
1.757940
1.754591
1.764636
1.804818
1.808166
1.804818
1.791424
1.881832
1.834954
1.801469
1.573774
1.824908
1.878484
1.831606
1.674228
1.868438
1.771333
1.794772
1.617304
1.932059
1.831606
1.724455
1.694319
1.788076
1.781379
1.794772
1.664183
1.844999
1.811515
1.771333
1.771333
1.741197
1.838302
1.868438
1.881832
1.761288
1.757939
1.711061
1.674228
1.781379
2.055952
1.771333
1.888529
1.855045
1.824908
1.855045
1.751243
1.667531
1.761288
1.774682
1.818212
1.694319
1.757939
1.798121
1.794772
1.861742
1.838302
1.905272
1.898575
1.744546
1.808166
1.881832
1.868438
1.928711
1.791424
1.747894
1.885181
1.697667
1.895226
1.828257
1.948802
1.925362
1.731152
1.624001
1.858393
1.781379
1.781379
1.801469
1.754591
1.794772
1.744545
1.744545
1.771333
1.798121
1.811515
1.754591
1.731152
1.761288
1.714409
1.724455
1.714409
1.741197
1.677577
1.794772
1.660834
1.838302
1.694319
1.667531
1.868438
1.911968
1.741197
1.798121
1.841651
1.898575
1.865090
1.938756
1.754591
1.754591
1.761288
1.791424
1.751243
1.808166
1.774682
1.771333
1.761288
1.781379
1.901923
1.814863
2.059300
1.754591
1.684273
1.724455
1.788076
1.771333
1.744545
1.500108
1.804818
1.754591
1.687622
1.664183
1.587168
1.824908
1.657486
1.764636
1.721106
1.757939
1.774682
1.798121
1.891878
1.838302
1.858393
1.942104
1.911968
1.875135
1.948802
1.754591
1.774682
1.821560
1.707713
1.774682
1.717758
2.002377
1.654137
1.540290
1.801469
1.647440
1.945453
1.754591
1.315943
2.112876
1.486714
1.684273
1.721106
1.724455
1.975589
1.831606
1.767985
1.928711
1.871787
1.804818
1.958847
1.885181
1.788076
1.965544
1.928711
2.122921
1.948802
1.784727
1.868438
1.848348
1.844999
1.908620
1.922014
1.754591
1.577123
1.851696
1.868438
1.704364
1.784727
1.767985
1.530244
1.774682
1.848348
1.761288
1.905272
1.911968
1.814863
1.848348
1.731152
1.935408
1.818211
1.858393
1.784727
1.751243
1.828257
1.922014
1.808166
1.885181
1.918665
1.684273
1.908620
1.818211
1.868438
1.982286
1.932059
1.855045
1.794772
1.898575
1.677577
1.774682
1.958847
1.821560
1.968892
1.600562
1.784727
1.848348
1.794772
1.808166
1.734500
1.908620
1.761288
1.818211
1.918665
1.667531
1.741197
1.684273
1.821560
1.774682
1.905272
1.704364
1.958847
1.794772
1.999028
1.871787
1.741197
1.764636
1.988983
1.677577
1.734500
1.727803
1.808166
1.925362
1.784727
1.704364
1.814863
1.764636
1.828257
1.814863
1.828257
1.701016
1.794772
1.878484
1.654137
1.804818
1.834954
1.861742
1.868438
1.828257
1.818211
1.794772
1.771333
1.818212
1.724455
1.811515
1.771333
1.737849
1.851696
1.804818
1.731152
1.717758
1.704364
1.577123
1.650789
1.697667
1.670880
1.660834
1.751243
1.741197
2.143012
0.716570
1.680925
2.086088
1.510154
1.637395
1.630698
1.727803
0.887341
1.694319
1.774682
1.744546
1.727803
1.680925
1.965544
1.888529
1.868439
1.744546
1.644092
1.727803
1.627350
1.767985
1.670879
1.908620
1.630698
2.126270
1.694319
2.086088
1.674228
1.774682
1.731152
1.885181
1.617304
1.895226
2.012422
1.922014
1.727803
1.992331
1.754591
1.744546
1.701016
1.654137
1.650789
1.761288
1.841651
1.764636
2.146360
1.600562
1.731152
0.823720
1.476669
2.092785
1.490063
1.674228
2.260208
1.640743
1.751243
2.112876
1.687622
1.982286
2.025816
1.737849
2.035861
1.580471
1.731152
1.948802
1.968892
2.116224
1.603910
2.307086
1.175308
2.183193
2.494600
1.094945
1.449881
1.644092
1.737849
1.885181
1.824908
1.988983
1.965544
2.022468
1.908620
1.982286
2.012422
1.895226
2.102830
2.019119
1.928711
2.069346
1.955498
2.022468
1.781379
1.831605
1.911968
1.818212
1.821560
1.895226
1.858393
1.761288
1.794772
1.831606
1.868438
1.915317
1.975589
1.838302
1.858393
1.858393
1.704364
1.992331
1.865090
1.737849
1.955498
1.838302
1.968892
1.814863
1.978938
1.701016
1.788076
1.901923
1.821560
1.925362
1.865090
1.801469
1.767985
1.791424
1.878484
1.962195
1.580471
1.875135
1.831606
1.861742
1.634047
1.774682
1.707713
1.801469
1.875135
1.844999
1.898575
1.824908
1.808166
1.798121
1.818211
1.724455
1.747894
1.868438
1.781379
1.751243
1.808166
1.794772
1.891878
1.801469
1.761288
1.747894
1.690970
1.731152
1.757939
1.781379
1.781379
1.781379
1.885181
1.831606
1.583820
1.774682
1.771333
1.791424
1.801469
1.798121
1.731152
1.751243
1.737849
1.778030
1.868438
1.764636
1.958847
1.754591
1.747894
1.767985
1.808166
1.851696
1.711061
1.952150
1.791424
1.647440
1.861742
1.727803
1.677577
1.778030
1.791424
1.794772
1.717758
1.707713
1.727803
1.744545
1.664183
1.821560
1.831606
1.664183
1.737849
1.828257
1.747894
1.737849
1.834954
1.875135
1.868438
1.734500
1.757939
1.855045
1.744546
1.778030
1.911968
1.788076
1.757939
1.600562
1.848348
1.908620
1.794772
1.634047
1.697667
1.915317
1.677577
1.804818
1.701016
1.781379
1.824908
1.841651
1.697667
1.690970
1.794772
1.858393
1.798121
1.922014
1.828257
1.751243
1.814863
1.831606
1.754591
1.744546
1.721106
1.711061
1.808166
1.747894
1.784727
1.801469
1.701016
1.878484
1.664183
1.818212
1.754591
2.035861
1.714409
1.694319
1.767985
1.741197
1.771333
1.607259
1.731152
1.751243
1.831605
1.781379
1.724455
1.684273
1.781379
1.911968
1.764636
1.761288
1.804818
2.065997
1.875135
1.968892
1.925362
1.741197
1.844999
1.771333
1.918665
1.838302
1.784727
1.834954
1.784727
1.905272
1.801469
1.801469
1.721106
1.821560
1.731152
1.774682
1.761288
1.701016
1.838302
1.881832
1.885181
1.878484
1.948802
1.928711
1.811515
1.727803
1.938756
1.704364
1.901923
1.855045
1.891878
1.798121
1.831606
1.858393
1.751243
1.801469
1.831606
1.684273
1.811515
1.821560
1.690970
1.784727
1.794772
1.928711
1.905272
1.814863
1.811515
1.905272
1.978938
1.634047
1.881832
1.848348
1.841651
1.851696
1.690970
1.885181
1.801469
1.761288
1.717758
1.654137
1.667531
1.717758
1.848348
1.798121
1.670880
1.694319
1.690970
1.855045
1.895226
2.163102
1.516851
2.035861
1.443184
1.707713
1.818212
1.627350
1.781379
1.697667
1.838302
1.911968
1.952150
1.794772
1.798121
1.808166
1.824908
1.972241
1.885181
1.861742
1.838302
1.664183
2.049255
1.848348
1.888529
1.888529
1.891878
1.905272
1.945453
1.737849
1.838302
1.781379
1.751243
1.704364
1.888529
1.794772
1.767985
1.828257
1.855045
1.754591
1.717758
1.905272
1.905272
1.945453
1.838302
1.680925
1.915317
1.747894
1.838302
1.788076
1.891878
1.741197
1.788076
1.714409
1.607259
1.721106
1.778030
1.677577
1.674228
1.684273
1.654137
1.771333
1.680925
1.670880
1.607259
1.727803
1.520199
2.009073
1.546987
1.587168
1.801469
1.634047
1.781379
1.774682
1.841651
1.701016
1.804818
1.858393
1.975589
1.808166
1.945453
1.865090
1.844999
1.791424
2.042558
1.905272
1.778030
1.851696
1.875135
2.032513
1.928711
1.737849
1.630698
1.757940
1.844999
1.801469
1.831606
1.784727
1.885181
1.640743
1.784727
1.888529
1.868438
1.814863
1.704364
1.600562
1.610607
1.727803
1.680925
1.798121
1.660834
1.774682
1.885181
1.821560
1.791424
1.808166
1.757939
1.851696
1.838302
1.784727
1.794773
1.721106
1.704364
1.697667
1.801469
1.680925
1.647440
1.727803
1.684273
1.711061
1.844999
1.871787
1.560381
1.868438
1.600562
1.697667
1.741197
1.811515
1.781379
1.804818
1.838302
1.968892
1.965544
1.871787
1.798121
1.798121
1.811515
1.767985
1.888529
1.711061
1.774682
1.667531
1.784727
1.751243
1.654137
1.831606
1.731152
1.818212
1.821560
1.871787
1.798121
1.925362
1.851696
1.841651
1.734500
1.901923
2.139663
1.660834
1.861742
1.858393
1.841651
1.834954
1.707713
1.932059
1.647440
1.858393
1.670879
1.778030
1.804818
2.019119
1.771333
1.778030
1.670880
1.814863
1.724455
1.684273
1.727803
1.828257
1.701016
1.664183
1.573774
1.794772
1.734500
1.603910
1.811515
1.704364
1.630698
1.737849
1.701016
1.761288
1.794772
1.878484
1.885181
1.818212
2.065997
1.881832
1.905272
1.881832
1.982286
1.972241
1.901923
1.848348
1.928711
1.945453
1.821560
1.798121
1.895226
1.821560
1.885181
1.834954
1.978938
1.727803
1.751243
1.978938
1.714409
1.875135
1.757940
1.968892
1.965544
1.888529
1.754591
1.858393
1.834954
1.878484
1.677577
1.747894
1.865090
1.945453
1.801469
1.784727
1.791424
1.828257
1.737849
1.754591
1.794772
1.798121
1.714409
1.721106
1.737849
1.714409
1.694319
1.757939
1.751243
1.677577
1.701016
1.613956
1.724455
1.543638
2.009073
1.580471
1.861742
1.624001
1.690970
1.647440
1.744546
1.844999
1.821560
1.955498
1.821560
1.861742
2.009074
1.855045
1.922014
1.731152
2.069346
1.818212
1.978938
1.982286
1.915317
1.818211
1.844999
1.774682
1.731152
1.764636
1.821560
1.677577
1.701016
1.781379
1.871787
1.744545
1.968892
1.751243
1.791424
1.972241
1.664183
1.875135
1.744545
1.794772
1.878484
1.945453
1.808166
1.546987
1.737849
1.721106
1.788076
1.808166
1.865090
1.855045
1.751243
1.731152
1.737849
1.717758
1.757939
1.788076
1.737849
1.771333
1.858393
1.664183
1.637395
1.701016
1.811515
1.546987
1.858393
1.677577
1.901923
1.456578
1.503457
1.563729
1.764636
1.818212
1.888529
1.848348
1.972241
1.778030
1.938756
1.844999
1.831606
1.908620
1.972241
1.905272
1.901923
1.935408
1.814863
1.871787
1.888529
1.945453
1.985634
1.958847
1.788076
1.724455
1.985634
1.667531
1.754591
1.781379
1.898575
1.757939
1.757940
1.737849
1.687622
1.804818
1.868438
1.801469
1.751243
1.962195
2.069346
1.901923
1.828257
1.630698
1.721106
1.801469
1.898575
1.878484
1.761288
1.717758
1.841651
2.002377
1.741197
1.828257
1.560381
1.704364
1.707713
1.640743
1.513502
2.055952
1.771333
1.674228
1.999028
1.841651
1.684273
1.891878
1.453230
1.798121
1.526896
1.938756
1.707713
1.764636
1.858393
1.814863
1.821560
1.865090
1.767985
1.751243
1.895226
1.844999
1.868438
1.925362
1.828257
1.781379
1.925362
1.858393
1.938756
1.925362
1.784727
1.901923
1.831606
1.932059
1.865090
1.908620
1.771333
1.891878
1.818212
1.851696
1.898575
1.761288
1.707713
1.781379
1.861742
1.674228
2.049255
1.761288
1.757939
1.901923
1.911968
1.871787
1.871787
1.794772
1.938756
1.865090
1.828257
1.901923
1.674228
1.734500
1.814863
1.674228
1.650789
1.634047
1.798121
1.751243
1.690970
1.721106
1.794772
1.767985
1.818212
1.687622
1.597213
1.788076
1.744545
1.767985
1.784727
1.865090
1.841651
1.888529
1.898575
1.788076
1.861742
1.915317
1.734500
1.804818
1.841651
1.865090
1.697667
1.680925
1.878484
1.901923
1.754591
1.757939
1.855045
1.814863
1.811515
1.744545
1.948802
1.968892
1.834954
1.922014
1.958847
1.734500
1.717758
1.767985
1.965544
1.821560
1.751243
1.757939
1.824908
1.955498
1.620653
1.818212
1.811515
1.821560
1.811515
1.747894
1.865090
1.851696
1.801469
1.781379
1.781379
1.721106
1.707713
1.734500
1.690970
1.744546
1.818211
1.828257
1.731152
1.784727
1.871787
1.831606
1.761288
1.677577
1.858393
1.828257
1.690970
1.828257
1.955498
1.855045
1.858393
1.992331
1.875135
1.784727
1.942104
1.891878
1.778030
1.670879
1.922014
1.855045
1.948802
1.788076
1.707713
1.794772
1.788076
1.660834
1.858393
1.727803
1.684273
1.834954
1.861742
1.821560
1.714409
1.727803
1.992331
1.798121
1.848348
1.808166
1.757939
1.948802
1.483366
1.908620
1.831606
1.767985
1.918665
1.764636
1.667531
1.811515
1.747894
1.590517
1.697667
1.751243
2.002377
1.808166
1.865090
1.828257
1.741197
1.875135
2.045907
1.908620
1.868438
1.905271
1.717758
1.741197
1.985634
1.915317
1.764636
1.771333
1.654137
1.868438
1.868438
1.734500
1.747894
1.841651
1.798121
2.019119
1.751243
1.804818
1.794772
1.855045
1.958847
1.751243
1.771333
1.811515
1.781379
1.855045
1.858393
1.684273
1.955498
1.784727
1.975589
1.875135
1.778030
1.754591
1.875135
1.811515
1.798121
1.667531
1.721106
1.952150
1.664183
1.928711
1.858393
1.828257
1.911968
1.781379
1.988983
1.436488
1.744546
1.667531
1.838302
1.747894
1.814863
1.690970
1.721106
1.838302
1.637395
1.881832
1.824908
1.865090
1.573774
1.962195
1.834954
1.741197
1.838302
1.918665
1.814863
1.868438
1.818212
1.761288
1.908620
1.674228
1.911968
1.808166
1.684273
1.888529
1.741197
1.788076
1.828257
1.901923
1.808166
1.952150
1.948802
1.804818
1.731152
1.747894
2.112876
1.644092
1.968892
1.798121
1.767985
1.754591
1.818212
1.791424
1.704364
1.821560
1.922014
1.767985
1.784727
1.757940
1.741197
1.707713
1.834954
1.711061
1.861742
1.848348
1.928711
1.878484
1.838302
1.751243
1.811515
1.798121
1.754591
1.955498
1.794772
1.697667
1.741197
1.801469
1.687622
1.801469
1.784727
2.022468
1.811515
1.737849
1.828257
1.831606
1.891878
1.851696
1.764636
1.788076
1.781379
1.670879
1.737849
1.834954
1.798121
1.834954
1.821560
1.834954
1.774682
1.838302
1.868438
1.741197
1.918665
1.838302
1.680925
1.721106
1.607259
1.707713
1.942104
1.898575
1.978938
1.945453
1.778030
1.791424
1.901923
1.801469
1.821560
1.757939
1.844999
1.804818
1.821560
1.697667
1.908620
1.878484
1.818212
1.791424
1.881832
1.881832
1.804818
1.764636
1.968892
1.834954
1.798121
1.744545
1.784727
1.701016
1.828257
1.784727
1.848348
1.855045
1.871787
1.891878
1.834954
1.744546
1.677577
1.808166
1.834954
1.804818
1.717758
1.801469
1.784727
1.707713
1.791424
1.660834
1.848348
1.788076
1.788076
1.855045
1.680925
1.767985
1.851696
1.814863
1.784727
1.767985
1.731152
1.851696
1.788076
1.704364
1.952150
1.727803
1.707713
1.724455
1.727803
1.952150
1.801469
1.801469
1.922014
1.721106
1.844999
1.811515
1.834954
1.680925
1.694319
1.714409
1.516851
1.834954
1.841651
1.868438
1.767985
1.801469
1.674228
1.767985
1.747894
1.767985
1.791424
1.784727
2.072694
1.831606
1.804818
1.701016
1.767985
1.754591
1.721106
1.747894
2.029164
1.831605
1.754591
1.774682
1.784727
1.731152
1.858393
1.717758
1.945453
1.858393
2.009074
1.714409
1.778030
1.885181
1.751243
1.784727
1.781379
1.751243
1.855045
1.717758
1.751243
1.891878
1.590517
1.841651
1.851696
1.757939
1.711061
1.865090
1.811515
1.831606
1.808166
1.721106
1.761288
1.778030
1.928711
1.667531
1.831606
1.831606
1.744546
0.000000
0.000000
0.000000
0.000000
0.000000
0.000000
0.000000
0.000000
0.000000
0.000000
0.000000
0.000000
0.000000
0.000000
0.000000
0.000000
0.000000
0.000000
0.000000
0.000000
0.000000
0.000000
0.000000
0.000000
0.000000
0.000000
0.000000
0.000000
0.000000
0.000000
0.000000
0.000000
0.000000
0.000000
0.000000
0.000000
0.000000
0.000000
0.000000
0.000000
0.000000
0.000000
0.000000
0.000000
0.000000
0.000000
0.000000
0.000000
0.000000
0.000000
0.000000
0.000000
0.000000
0.000000
0.000000
0.000000
0.000000
0.000000
0.000000
0.000000
0.000000
0.000000
0.000000
0.000000
0.000000
0.000000
0.000000
0.000000
0.000000
0.000000
0.000000
0.000000
0.000000
0.000000
0.000000
0.000000
0.000000
0.000000
0.000000
0.000000
0.000000
0.000000
0.000000
0.000000
0.000000
0.000000
0.000000
0.000000
0.000000
0.000000
0.000000
0.000000
0.000000
0.000000
0.000000
0.000000
0.000000
0.000000
0.000000
0.000000
0.000000
0.000000
0.000000
0.000000
0.000000
0.000000
0.000000
0.000000
0.000000
0.000000
0.000000
0.000000
0.000000
0.000000
0.000000
0.000000
0.000000
0.000000
0.000000
0.000000
0.000000
0.000000
0.000000
0.000000
0.000000
0.000000
0.000000
0.000000
0.000000
0.000000
0.000000
0.000000
0.000000
0.000000
0.000000
0.000000
0.000000
0.000000
0.000000
0.000000
0.000000
0.000000
0.000000
0.000000
0.000000
0.000000
0.000000
0.000000
0.000000
0.000000
0.000000
0.000000
0.000000
0.000000
0.000000
0.000000
0.000000
0.000000
0.000000
0.000000
0.000000
0.000000
0.000000
0.000000
0.000000
0.000000
0.000000
0.000000
0.000000
0.000000
0.000000
0.000000
0.000000
0.000000
0.000000
0.000000
0.000000
0.000000
0.000000
0.000000
0.000000
0.000000
0.000000
0.000000
0.000000
0.000000
0.000000
0.000000
0.000000
0.000000
0.000000
0.000000
0.000000
0.000000
0.000000
0.000000
0.000000
0.000000
0.000000
0.000000
0.000000
0.000000
0.000000
