0.338194
1.315943
1.690970
0.947613
1.536942
1.205444
1.500108
1.798121
1.469972
1.587168
1.885181
1.684273
1.697667
1.781379
1.804818
2.203284
1.972241
1.881832
1.838302
1.727803
1.791424
1.811515
1.928711
2.065997
1.999028
1.784727
1.664183
1.858393
1.925362
1.821560
1.945453
1.861742
1.717758
1.711061
1.898575
1.741197
2.059300
1.774682
1.774682
1.978938
1.563729
1.781379
1.754591
1.942104
1.855045
1.724455
1.714409
1.737849
1.992331
1.821560
1.731152
1.757939
1.774682
1.607259
1.814863
1.828257
1.831606
1.798121
1.861742
1.754591
1.781379
1.767985
1.925362
1.798121
1.801469
2.012422
1.865090
1.831605
1.834954
1.878484
1.654137
1.664183
1.724455
2.049255
1.804818
1.834954
1.610607
1.704364
1.630698
1.627350
1.620653
1.865090
1.701016
1.741197
1.838302
1.811515
1.654137
2.042558
1.831606
1.928711
1.627350
1.901923
1.818212
1.851696
1.754591
1.948802
1.911968
1.647440
1.818212
1.881832
1.838302
1.945453
1.794772
1.774682
1.798121
1.875135
1.875135
1.828257
1.761288
1.881832
1.798121
1.707713
1.992331
1.828257
1.767985
1.794772
1.824908
1.824908
1.744546
1.858393
1.965544
1.791424
1.848348
1.942104
1.774682
1.871787
1.747894
1.674228
1.828257
1.888529
1.650789
1.888529
1.701016
1.627350
1.814863
1.784727
1.613956
1.737849
1.838302
1.801469
1.734500
1.757940
1.721106
1.781379
1.737849
1.871787
1.754591
1.697667
1.670880
1.690970
1.942104
1.942104
1.597213
1.801469
1.781379
1.905272
1.915317
1.660834
1.744545
1.808166
1.684273
1.684273
1.938756
1.824908
1.801469
1.751243
2.015770
1.714409
1.784727
1.721106
1.858393
1.707713
1.831606
1.871787
1.808166
1.915317
1.767985
1.898575
1.660834
1.898575
1.734500
1.855045
1.888529
1.731152
1.905272
1.828257
1.717758
1.992331
1.811515
1.650789
1.741197
1.821560
1.885181
1.747894
1.754591
1.888529
1.811515
1.788076
1.898575
1.680925
1.580471
1.824908
1.855045
1.911968
1.811515
1.757939
1.875135
1.791424
1.731152
1.771333
1.778030
1.885181
1.831606
1.928711
1.908620
1.724455
1.697667
1.721106
1.868438
1.999028
1.831606
1.948802
1.674228
1.885181
2.076043
1.597214
1.878484
1.580471
1.848348
1.828257
1.861742
1.781379
1.905272
1.754591
2.009073
1.911968
1.855045
1.861742
1.908620
1.697667
1.818212
1.717758
1.818212
1.844999
1.922014
1.707713
1.801469
1.838302
1.670880
2.049255
2.042558
1.798121
1.831606
1.644092
1.851696
1.824908
1.654137
1.848348
1.634047
1.821560
1.804818
1.747894
1.721106
1.724455
1.881832
1.841651
1.533593
1.788076
1.828257
1.831605
1.915317
2.096133
1.757940
1.808166
1.938756
1.624001
1.848348
1.798121
1.694319
1.875135
1.801469
1.798121
1.891878
1.754591
1.781379
1.824908
1.885181
1.764636
1.747894
1.915317
1.704364
1.660834
1.670880
1.717758
1.834954
1.634047
1.737849
1.660834
1.510154
1.570426
1.563729
1.617304
1.922014
1.747894
2.022468
1.761288
1.808166
1.928711
1.711061
1.978938
1.871787
1.788076
1.818211
1.721106
1.791424
1.911968
1.687622
1.868438
1.848348
1.804818
1.791424
1.888529
1.818211
1.781379
1.680925
1.955498
1.744545
1.948802
1.784727
1.855045
1.714409
1.844999
1.861742
1.895226
1.848348
1.731152
1.814863
1.784727
1.707713
1.771333
1.687622
1.761288
1.831606
1.798121
1.814863
1.798121
1.707713
1.647440
1.744545
1.751243
1.915317
1.781379
1.814863
1.767985
1.865090
1.791424
1.952150
2.019119
1.721106
1.968892
1.721106
1.841651
1.563729
1.774682
1.784727
1.804818
1.804818
1.627350
1.868438
1.928711
1.828257
1.791424
1.744545
1.834954
1.968892
2.035861
1.741197
1.724455
1.757940
1.754591
1.761288
1.697667
1.714409
1.814863
1.814863
1.958847
1.680925
1.911968
1.737849
1.824908
1.824908
1.664183
1.841651
1.697667
1.814863
1.891878
1.771333
1.754591
1.821560
1.784727
1.851696
1.818212
1.664183
1.891878
1.764636
1.901923
1.778030
1.828257
1.982286
1.972241
1.744546
1.644092
1.697667
1.818211
1.911968
1.677577
1.778030
1.530244
1.751243
1.858393
1.727803
1.828257
1.600562
1.717758
1.741197
1.895226
1.684273
2.072694
1.731152
1.865090
1.721106
1.821560
1.834954
1.838302
1.858393
1.664183
1.801469
1.814863
1.804818
2.005725
1.778030
1.858393
1.868438
1.704364
1.778030
1.871787
1.714409
1.694319
1.680925
1.968892
1.855045
1.741197
1.895226
1.754591
1.717758
1.838302
1.727803
1.791424
1.684273
1.881832
1.757940
1.680925
1.550335
1.731152
1.798121
1.915317
1.697667
1.865090
1.834954
1.603910
1.938756
1.781379
1.871787
1.841651
1.861742
1.875135
1.844999
1.707713
1.801469
1.901923
1.821560
1.721106
1.911968
1.834954
1.690970
1.727803
1.821560
1.764636
1.771333
1.881832
1.657486
1.767985
1.871787
1.754591
1.821560
1.911968
1.794772
1.999028
1.885181
1.640743
1.841651
1.868438
1.711061
1.637395
1.754591
1.711061
1.660834
1.891878
1.895226
1.680925
1.617304
1.754591
1.754591
1.764636
1.855045
1.791424
1.704364
2.039210
1.801469
1.858393
1.851696
1.814863
1.968892
1.811515
1.637395
1.794772
1.888529
1.788076
1.721106
1.677577
1.640743
1.757940
1.761288
1.707713
1.744546
1.744546
1.808166
1.838302
1.657486
1.634047
1.804818
1.955498
1.952150
1.784727
1.744545
1.871787
1.804818
1.804818
1.918665
1.774682
1.684273
1.724455
1.915317
1.640743
1.881832
1.721106
1.861742
1.721106
1.791424
1.881832
1.667531
1.888529
1.881832
1.781379
1.821560
1.731152
1.764636
1.865090
1.824908
1.982286
1.694319
1.814863
1.577123
1.848348
1.851696
1.821560
1.714409
1.898575
1.858393
1.798121
1.932059
1.972241
1.942104
1.751243
1.677577
2.042558
1.731152
1.808166
1.858393
1.757940
1.898575
1.801469
1.774682
1.828257
1.711061
1.834954
1.788076
1.617304
1.647440
1.694319
1.764636
1.657486
1.724455
1.701016
1.664183
1.788076
1.717758
1.771333
1.767985
1.751243
1.567077
1.764636
1.855045
1.788076
1.751243
1.794772
1.821560
1.915317
1.687622
1.911968
1.664183
1.774682
1.677577
1.664183
1.901923
2.079391
1.751243
1.841651
1.804818
1.811515
1.714409
1.724455
1.674228
1.784727
1.814863
1.697667
1.694319
1.674228
1.808166
1.650789
1.794772
1.664183
1.794772
1.784727
1.778030
1.801469
1.831606
1.925362
1.761288
1.670880
1.754591
1.744545
1.828257
1.778030
1.754591
1.875135
1.838302
1.724455
1.667531
1.788076
1.687622
1.781379
1.925362
1.667531
1.932059
1.791424
1.871787
1.654137
1.824908
1.747894
1.767985
1.888529
1.814863
1.801469
1.754591
1.711061
1.717758
1.680925
1.734500
1.814863
1.888529
1.687622
1.875135
1.654137
1.747894
1.818211
1.761288
1.794772
1.687622
1.905272
1.670879
1.727803
1.915317
1.761288
1.851696
1.677577
1.814863
2.005725
1.811515
1.731152
1.798121
1.935408
1.834954
1.781379
1.865090
1.848348
1.841651
1.898575
1.824908
1.871787
1.707713
1.788076
1.968892
1.841651
1.744546
1.811515
1.818211
1.824908
1.831606
1.935408
1.814863
1.784727
1.767985
1.536941
1.751243
1.801469
1.757940
1.878484
1.891878
1.597214
1.764636
1.774682
1.831605
1.838302
1.861742
1.942104
1.660834
1.888529
1.717758
1.798121
1.510154
1.808166
1.814863
1.771333
1.774682
1.788076
1.898575
1.737849
1.684273
1.771333
1.747894
1.814863
1.744546
1.714409
1.657486
1.751243
1.724455
1.583820
1.721106
1.778030
1.798121
1.684273
1.701016
1.908620
1.851696
1.670879
1.828257
1.794772
1.721106
1.717758
1.834954
1.995680
1.932059
1.778030
1.824908
2.025816
1.737849
1.932059
1.875135
1.821560
1.744546
1.741197
1.915317
1.818212
1.674228
1.737849
1.861742
1.798121
1.918665
1.767985
1.711061
1.865090
1.834954
1.968892
1.761288
1.714409
1.834954
1.767985
1.841651
1.751243
1.905272
1.767985
1.885181
1.761288
1.808166
1.791424
1.680925
1.828257
1.888529
1.841651
1.794772
1.965544
1.999028
1.905272
1.781379
1.885181
1.798121
1.741197
1.844999
1.744546
1.834954
1.848348
1.831606
1.757939
1.593865
1.711061
1.690970
1.620653
1.891878
1.838302
1.811515
1.841651
1.724455
1.721106
1.811515
1.670879
1.965544
1.804818
1.932059
1.721106
1.714409
1.690970
1.721106
1.767985
1.627350
1.868438
1.771333
1.781379
1.798121
1.778030
1.804818
1.865090
1.767985
1.690970
1.714409
1.844999
1.814863
1.865090
1.811515
1.657486
1.844999
1.861742
1.694319
1.885181
1.918665
1.814863
1.751243
1.898575
1.831606
1.737849
1.844999
1.734500
1.824908
1.717758
1.841651
1.831606
1.717758
1.600562
1.932059
1.838302
1.895226
1.818211
1.844999
1.848348
1.844999
1.804818
1.771333
1.798121
1.684273
1.992331
1.814863
1.841651
1.821560
1.714409
1.905271
1.891878
1.794772
1.911968
1.791424
1.654137
2.042558
1.791424
1.878484
1.761288
1.778030
1.761288
1.818212
1.871787
1.828257
1.871787
1.891878
1.804818
1.801469
1.895226
1.757940
1.824908
1.690970
1.781379
1.841651
1.791424
1.972241
1.818211
1.767985
1.731152
1.801469
1.975589
1.744545
1.935408
1.811515
1.851696
1.767985
1.798121
1.684273
1.737849
1.818212
1.754591
1.908620
1.747894
1.711061
1.640743
1.905271
1.834954
1.714409
1.885181
1.818211
1.741197
1.841651
1.784727
1.721106
1.828257
1.771333
1.834954
1.918665
1.791424
1.677577
1.958847
1.798121
1.781379
1.684273
1.999028
1.751243
1.690970
1.784727
1.737849
1.717758
1.824908
1.794772
1.724455
1.721106
1.767985
1.962195
1.818212
1.794772
1.824908
1.690970
1.771333
1.871787
2.002377
1.801469
1.757939
1.824908
1.918665
1.834954
1.607259
1.895226
1.814863
1.791424
1.962195
1.831605
1.804818
1.841651
1.878484
1.932059
1.901923
1.875135
1.704364
1.607259
1.861742
1.814863
1.915317
1.791424
1.841651
1.861742
1.868438
1.841651
1.801469
1.999028
1.811515
1.640743
1.764636
1.747894
1.891878
1.747894
1.821560
1.811515
1.674228
1.727803
1.771333
1.764636
1.778030
1.771333
1.707713
1.881832
1.751243
1.918665
1.828257
1.801469
1.778030
1.868438
1.580471
2.220026
1.865090
1.680925
1.764636
1.794772
1.794772
1.804818
1.851696
1.804818
1.697667
1.767985
1.711061
1.855045
1.734500
1.707713
1.831606
1.553684
1.721107
1.607259
1.778030
1.674228
1.613956
1.687622
1.660834
1.771333
1.667531
2.102830
1.486714
2.065997
1.480018
1.747894
1.788076
1.858393
1.975589
1.962195
1.898575
1.962195
1.905272
1.895226
1.878484
2.015770
2.086088
1.888529
1.888529
1.741197
1.965544
1.885181
1.895226
1.781379
1.915317
1.848348
1.851696
1.798121
2.022468
1.895226
1.734500
1.885181
2.042558
1.801469
1.895226
1.811515
1.590517
1.821560
1.911968
1.828257
1.891878
1.667531
1.811515
1.734500
1.724455
1.858393
1.801469
1.751243
2.012422
1.694319
1.761288
1.985634
1.744546
1.972241
1.834954
1.871787
1.811515
1.831606
1.824908
1.761288
1.811515
1.858393
1.778030
1.747894
1.573774
1.647440
1.828257
1.838302
1.788076
1.630698
1.888529
1.838302
1.932059
1.868438
1.972241
1.878484
1.898575
1.898575
1.851696
1.821560
1.865090
1.717758
1.844999
1.788076
1.781379
1.627350
1.794772
1.978938
1.657486
1.684273
1.834954
1.814863
1.928711
1.838302
1.821560
1.855045
1.865090
1.925362
1.895226
1.988983
1.804818
1.627350
2.015770
1.804818
1.885181
1.778030
1.754591
1.677577
1.798121
1.791424
1.747894
1.647440
1.804818
1.660834
1.818212
1.640743
1.744546
1.741197
1.824908
1.767985
1.881832
1.701016
1.714409
1.791424
1.972241
1.865090
1.858393
1.687622
1.925362
1.724455
1.724455
1.905272
1.865090
1.848348
1.721106
1.898575
1.603910
1.808166
1.724455
1.684273
1.714409
1.888529
1.855045
1.794772
1.818212
1.774682
1.928711
1.824908
1.778030
1.647440
1.640743
1.697667
1.784727
1.791424
1.999028
1.778030
1.794772
1.871787
1.781379
1.804818
1.865090
1.711061
1.861742
1.670880
1.895226
1.868438
1.811515
1.751243
1.905272
1.791424
1.781379
1.714409
1.915317
1.657486
1.975589
1.747894
1.697667
1.834954
1.808166
1.754591
1.928711
1.791424
1.764636
1.888529
1.764636
1.727803
1.911968
1.660834
1.908620
1.801469
1.865090
1.794772
1.871787
1.811515
1.818212
1.881832
1.848348
1.754591
1.831606
1.801469
1.911968
1.757940
1.855045
1.861742
1.788076
1.771333
1.781379
1.754591
1.764636
1.757939
1.922014
1.684273
1.811515
1.781379
1.774682
1.841651
1.788076
1.935408
1.811515
1.851696
1.881832
1.757940
1.784727
1.754591
1.838302
1.620653
1.801469
1.804818
1.928711
1.680925
1.844999
1.841651
1.767985
1.721106
1.747894
1.915317
1.811515
1.905272
1.808166
1.828257
1.834954
1.640743
1.982286
1.754591
1.761288
1.794772
1.788076
1.834954
1.764636
1.767985
1.838302
1.794772
1.724455
1.788076
1.757939
1.788076
1.630698
1.788076
1.925362
1.627350
1.891878
1.828257
1.818212
1.868438
1.794772
1.818212
1.828257
1.962195
1.784727
1.724455
1.650789
1.707713
1.881832
1.781379
1.721106
1.771333
1.798121
1.680925
1.888529
1.784727
1.844999
1.741197
1.801469
1.801469
1.774682
1.898575
1.784727
1.804818
1.784727
1.784727
1.828257
1.855045
1.818212
1.788076
1.771333
1.824908
1.798121
1.952150
1.737849
1.731152
1.865090
1.754591
1.841651
1.885181
1.834954
1.865090
1.898575
1.737849
1.868438
1.731152
1.978938
1.824908
1.778030
1.704364
1.754591
1.791424
1.794772
1.754591
1.757939
1.868438
1.828257
1.878484
1.794772
1.838302
1.831606
1.915317
1.861742
1.838302
1.888529
1.774682
1.811515
1.908620
1.788076
1.707713
1.982286
1.911968
1.932059
1.761288
1.751243
1.804818
1.788076
1.680925
1.778030
1.771333
1.851696
1.754591
1.757940
1.751243
1.804818
1.801469
1.781379
1.861742
1.885181
1.734500
1.764636
1.657486
1.717758
1.754591
1.600562
1.727803
1.640743
1.670880
1.660834
1.808166
1.680925
1.731152
1.613956
1.624001
1.767985
1.858393
1.751243
1.761288
2.059300
1.922014
1.724455
1.855045
1.838302
1.841651
1.861742
1.794772
1.543638
1.945453
1.938756
1.838302
1.801469
1.821560
1.778030
1.754591
1.848348
1.865090
1.771333
1.791424
1.855045
1.690970
1.798121
1.677577
1.871787
1.697667
1.690970
1.634047
1.540290
1.808166
1.647440
1.650789
1.901923
1.469972
1.754591
1.747894
1.814863
1.844999
1.918665
1.922014
1.861742
1.861742
2.059300
1.938756
1.915317
1.831605
1.801469
1.948802
1.660834
1.824908
1.808166
1.667531
1.865090
1.781379
1.999028
1.664183
1.530244
1.456578
1.523548
1.791424
1.667531
1.747894
1.781379
1.908620
1.794772
1.821560
1.938756
2.025816
1.788076
1.988983
1.828257
1.751243
2.039210
1.868438
1.811515
1.942104
1.891878
1.778030
1.657486
1.992331
1.878484
1.801469
1.834954
1.844999
1.972241
1.751243
1.868438
1.972241
1.670880
1.918665
1.841651
1.731152
1.818211
1.821560
1.925362
1.818212
1.878484
1.717758
1.814863
1.721106
1.774682
1.814863
2.136315
1.898575
1.771333
1.744546
1.824908
1.928711
1.808166
0.920825
1.794772
1.965544
1.978938
1.781379
1.848348
1.774682
1.704364
1.855045
1.784727
1.821560
1.791424
1.784727
1.865090
1.771333
1.818211
1.737849
1.955498
1.838302
1.932059
1.781379
2.012422
1.660834
1.767985
1.938756
1.757940
1.865090
1.791424
1.838302
1.952150
1.757939
1.804818
1.891878
1.707713
1.764636
1.871787
1.784727
1.690970
1.694319
1.788076
1.908620
1.761288
1.824908
1.908620
1.697667
1.895226
1.858393
1.811515
1.737849
1.975589
1.774682
1.767985
1.844999
1.831605
1.767985
1.794772
1.784727
1.778030
1.704364
1.881832
1.798121
1.804818
1.754591
1.808166
1.798121
1.844999
1.781379
1.824908
1.771333
1.717758
1.781379
1.788076
1.791424
1.821560
1.617304
1.634047
1.677577
1.875135
1.664183
1.724455
1.322640
1.975589
1.701016
1.372867
1.844999
2.102830
1.496760
1.801469
1.647440
1.704364
1.865090
1.516851
1.757939
1.677577
1.617304
1.878484
1.791424
1.778030
1.664183
1.751243
1.731152
1.761288
1.694319
1.707713
1.915317
1.650789
1.999028
1.674228
1.657486
1.744546
1.781379
1.918665
1.908620
1.885181
2.102830
1.891878
1.791424
1.851696
2.055952
1.751243
1.711061
1.784727
1.680925
1.811515
1.647440
1.657486
1.841651
1.711061
2.025816
2.079391
1.634047
1.871787
1.724455
1.603910
1.985634
1.660834
1.228883
2.266905
1.339382
1.891878
1.610607
2.005725
1.721106
1.962195
1.667531
1.855045
1.580471
1.731152
1.881832
1.647440
1.935408
1.888529
1.486714
2.447721
1.319292
2.065997
1.429791
1.704364
1.617304
1.704364
1.828257
1.942104
2.022468
1.922014
1.885181
2.042558
1.868438
2.079391
1.804818
1.938756
1.908620
1.915317
1.925362
1.757940
1.851696
1.798121
1.814863
1.858393
1.808166
1.868438
1.898575
1.968892
1.948802
1.948802
1.831606
1.915317
1.851696
1.888529
1.925362
1.865090
1.667531
1.935408
1.811515
1.701016
1.952150
1.888529
1.818212
1.844999
1.660834
1.858393
1.861742
1.875135
1.794772
1.828257
1.942104
1.660834
1.978938
1.932059
1.727803
1.891878
1.744545
1.851696
1.731152
1.818212
1.824908
1.674228
1.838302
1.948802
1.915317
1.774682
1.721106
1.814863
1.794772
1.530244
1.888529
1.761288
1.727803
1.844999
1.922014
1.922014
1.757940
1.814863
1.885181
1.778030
1.891878
1.761288
1.834954
1.788076
1.945453
1.922014
1.932059
1.818212
1.895226
1.814863
1.714409
1.861742
1.761288
1.694319
1.808166
1.680925
1.875135
1.741197
1.908620
1.811515
1.774682
1.664183
1.935408
1.938756
1.851696
1.754591
1.858393
1.677577
1.781379
1.901923
1.875135
1.814863
1.731152
1.801469
1.737849
1.767985
1.778030
1.717758
1.617304
1.603910
1.955498
1.764636
1.848348
1.895226
1.841651
1.888529
1.784727
1.844999
1.757940
1.744546
1.828257
1.838302
1.855045
1.895226
1.794772
1.871787
1.828257
1.751243
1.855045
1.891878
1.962195
1.828257
1.821560
1.848348
1.721106
1.818212
1.848348
1.831605
1.838302
1.667531
1.868438
1.778030
1.895226
1.624001
1.791424
1.885181
1.891878
1.861742
1.948802
1.804818
1.828257
1.761288
1.925362
1.587168
1.778030
1.804818
1.788076
1.727803
1.727803
1.737849
1.992331
1.915317
1.650789
1.791424
1.871787
1.657486
1.824908
1.690970
1.901923
1.714409
1.868438
1.647440
1.721106
1.844999
1.701016
1.734500
1.932059
1.744545
1.898575
1.690970
1.670880
1.754591
1.697667
1.995680
1.687622
1.972241
1.824908
1.838302
1.915317
1.788076
1.871787
1.798121
1.838302
1.814863
1.788076
1.885181
1.841651
1.684273
1.821560
1.697667
1.828257
1.794772
1.868438
1.687622
1.707713
1.764636
1.711061
1.811515
1.747894
1.794772
1.818212
1.741197
1.834954
1.844999
1.734500
1.834954
1.808166
1.891878
1.871787
1.650789
1.858393
1.861742
1.734500
1.757939
1.858393
1.958847
1.711061
1.881832
1.794772
1.858393
1.781379
1.908620
1.804818
1.915317
1.791424
1.731152
1.657486
1.557032
1.751243
1.690970
1.851696
1.687622
1.744545
1.761288
1.761288
1.814863
1.731152
1.717758
1.878484
1.731152
1.701016
1.734500
1.627350
1.714409
1.667531
1.848348
1.717758
1.901923
1.704364
1.861742
1.620653
1.570426
1.627350
1.751243
1.767985
1.687622
1.915317
1.824908
1.784727
1.828257
1.821560
1.828257
1.831605
1.901923
1.821560
1.988983
1.922014
1.855045
1.865090
1.841651
1.634047
1.690970
1.838302
1.838302
1.821560
1.778030
1.841651
2.005725
1.838302
1.727803
1.724455
1.707713
1.764636
1.804818
1.741197
1.711061
1.824908
1.915317
1.985634
1.895226
1.788076
1.848348
2.062649
1.908620
1.915317
1.844999
1.781379
1.844999
1.821560
1.985634
1.901923
1.751243
1.757939
1.781379
1.664183
1.597214
1.711061
1.834954
1.634046
1.848348
1.788076
1.617304
1.808166
1.868438
1.694319
1.707713
1.674228
1.697667
1.667531
1.801469
1.828257
1.794772
1.818212
1.841651
2.022468
1.905272
1.918665
1.851696
1.968892
1.858393
1.801469
1.724455
2.116224
2.002377
1.865090
1.861742
1.905271
1.831606
1.818211
1.794772
1.808166
1.794772
1.824908
1.690970
1.922014
1.778030
1.751243
1.727803
1.922014
1.811515
1.707713
1.922014
1.844999
1.721106
1.901923
1.737849
1.680925
1.624001
1.824908
1.757939
1.690970
1.774682
1.778030
1.881832
1.804818
1.744546
1.771333
1.737849
1.881832
1.677577
1.751243
1.751243
1.687622
1.707713
1.630698
1.677577
1.697667
1.684273
1.731152
1.818211
1.704364
1.898575
1.704364
1.704364
2.022468
1.908620
1.831605
1.727803
1.751243
1.808166
1.908620
2.163102
1.791424
1.737849
1.670879
1.841651
1.640743
1.804818
1.781379
1.908620
1.811515
1.868438
1.841651
1.808166
1.878484
1.855045
1.865090
1.922014
1.744545
1.828257
1.741197
1.721106
1.871787
1.764636
1.824908
1.788076
1.821560
1.861742
1.764636
1.801469
1.831606
1.714409
1.831606
1.895226
1.952150
1.784727
1.781379
1.875135
1.737849
1.968892
1.791424
1.667531
1.848348
1.804818
1.717758
1.600562
1.630698
1.798121
1.687622
1.667531
1.560381
1.664183
1.707713
1.660834
2.035861
1.466624
2.042558
1.620653
1.667531
1.751243
1.818211
1.801469
1.791424
1.911968
1.925362
1.818211
1.972241
1.771333
1.808166
2.062649
1.834954
1.881832
2.002377
1.844999
1.938756
1.922014
1.774682
1.834954
1.962195
1.891878
1.972241
1.965544
1.831605
1.774682
1.838302
1.888529
1.771333
1.794772
1.171960
1.985634
1.988983
1.808166
1.858393
1.791424
1.811515
1.764636
1.945453
1.948802
1.744545
1.821560
1.778030
1.841651
1.838302
1.881832
1.798121
1.818212
1.674228
1.731152
1.801469
1.804818
1.727803
1.687622
1.697667
1.804818
1.690970
1.751243
1.650789
1.667531
1.664183
1.995680
1.603910
1.901923
1.476669
1.737849
2.065997
1.583820
1.922014
1.784727
1.891878
1.848348
1.798121
1.978938
1.828257
1.855045
1.938756
1.838302
1.881832
2.059300
1.757939
1.844999
1.744546
1.848348
1.778030
1.721106
1.861742
1.865090
1.932059
1.824908
1.737849
1.751243
1.711061
1.851696
1.895226
1.677577
1.908620
1.791424
1.757939
1.798121
1.814863
1.804818
1.948802
1.624001
1.697667
1.670879
1.798121
1.741197
1.851696
1.891878
1.694319
1.962195
1.727803
1.660834
1.747894
1.844999
1.717758
1.627350
1.717758
1.757939
1.754591
1.714409
1.603910
1.754591
1.831606
1.560381
1.915317
1.269065
2.005725
2.045907
1.540290
1.634047
1.640743
1.711061
1.918665
1.898575
1.898575
1.871787
1.965544
1.767985
1.905271
1.898575
1.821560
1.911968
1.838302
2.002377
2.156406
1.901923
1.838302
1.868438
1.878484
1.935408
1.828257
1.868438
2.022468
1.714409
1.935408
1.721106
1.118384
1.834954
1.898575
1.784727
1.821560
1.798121
1.868438
1.848348
1.875135
1.724455
1.784727
1.791424
1.851696
2.025816
1.798121
1.764636
1.647440
1.510154
1.851696
1.841651
1.898575
1.818212
1.744546
1.667531
1.560381
1.844999
1.359473
1.875135
1.654137
1.747894
1.744546
1.453230
1.634047
1.439836
1.717758
1.724455
1.754591
1.788076
1.644092
1.942104
1.794772
1.945453
1.868438
1.881832
1.831606
1.761288
1.744546
1.901923
1.925362
1.811515
2.069346
1.888529
1.871787
1.781379
1.875135
2.032513
1.855045
1.767985
1.831606
1.861742
1.747894
1.771333
1.784727
1.724455
1.834954
1.888529
1.875135
2.082740
1.794772
1.811515
1.707713
1.888529
1.838302
1.871787
1.948802
1.901923
1.878484
1.865090
1.824908
1.784727
1.871787
1.885181
1.767985
1.778030
2.092785
1.747894
1.844999
2.019119
1.757940
1.664183
1.814863
1.670880
1.824908
1.654137
1.737849
1.577123
1.767985
1.721106
1.550335
1.707713
1.757939
1.737849
1.764636
1.721106
1.697667
1.650789
1.731152
1.848348
1.774682
1.767985
1.928711
1.734500
1.841651
1.788076
1.955498
1.881832
1.911968
1.781379
1.938756
1.841651
1.935408
1.915317
1.634047
1.891878
1.891878
1.794772
1.761288
1.667531
1.928711
1.694319
1.754591
1.818212
1.824908
1.848348
1.828257
1.630698
1.824908
1.952150
1.824908
1.851696
1.915317
1.861742
1.714409
1.911968
1.814863
1.848348
1.992331
1.784727
1.824908
1.828257
1.767985
1.737849
1.828257
1.831606
1.747894
1.751243
1.818212
1.674228
1.818212
1.697667
1.684273
1.680925
1.757939
1.781379
1.828257
1.965544
1.798121
1.694319
1.828257
1.855045
1.704364
1.928711
1.744546
1.844999
1.851696
1.868438
1.754591
1.697667
1.767985
1.818212
1.875135
1.955498
1.898575
1.664183
1.751243
1.838302
1.747894
1.871787
1.714409
1.868438
1.848348
1.855045
1.771333
1.915317
1.764636
1.704364
1.848348
1.831605
1.774682
1.925362
1.814863
1.925362
1.814863
1.908620
1.891878
1.767985
1.767985
1.834954
1.634047
1.942104
1.915317
2.122921
1.704364
1.828257
1.791424
1.824908
1.895226
1.781379
1.701016
1.928711
1.911968
1.724455
1.801469
1.804818
1.828257
1.788076
1.751243
1.925362
1.597214
1.808166
1.824908
1.841651
1.858393
1.667531
1.754591
1.811515
1.647440
1.654137
1.801469
1.811515
1.754591
1.878484
1.741197
1.865090
1.744546
1.808166
1.801469
1.824908
1.788076
1.774682
1.838302
1.767985
1.737849
1.975589
1.865090
1.801469
1.958847
1.764636
1.754591
1.771333
1.751243
1.885181
1.757940
1.834954
1.664183
1.834954
1.670879
1.630698
1.875135
1.838302
1.583820
1.731152
1.875135
1.798121
1.778030
2.025816
1.855045
1.761288
1.744545
1.918665
1.811515
1.808166
1.881832
1.697667
1.844999
1.781379
1.553684
1.617304
1.791424
1.838302
1.925362
1.868438
1.734500
1.788076
1.704364
1.868438
1.918665
1.888529
1.855045
1.871787
1.855045
1.701016
1.814863
1.697667
1.597213
1.898575
1.794772
1.928711
1.871787
1.721106
1.858393
1.664183
1.751243
1.674228
1.834954
1.771333
1.975589
1.948802
1.808166
1.727803
1.701016
1.999028
1.811515
1.821560
1.724455
1.670880
1.885181
1.684273
1.533593
1.640743
1.757939
1.801469
1.690970
1.737849
1.757940
1.878484
1.794772
1.707713
1.620653
1.828257
1.754591
1.928711
1.731152
1.747894
1.824908
1.781379
1.992331
1.824908
1.918665
1.811515
1.901923
1.734500
1.727803
1.808166
1.898575
1.747894
1.721106
1.734500
1.824908
1.694319
1.771333
1.771333
1.831605
1.714409
1.945453
1.446533
1.848348
1.828257
1.865090
1.791424
1.925362
1.727803
1.851696
1.734500
1.704364
1.791424
1.794772
1.801469
1.831605
1.634047
1.844999
1.851696
1.932059
1.724455
1.868438
1.831606
1.687622
1.704364
1.701016
1.828257
1.717758
1.644092
1.660834
1.898575
1.794772
1.821560
2.149709
2.019119
1.727803
1.754591
1.881832
1.881832
1.667531
1.644092
1.901923
1.774682
1.824908
1.922014
1.908620
1.757940
1.690970
2.042558
1.831606
1.784727
1.922014
1.630698
1.821560
1.844999
1.664183
1.868438
1.848348
1.731152
1.791424
1.838302
1.861742
1.764636
1.794772
1.744546
1.784727
1.875135
1.831605
1.798121
1.821560
1.922014
1.878484
1.868438
1.690970
1.844999
1.962195
1.707713
1.938756
1.814863
1.875135
1.938756
1.821560
1.784727
1.844999
1.801469
1.664183
1.915317
1.764636
1.838302
1.731152
1.761288
1.600562
1.925362
2.012422
1.908620
1.798121
1.811515
1.808166
1.875135
1.831606
1.814863
1.791424
1.824908
1.938756
1.885181
1.838302
1.901923
1.851696
1.922014
1.771333
1.858393
1.871787
1.888529
1.855045
1.925362
1.778030
2.022468
1.811515
1.945453
1.801469
1.881832
1.848348
1.711061
1.821560
1.741197
1.925362
1.674228
1.747894
1.778030
1.821560
1.871787
1.824908
1.690970
1.798121
1.885181
1.751243
1.788076
1.684273
2.059300
1.851696
1.841651
1.690970
1.945453
1.694319
0.000000
0.000000
0.000000
0.000000
0.000000
0.000000
0.000000
0.000000
0.000000
0.000000
0.000000
0.000000
0.000000
0.000000
0.000000
0.000000
0.000000
0.000000
0.000000
0.000000
0.000000
0.000000
0.000000
0.000000
0.000000
0.000000
0.000000
0.000000
0.000000
0.000000
0.000000
0.000000
0.000000
0.000000
0.000000
0.000000
0.000000
0.000000
0.000000
0.000000
0.000000
0.000000
0.000000
0.000000
0.000000
0.000000
0.000000
0.000000
0.000000
0.000000
0.000000
0.000000
0.000000
0.000000
0.000000
0.000000
0.000000
0.000000
0.000000
0.000000
0.000000
0.000000
0.000000
0.000000
0.000000
0.000000
0.000000
0.000000
0.000000
0.000000
0.000000
0.000000
0.000000
0.000000
0.000000
0.000000
0.000000
0.000000
0.000000
0.000000
0.000000
0.000000
0.000000
0.000000
0.000000
0.000000
0.000000
0.000000
0.000000
0.000000
0.000000
0.000000
0.000000
0.000000
0.000000
0.000000
0.000000
0.000000
0.000000
0.000000
0.000000
0.000000
0.000000
0.000000
0.000000
0.000000
0.000000
0.000000
0.000000
0.000000
0.000000
0.000000
0.000000
0.000000
0.000000
0.000000
0.000000
0.000000
0.000000
0.000000
0.000000
0.000000
0.000000
0.000000
0.000000
0.000000
0.000000
0.000000
0.000000
0.000000
0.000000
0.000000
0.000000
0.000000
0.000000
0.000000
0.000000
0.000000
0.000000
0.000000
0.000000
0.000000
0.000000
0.000000
0.000000
0.000000
0.000000
0.000000
0.000000
0.000000
0.000000
0.000000
0.000000
0.000000
0.000000
0.000000
0.000000
0.000000
0.000000
0.000000
0.000000
0.000000
0.000000
0.000000
0.000000
0.000000
0.000000
0.000000
0.000000
0.000000
0.000000
0.000000
0.000000
0.000000
0.000000
0.000000
0.000000
0.000000
0.000000
0.000000
0.000000
0.000000
0.000000
0.000000
0.000000
0.000000
0.000000
0.000000
0.000000
0.000000
0.000000
0.000000
0.000000
0.000000
0.000000
0.000000
0.000000
0.000000
0.000000
0.000000
0.000000
0.000000
0.000000
0.000000
0.000000
0.000000
0.000000
0.000000
0.000000
0.000000
0.000000
0.000000
0.000000
0.000000
0.000000
0.000000
0.000000
0.000000
0.000000
0.000000
0.000000
0.000000
0.000000
0.000000
0.000000
0.000000
0.000000
0.000000
0.000000
0.000000
0.000000
0.000000
0.000000
0.000000
0.000000
0.000000
0.000000
0.000000
0.000000
0.000000
0.000000
0.000000
0.000000
0.000000
0.000000
0.000000
0.000000
0.000000
0.000000
0.000000
0.000000
0.000000
0.000000
0.000000
0.000000
0.000000
0.000000
0.000000
0.000000
0.000000
0.000000
0.000000
0.000000
0.000000
0.000000
0.000000
0.000000
0.000000
0.000000
0.000000
0.000000
0.000000
0.000000
0.000000
0.000000
0.000000
0.000000
0.000000
0.000000
0.000000
0.000000
0.000000
0.000000
0.000000
0.000000
0.000000
0.000000
0.000000
0.000000
0.000000
0.000000
0.000000
0.000000
0.000000
0.000000
0.000000
0.000000
0.000000
0.000000
0.000000
0.000000
0.000000
0.000000
0.000000
0.000000
0.000000
0.000000
0.000000
0.000000
0.000000
0.000000
0.000000
0.000000
0.000000
0.000000
0.000000
0.000000
0.000000
0.000000
0.000000
0.000000
0.000000
0.000000
0.000000
0.000000
0.000000
0.000000
0.000000
0.000000
0.000000
0.000000
0.000000
0.000000
0.000000
0.000000
0.000000
0.000000
0.000000
0.000000
0.000000
0.000000
0.000000
0.000000
0.000000
0.000000
0.000000
0.000000
0.000000
0.000000
0.000000
0.000000
0.000000
0.000000
0.000000
0.000000
0.000000
0.000000
0.000000
0.000000
0.000000
0.000000
0.000000
0.000000
0.000000
0.000000
0.000000
0.000000
0.000000
0.000000
0.000000
0.000000
0.000000
0.000000
0.000000
0.000000
0.000000
0.000000
0.000000
0.000000
0.000000
0.000000
0.000000
0.000000
0.000000
0.000000
0.000000
0.000000
0.000000
0.000000
0.000000
0.000000
0.000000
0.000000
0.000000
0.000000
0.000000
0.000000
0.000000
0.000000
0.000000
0.000000
0.000000
0.000000
0.000000
0.000000
0.000000
0.000000
0.000000
0.000000
0.000000
0.000000
0.000000
0.000000
0.000000
0.000000
0.000000
0.000000
0.000000
0.000000
0.000000
0.000000
0.000000
0.000000
0.000000
0.000000
0.000000
0.000000
0.000000
0.000000
0.000000
0.000000
0.000000
0.000000
0.000000
0.000000
0.000000
0.000000
0.000000
0.000000
0.000000
0.000000
0.000000
0.000000
0.000000
0.000000
0.000000
0.000000
0.000000
0.000000
0.000000
0.000000
0.000000
0.000000
0.000000
0.000000
0.000000
0.000000
0.000000
0.000000
0.000000
0.000000
0.000000
0.000000
0.000000
0.000000
0.000000
0.000000
0.000000
0.000000
0.000000
0.000000
0.000000
0.000000
0.000000
0.000000
0.000000
0.000000
0.000000
0.000000
0.000000
0.000000
0.000000
0.000000
0.000000
0.000000
0.000000
0.000000
0.000000
0.000000
0.000000
0.000000
0.000000
0.000000
0.000000
0.000000
0.000000
0.000000
0.000000
0.000000
0.000000
0.000000
0.000000
0.000000
0.000000
0.000000
0.000000
0.000000
0.000000
0.000000
0.000000
0.000000
0.000000
0.000000
0.000000
0.000000
0.000000
0.000000
0.000000
0.000000
0.000000
0.000000
0.000000
0.000000
0.000000
0.000000
0.000000
0.000000
0.000000
0.000000
0.000000
0.000000
0.000000
0.000000
0.000000
0.000000
0.000000
0.000000
0.000000
0.000000
0.000000
0.000000
0.000000
0.000000
0.000000
0.000000
0.000000
0.000000
0.000000
0.000000
0.000000
0.000000
0.000000
0.000000
0.000000
0.000000
0.000000
0.000000
0.000000
0.000000
0.000000
0.000000
0.000000
0.000000
0.000000
0.000000
0.000000
0.000000
0.000000
0.000000
0.000000
0.000000
0.000000
0.000000
0.000000
0.000000
0.000000
0.000000
0.000000
0.000000
0.000000
0.000000
0.000000
0.000000
0.000000
0.000000
0.000000
0.000000
0.000000
0.000000
0.000000
0.000000
0.000000
0.000000
0.000000
0.000000
0.000000
0.000000
0.000000
0.000000
0.000000
0.000000
0.000000
0.000000
0.000000
0.000000
0.000000
0.000000
0.000000
0.000000
0.000000
0.000000
0.000000
0.000000
0.000000
0.000000
0.000000
0.000000
0.000000
0.000000
0.000000
0.000000
0.000000
0.000000
0.000000
0.000000
0.000000
0.000000
0.000000
0.000000
0.000000
0.000000
0.000000
0.000000
0.000000
0.000000
0.000000
0.000000
0.000000
0.000000
0.000000
0.000000
0.000000
0.000000
0.000000
0.000000
0.000000
0.000000
0.000000
0.000000
0.000000
0.000000
0.000000
0.000000
0.000000
0.000000
0.000000
0.000000
0.000000
0.000000
0.000000
0.000000
0.000000
0.000000
0.000000
0.000000
0.000000
0.000000
0.000000
0.000000
0.000000
0.000000
0.000000
0.000000
0.000000
0.000000
0.000000
0.000000
