1.613956
1.697667
1.711061
1.898575
1.838302
1.891878
2.099482
1.962195
1.861742
2.015771
1.875135
1.898575
1.694319
1.744546
1.667531
1.650789
1.627350
1.701016
1.798121
1.617304
1.382912
1.607259
2.122921
1.711061
2.119573
1.567077
1.965544
1.607259
1.791424
1.865090
1.992331
1.533593
2.076043
1.888529
1.818212
1.757939
1.818211
1.717758
1.617304
1.928711
1.764636
1.757940
1.446533
1.657486
1.741197
1.647440
1.915317
1.932059
1.885181
2.019119
1.851696
2.029164
1.922014
1.995680
1.811515
1.885181
1.925362
1.945453
2.022468
1.999028
2.293693
2.156406
2.310435
2.233420
2.166451
2.126270
1.942104
2.193239
2.009073
2.079391
2.042558
1.968892
1.935408
1.878484
1.982286
1.972241
1.915317
1.855045
2.116224
2.019119
1.828257
1.935408
2.002377
2.122921
2.109527
2.330525
2.367358
2.497948
2.759128
2.839491
2.866278
3.006914
3.381940
3.525924
3.512530
3.703392
3.633075
3.897603
4.142040
4.363038
4.955715
4.778247
4.366386
4.352993
4.553900
4.563945
4.389826
4.570642
4.510371
4.543855
4.697884
4.570642
4.711277
4.627566
4.644309
4.704581
4.513719
4.473537
4.409917
4.440053
4.296069
4.135344
4.115252
3.894254
3.733528
3.663211
3.663211
3.535970
3.566106
3.412076
3.402031
3.093973
3.010262
3.010262
2.832794
2.862930
2.755780
2.551523
2.631886
2.605099
2.246814
2.364010
2.129618
2.213329
2.454418
1.988983
1.714409
1.707713
1.955498
1.821560
1.694319
1.771333
1.570426
1.603910
1.533593
1.680925
1.694319
1.690970
1.767985
1.727803
1.798121
1.757939
1.774682
1.747894
1.761288
1.731152
1.757939
1.871787
1.721106
1.821560
1.794772
1.701016
1.801469
1.798121
1.734500
1.938756
1.717758
1.818212
1.855045
2.012422
1.995680
1.945453
2.049255
2.106179
1.908620
2.062649
1.875135
1.861742
1.798121
1.701016
1.968892
1.901923
1.801469
1.684273
1.674228
1.697667
1.831606
1.811515
1.788076
1.865090
1.831605
1.945453
1.888529
1.975589
2.451070
1.995680
2.183193
2.189890
2.611796
2.451070
2.591705
2.588356
2.598402
2.939944
2.809355
2.702204
2.528084
2.598402
2.551523
2.387449
2.504645
2.364010
1.999028
2.297041
2.055952
2.052604
2.035861
1.858393
1.828257
1.757940
1.794772
1.684273
1.660834
1.670880
1.664183
1.717758
1.617304
1.814863
1.968892
1.707713
1.751243
1.520199
1.603910
1.784727
1.617304
1.808166
1.788076
1.767985
1.868438
1.751243
1.818211
1.801469
1.992331
1.888529
1.942104
1.968892
2.025816
1.985634
2.072694
2.109527
2.189890
2.457767
2.159754
2.501297
2.672068
2.665371
2.809355
2.755780
2.883021
2.829445
2.759128
2.625190
2.615144
2.601750
2.447721
2.377404
2.260208
2.270253
2.139663
2.089437
2.049255
1.972241
1.978938
1.834954
1.694319
1.784727
1.744546
1.670880
1.865090
1.657486
1.721106
1.613956
1.593865
1.627350
1.526896
1.999028
1.888529
2.052604
1.640743
1.647440
1.600562
1.784727
1.895226
1.794772
1.804818
1.932059
1.881832
1.898575
1.727803
1.922014
1.834954
1.965544
2.009073
1.828257
2.009074
1.932059
2.052604
2.106179
2.919854
2.558220
2.705553
2.869627
2.779218
2.946641
2.822748
2.923202
2.722295
2.651977
2.712249
2.588356
2.585008
2.387449
2.364010
2.343919
2.286995
2.146360
2.005725
1.935408
1.911968
1.781379
1.774682
1.814863
1.811515
1.741197
1.701016
1.701016
1.670880
1.647440
1.707713
1.664183
1.875135
1.744546
1.948802
1.493411
1.657486
1.587168
1.704364
1.788076
1.724455
1.952150
1.922014
1.801469
1.831606
1.871787
1.848348
1.848348
1.801469
2.022468
1.982286
1.955498
2.132966
2.022468
2.096133
2.223375
2.374055
2.548175
2.635235
3.077231
2.809355
2.718946
2.936596
2.685462
2.635235
2.755780
2.528084
2.558220
2.303738
2.337222
2.397495
2.240117
2.193239
2.471161
1.891878
1.975589
1.901923
1.855045
1.844999
1.711061
1.617304
1.778030
1.811515
1.630698
1.553684
1.553684
1.670880
1.640743
2.032513
1.751243
1.744546
1.543638
1.590517
1.620653
1.677577
1.610608
1.828257
1.831606
1.915317
1.834954
1.958847
1.841651
1.794772
1.848348
1.717758
1.898575
1.982286
1.958847
1.901923
2.139663
2.045907
2.320480
2.270253
2.742385
2.588356
2.765825
2.735689
2.896415
2.906460
2.618493
2.702204
2.635235
2.662023
2.491251
2.387449
2.464464
2.179845
2.213329
2.220026
2.183193
1.995680
2.119573
1.901923
1.875135
1.821560
1.781379
1.707713
1.660834
1.828257
1.731152
1.701016
1.727803
1.707713
1.744545
1.808166
1.982286
1.560381
1.590517
1.469972
1.744545
1.731152
1.684273
1.834954
1.915317
1.851696
1.844999
1.988983
1.510154
1.282459
1.978937
2.089437
1.938756
2.089437
1.858393
1.895226
2.129618
2.183193
2.310435
2.430979
2.739037
2.949990
2.872975
2.715598
2.829445
2.943293
2.732340
2.866278
2.588356
2.464464
2.548175
2.410888
2.360662
2.273602
2.384101
1.999028
2.059300
2.280298
1.992331
1.968892
1.808166
1.711061
1.794772
1.724455
1.583820
1.480018
1.654137
1.607259
1.526896
1.687622
1.607259
1.285807
2.045907
1.506805
1.925362
1.446533
1.714409
1.583820
1.701016
1.818212
1.875135
2.035861
1.771333
1.865090
1.818212
1.814863
2.012422
1.911968
2.076043
1.774682
1.851696
2.015770
2.059300
2.273602
2.417585
2.641932
2.832794
2.655326
2.635235
2.869627
2.722295
2.829445
2.772521
2.688810
2.441025
2.655326
2.457767
2.374055
2.360662
2.360662
2.146360
2.216678
2.029164
2.032513
2.022468
2.049255
1.838302
1.741197
1.928711
1.737849
1.094945
2.276950
1.520199
1.664183
1.536941
1.580471
1.660834
1.952150
1.741197
1.885181
1.982286
1.764636
1.701016
1.784727
1.734500
1.818212
1.757939
1.811515
1.801469
1.798121
1.784727
1.727803
1.911968
1.915317
1.922014
1.844999
2.153057
2.019119
2.186542
2.293693
2.320480
2.618493
2.782567
2.759128
2.802658
2.866278
2.949990
2.819400
2.899763
2.668720
2.775870
2.705553
2.578311
2.467812
2.417585
2.357313
2.119573
2.266905
2.230072
2.062649
1.968892
1.898575
1.824908
1.861742
1.674228
1.741197
1.767985
1.771333
1.674228
1.533593
1.553684
1.667531
1.674228
1.674228
2.005725
1.654137
1.865090
1.560381
1.667531
1.657486
1.764636
1.878484
1.885181
2.002377
2.076043
1.834954
1.848348
1.714409
1.868438
1.831606
1.855045
1.861742
1.972241
2.096133
1.888529
2.045907
2.266905
2.340571
2.474509
2.956687
2.665371
2.665371
2.876324
2.886369
2.749082
2.591705
2.816051
2.876324
2.618493
2.668720
2.528084
2.327177
2.367358
2.206632
2.166451
2.065997
2.065997
1.965544
1.891878
1.848348
1.757940
1.684273
1.968892
1.647440
1.982286
1.620653
1.744545
1.701016
1.724455
1.757939
1.788076
1.734500
1.788076
1.871787
1.982286
1.975589
1.962195
1.988983
2.146360
2.035861
2.213329
2.317132
2.481206
2.655326
2.832794
2.842839
2.980126
3.445561
3.358502
3.264745
3.254699
3.760316
3.562757
4.215706
3.730180
4.098510
3.669908
4.332902
4.373084
4.332902
4.748111
4.369735
4.728020
4.607476
4.647657
4.580688
4.614172
4.644309
4.774898
4.597430
4.701232
4.644309
4.604127
4.667747
4.664399
4.644309
4.771550
4.664399
4.634263
4.587385
4.731369
4.620869
4.617521
4.503673
4.393174
4.651005
4.507022
4.486931
4.684490
4.510370
4.553900
4.540506
4.547204
4.604127
4.543855
4.614172
4.483582
4.667748
4.644309
4.627566
4.533809
4.486931
4.714626
4.346296
4.389826
4.202312
4.038238
4.172176
3.864118
3.716786
3.760316
3.736877
3.612984
3.525924
3.160943
3.234608
3.308275
2.946641
2.953338
2.755779
3.689999
3.083928
2.374055
3.040398
3.418774
3.027004
3.147549
3.053792
3.023656
3.006914
3.000216
3.003565
3.083928
2.903111
2.993520
2.909808
3.047095
3.154246
2.960035
3.020307
2.956687
2.973429
3.144200
3.043746
2.970080
3.124110
3.027004
3.154246
2.993520
3.120761
2.983474
2.946641
3.077231
3.000216
3.117413
3.060489
2.973429
2.976778
3.073883
3.006914
3.117413
2.966732
3.104019
3.083928
3.097322
2.986823
3.047095
2.939944
3.057141
2.980126
3.037050
2.916505
3.083928
3.016959
3.080580
3.030353
3.110716
3.170988
2.973429
2.936596
2.859581
3.013611
2.993520
3.030353
3.030353
2.916505
2.960035
3.040398
3.003565
2.923202
3.130806
3.043747
2.866278
2.983474
3.181033
3.298229
2.943293
2.725643
2.822748
2.752431
2.628538
2.601750
2.521387
2.464464
2.471161
2.293693
2.310435
2.286995
2.092785
2.136315
2.019119
1.962195
2.065997
1.831605
1.925362
1.841651
1.650789
1.784727
1.034673
1.838302
0.890689
1.603910
1.560381
2.119573
1.463275
1.587168
1.942104
1.841651
1.834954
1.952150
1.965544
1.851696
1.948802
1.918665
1.965544
1.808166
2.005725
2.139663
2.032513
2.106179
2.089437
2.179845
2.139663
2.163103
2.414237
2.618493
2.561569
2.718946
2.886369
3.050443
3.264745
3.341759
3.549363
4.128646
3.539318
3.730180
3.666559
4.075071
3.877512
3.847376
3.840679
3.830634
3.663211
3.479046
3.740226
3.706741
3.830634
3.539318
3.659863
3.629726
3.539318
3.649817
3.720135
3.475698
3.515879
3.475698
3.358501
3.378592
3.194427
3.083928
3.057140
2.869627
2.909808
2.903111
2.742385
2.246814
2.297041
2.163102
2.179845
2.055952
1.978938
1.962195
1.878484
1.841651
1.865090
1.747894
1.707713
1.751243
1.851696
1.865090
2.032513
1.945453
1.895226
1.888529
1.868438
1.838302
1.794772
1.831606
1.801469
1.607259
1.627350
1.553684
1.630698
1.650789
1.486715
1.463275
1.630698
1.570426
1.419745
1.523548
1.814863
1.637395
1.935408
1.694319
2.022468
1.808166
1.881832
1.325989
1.744546
1.875135
1.801469
1.727803
1.711061
1.352776
1.640743
1.697667
1.603910
1.724455
2.193239
1.128430
2.243466
1.523547
1.520199
