0.103802
0.468784
1.476669
1.563729
1.115036
1.607259
1.583820
1.664183
1.526896
1.741197
1.687622
2.072694
1.875135
1.848348
1.838302
1.794772
1.945453
1.717758
1.905272
1.831606
1.955498
1.761288
1.731152
1.667531
1.988983
1.928711
1.640743
1.798121
1.935408
1.868438
1.744545
1.764636
1.751243
2.042558
2.015770
1.955498
2.236768
2.199936
2.364010
3.288184
2.712250
3.006914
3.150897
3.107367
4.433356
3.214518
4.215706
3.810543
4.041586
4.369735
4.607476
4.624218
4.707929
4.366386
4.758156
5.042775
5.089653
4.868655
5.451286
6.010478
5.176713
5.692375
5.695724
5.608664
5.692375
6.228128
5.920070
6.378809
6.331931
5.983691
6.318537
5.879889
5.129835
6.586413
7.158999
7.055197
7.092031
6.944698
6.559625
5.437892
6.415642
6.295097
5.822965
5.786132
5.943510
5.923419
6.378808
5.799526
6.020524
5.792829
5.752647
5.488119
5.176713
5.176713
5.026032
4.794989
4.878700
4.717975
4.557249
4.369735
4.038239
4.155434
3.874163
3.827285
3.793801
3.679953
3.643120
3.552712
3.428819
3.482394
3.348456
3.087276
3.077231
3.037050
2.832794
2.936596
2.859581
2.816051
2.638583
2.662023
2.662023
2.588356
2.270253
2.353965
2.384101
2.082740
2.233420
2.143012
2.313783
2.065997
2.022468
1.975589
1.888529
1.848348
1.945453
1.824908
1.801469
1.922014
1.774682
1.861742
1.868438
1.747894
1.667531
1.767985
1.744546
1.624001
1.567077
1.771333
1.838302
1.607259
1.714409
1.282459
1.617304
1.818212
1.965544
1.389609
1.577123
1.801469
1.650789
2.169800
1.821560
2.297041
2.280298
2.266905
2.286995
2.538130
2.672068
2.836142
3.234608
3.251351
3.505833
3.335062
3.606287
3.810543
4.058329
4.101859
3.947830
4.450099
3.803846
4.071723
4.262585
4.597430
4.543855
5.012639
4.818428
5.059517
5.230288
5.059517
5.293909
5.233637
5.578528
5.766041
5.581876
5.869843
6.003782
6.013827
6.100887
6.064054
5.879889
5.799526
6.060706
5.910025
5.635451
5.735905
5.518256
5.267122
5.146577
5.153274
5.109744
4.567294
4.962412
5.206849
5.002594
4.959064
4.999245
5.019336
5.039426
4.778246
4.872004
4.530461
4.761505
4.443401
4.466840
4.651005
4.640960
4.751459
4.600779
4.577340
4.573991
4.784944
4.587385
4.356341
4.373084
4.366386
4.440053
4.044935
3.947830
3.954527
3.894254
3.713438
3.710089
3.840679
3.559409
3.549363
3.338411
3.304926
3.140852
3.170988
3.127458
3.345108
2.986823
3.043747
3.077231
3.211169
3.013611
2.949990
3.067186
3.060489
3.087276
3.023656
3.170988
3.314971
2.916505
3.311623
3.207821
3.124110
3.194427
3.150897
3.107367
3.495788
3.763665
4.440053
3.716786
3.931087
3.820589
4.409917
4.188918
4.470189
4.004754
4.406568
4.396523
4.409917
4.182222
4.128646
4.128646
4.192267
4.014799
3.951178
3.860770
3.596242
3.659863
3.592893
3.495788
3.325017
2.675416
3.124110
3.020307
3.177685
2.919854
3.060489
3.033701
2.960035
2.872975
2.903111
2.916505
3.080580
3.063837
3.254699
3.107367
3.184382
3.117413
2.973429
3.217866
2.933248
2.966732
3.130806
3.100670
3.040398
3.268093
3.043747
3.047095
3.033701
2.919853
3.211170
2.909808
2.986823
3.020307
2.976778
2.980126
3.067186
3.030353
2.956687
2.906460
3.191078
3.000216
3.067186
3.030353
3.087276
3.160943
3.050443
3.000216
3.033701
3.006913
2.916505
3.107367
2.839491
2.946641
2.903111
2.986823
3.047095
3.104019
2.839491
2.990171
3.030353
2.869627
2.913157
2.956687
3.378592
2.755780
3.020307
3.452258
3.110716
3.720135
3.010262
3.994708
3.713438
4.681141
3.700044
4.895443
4.001405
4.490280
4.245842
4.617521
4.999245
4.882049
4.915534
5.069562
4.872004
5.447938
5.233637
5.170016
5.437893
5.283864
5.457983
4.965760
5.514907
5.524952
5.508210
5.618709
5.668936
5.555089
5.005942
4.992548
4.905488
4.855261
4.470189
4.600779
4.560597
4.279327
4.044935
3.904300
3.867467
3.887558
3.673256
3.773710
3.462303
3.435516
3.335062
3.254699
3.144200
3.030353
2.936596
2.816051
2.735689
2.759128
2.648629
2.631886
2.625190
2.293693
2.457767
2.404191
2.283647
2.330525
2.209981
2.313783
2.179845
2.032513
1.881832
2.035861
1.972241
1.855045
1.747894
1.767985
1.844999
1.778030
1.794772
1.771333
1.911968
1.962195
2.307086
2.407540
2.531433
2.819400
2.337222
2.350616
2.430979
2.497948
2.735689
2.682113
2.976778
2.996868
3.114064
3.160943
3.308275
3.502485
3.371895
3.944481
3.726831
4.269281
3.988011
4.456795
3.874163
3.974617
3.823937
4.168828
4.282675
4.758156
4.523764
4.858610
4.647657
4.684490
5.022684
5.451286
5.223591
4.908836
5.076259
5.156622
4.711277
4.848564
4.741414
4.570642
4.778246
3.971269
4.460144
4.349645
4.265933
4.165480
3.974617
4.071723
3.914345
3.552712
3.606287
3.288184
3.582848
3.371895
3.294881
3.221215
3.144200
3.177685
2.956687
2.956687
2.792612
2.732340
2.605099
2.638583
2.672068
2.481206
2.534781
2.410888
2.461115
2.243466
2.457767
2.360662
2.220026
2.226723
2.196587
2.183193
1.841651
1.935408
1.915317
1.888529
1.690970
1.898575
1.761288
1.754591
1.587168
1.784727
1.660834
1.804818
1.593865
1.714409
1.523548
1.660834
1.781379
1.744546
1.788076
1.858393
1.968892
1.607259
0.736660
1.721106
1.764636
1.808166
1.968892
2.186542
2.551523
2.357313
2.645280
2.718946
3.040398
3.274790
3.783755
3.361850
4.416614
3.492440
5.029381
4.014799
4.182222
4.142040
3.847376
4.255888
4.758156
4.255888
4.460144
5.511559
6.040615
4.620870
5.327394
5.608664
4.339599
4.600779
4.969109
4.865307
5.253727
4.701232
5.163319
5.273818
5.297257
5.170016
5.330742
5.689027
5.739254
5.404408
5.722511
5.478074
6.184598
5.729208
6.496005
5.896631
6.007130
5.474726
5.678982
5.705769
5.776087
5.541695
5.561786
5.330742
5.548392
5.139880
5.082956
4.701232
4.768201
4.209009
3.897603
4.359690
3.743574
4.054980
3.606287
3.549363
3.723483
3.428819
3.328366
2.976778
3.020307
3.016959
2.876324
2.651977
2.678765
2.608447
2.447721
2.387449
2.357313
2.082740
2.139663
2.220026
2.223375
2.112876
2.173148
1.978938
2.250162
2.049255
1.811515
1.935408
1.848348
1.784727
1.844999
1.942104
1.865090
1.988983
1.935408
1.982286
1.955498
1.908620
1.871787
2.069346
1.922014
1.858393
1.861742
1.650789
1.938756
1.938756
1.968892
2.012422
2.079391
1.811515
1.871787
1.814863
1.717758
1.784727
1.811515
1.848348
1.811515
2.002377
1.968892
2.059300
2.025816
1.905272
1.737849
1.901923
1.905272
1.935408
1.865090
1.801469
2.032513
1.985634
2.035861
2.039210
1.888529
1.898575
1.898575
1.871787
1.741197
1.771333
1.667531
1.798121
1.965544
1.915317
1.965544
2.039210
1.948802
1.690970
1.871787
1.901923
1.891878
1.878484
1.932059
1.938756
1.992331
1.868438
2.039210
1.922014
1.922014
1.811515
1.838302
1.778030
1.818211
1.898575
1.881832
1.774682
1.952150
1.938756
1.948802
1.895226
1.915317
1.677577
1.908620
1.878484
1.895226
1.844999
1.828257
1.834954
2.029164
1.995680
1.895226
2.045907
1.871787
2.019119
1.791424
1.925362
1.901923
1.751243
1.878484
1.747894
1.875135
2.129618
2.092785
2.209981
2.183193
2.122921
2.209981
2.122921
2.156406
2.173148
2.076043
1.948802
1.871787
1.915317
1.751243
1.868438
1.885181
1.861742
1.818212
1.878484
1.828257
1.901923
1.798121
1.828257
1.630698
1.784727
1.811515
1.821560
1.798121
1.885181
1.798121
1.868438
1.804818
1.811515
1.784727
1.774682
1.754591
1.841651
1.858393
1.714409
1.670880
1.687622
1.674228
1.694319
1.731152
1.814863
1.690970
1.593865
1.697667
1.694319
1.747894
1.838302
1.834954
2.042558
1.955498
2.246814
2.317132
2.323828
2.310435
2.377404
2.360662
2.250162
2.347268
2.286995
2.005725
2.005725
2.233420
2.055952
1.942104
1.888529
1.895226
1.808166
1.717758
1.928711
1.677577
1.670880
1.590517
1.781379
1.811515
1.717758
1.664183
1.573774
1.687622
1.684273
1.804818
1.647440
1.727803
1.871787
1.781379
1.868438
1.972241
1.878484
1.851696
2.035861
1.875135
1.978938
1.844999
1.808166
1.744545
1.737849
1.513502
1.640743
1.808166
1.526896
1.413049
1.694319
1.560380
1.426442
2.089437
1.714409
1.644092
1.747894
1.814863
1.948802
2.012422
1.928711
2.183193
2.491251
2.929899
2.879672
2.862930
3.217866
3.338411
3.355153
3.807194
3.937784
3.854073
3.529273
3.710089
3.656514
3.532621
3.639772
3.321668
3.753619
3.900951
3.341759
3.726831
3.482394
3.566106
3.458955
3.114064
3.723483
3.479046
3.549363
3.502485
3.311623
3.422122
3.325017
3.244654
3.335062
3.160943
3.130806
2.872975
2.872975
2.826097
2.812703
2.819400
2.645280
2.665371
2.625189
2.464464
2.501297
2.353965
2.384101
2.099482
2.176497
2.333874
2.116224
2.153057
2.149709
1.999028
1.875135
1.875135
1.771333
1.721106
1.801469
1.717758
1.630698
1.603910
1.744546
1.824908
1.801469
1.858393
1.925362
1.774682
1.824908
1.744546
1.848348
1.680925
1.744546
1.761288
1.804818
1.724455
1.744546
1.690970
1.634046
1.654137
1.855045
1.841651
1.433139
1.911968
1.620653
1.881832
1.493411
1.891878
1.483366
1.711061
1.828257
1.811515
1.871787
1.888529
1.818212
1.968892
1.851696
1.851696
1.714409
1.593865
1.761288
1.751243
1.764636
1.677577
1.858393
2.119573
1.888529
1.657486
2.029164
1.593865
1.597213
2.002377
1.828257
1.905271
1.992331
2.002377
1.834954
1.935408
1.875135
1.701016
1.988983
1.751243
1.905272
1.634047
1.798121
1.898575
1.540290
1.660834
1.791424
1.801469
2.280298
1.017931
2.109527
1.985634
1.523547
2.022468
1.895226
1.523548
1.804818
1.205444
1.992331
2.086088
1.346079
1.848348
1.804818
1.650789
1.972241
1.771333
1.674228
2.039210
1.637395
1.885181
1.697667
1.701016
1.898575
1.667531
2.032513
1.744545
2.059300
2.009074
2.166451
2.029164
2.213329
2.153057
2.243466
2.129618
2.122921
2.045907
2.102831
2.045907
2.072694
1.901923
1.798121
2.005725
1.868438
1.898575
1.915317
1.985634
1.831605
1.841651
1.831606
1.844999
1.915317
1.891878
2.223375
2.106179
2.374055
2.558220
2.662023
2.839491
3.425471
2.849536
3.412076
3.361850
3.502485
3.967921
3.954527
4.135343
4.068374
4.738065
4.677793
4.188918
5.029381
4.443401
3.043746
5.099699
5.662239
4.935624
4.825126
4.979154
4.979154
2.591705
5.066214
5.116441
4.681141
4.744762
4.483582
4.433355
4.587385
4.239145
4.249191
4.105207
4.061677
3.787104
3.880861
3.700044
3.619681
3.418774
3.525924
3.646468
3.167639
3.127458
3.177685
3.023656
3.000216
2.889718
2.702204
2.588356
2.665371
2.631886
2.605099
2.605099
2.323828
2.484555
2.230072
2.320480
2.062649
2.126270
2.079391
1.855045
1.955498
1.764636
1.885181
1.794772
1.808166
1.818212
1.644092
1.855045
1.811515
1.717758
1.711061
1.637395
1.684273
1.885181
1.778030
1.818211
1.697667
1.744546
1.781379
1.590517
1.814863
1.690970
1.717758
1.664183
1.945453
1.620653
1.664183
1.721106
1.855045
1.821560
1.928711
2.082740
2.112876
2.173148
2.183193
2.069346
2.163102
2.065997
2.069346
1.804818
2.022468
1.942105
1.875135
1.724455
1.694319
1.985634
1.808166
1.975589
1.650789
1.727803
1.828257
1.627350
1.834954
2.025816
1.888529
2.005725
2.303738
2.300389
2.772522
2.387449
2.621841
2.595053
2.665371
2.806006
2.595053
2.528084
2.226723
2.548175
2.698856
2.484555
2.310435
2.410888
2.327177
2.273602
2.297041
2.377404
2.092785
1.707713
2.106179
1.945453
1.992331
1.871787
1.767985
1.922014
1.677577
1.701016
1.711061
1.791424
1.724455
1.613956
1.597214
1.734500
1.774682
1.734500
1.844999
1.607259
1.697667
1.587168
1.774682
1.694319
1.664183
1.824908
1.908620
2.049255
2.263556
2.504645
2.012422
1.962195
3.402031
2.645280
2.866278
2.775870
2.728992
2.795961
3.080580
2.802658
2.879672
2.651977
3.047095
2.812703
2.645280
2.588356
2.544827
2.598402
2.514691
2.404191
2.303738
2.270253
2.266905
2.159754
2.076043
1.968892
2.025816
1.962195
1.868438
1.891878
1.737849
1.834954
1.741197
1.747894
1.409700
1.838302
1.781379
1.620653
1.590517
1.476669
1.624001
2.199936
1.690970
1.634047
1.654137
1.600562
1.767985
1.808166
1.915317
2.116224
2.451070
2.337222
2.447721
2.826097
2.862930
2.949990
2.842839
3.090625
3.241305
2.852885
2.899763
2.943293
2.899763
2.745734
2.722295
2.742385
2.735689
2.561569
2.588356
2.494600
2.313783
2.243466
2.320480
2.243466
2.263556
2.005725
2.062649
1.968892
2.022468
1.962195
1.875135
1.774682
1.764636
1.761288
1.737849
1.781379
1.744546
1.610607
1.704364
1.764636
1.630698
1.503457
1.617304
1.757939
1.603910
1.741197
1.583820
1.634047
1.640743
1.694319
1.918665
1.985634
2.029164
2.086088
2.564918
2.206633
2.176497
2.518039
3.174336
2.883021
3.057140
2.986823
2.929899
2.960035
2.785916
2.705553
2.769173
2.856233
2.672068
2.615144
2.625190
2.588356
2.645280
2.290344
2.410888
2.327177
2.330525
2.236768
2.136315
2.186542
2.086088
1.962195
1.975589
1.958847
1.677577
1.811515
1.861742
1.714409
1.714409
1.724455
1.466624
1.650789
1.607259
1.624001
1.680925
1.721106
1.573774
1.888529
1.620653
1.684273
1.690970
1.731152
1.861742
1.968892
1.972241
1.988983
2.193239
2.471160
2.420934
2.424282
2.806006
2.826097
2.826097
2.923202
3.010262
2.806006
2.829445
2.953338
2.742386
2.799309
2.749082
1.784727
2.799309
2.528084
2.595053
2.521387
2.407540
2.397495
2.253511
2.364010
2.106179
1.992331
2.179845
1.922014
1.955498
1.868438
1.771333
1.737849
1.774682
1.774682
1.801469
1.687622
1.627350
1.747894
1.664183
1.774682
1.674228
1.727803
1.567077
2.049255
1.948802
1.587168
1.560381
1.677577
1.804818
1.831606
2.072694
2.310435
2.206633
2.481206
2.307086
1.808166
3.060489
2.461115
2.745734
3.083928
2.732340
2.876324
2.842839
3.043747
2.939945
2.832794
2.785916
2.675416
2.595053
2.631886
2.695507
2.558220
2.347268
2.417585
2.189890
2.246814
2.146360
2.243466
2.176497
2.079391
1.888529
1.868438
1.968892
1.727803
1.744546
1.788076
1.690970
1.781379
1.624001
1.530244
1.704364
1.530244
1.573774
1.707713
1.580471
1.647440
2.106179
1.439836
1.235580
1.493411
1.774682
1.640743
1.737849
1.978938
2.404191
2.203284
2.477857
2.595053
2.728992
3.037050
2.923202
3.047095
2.970080
3.224563
2.842839
2.759128
2.772522
2.933248
2.685462
2.789264
2.732340
2.678765
2.538130
2.467812
2.397495
2.477857
2.407540
2.290344
2.310435
2.139663
2.122921
1.938756
2.065997
2.032513
1.855045
1.778030
2.089437
1.791424
2.005725
1.754591
1.654137
1.747894
1.764636
1.670880
1.382912
1.757940
1.630698
1.557032
1.727803
1.895226
1.660834
1.557032
1.607259
1.647440
1.781379
1.794772
1.908620
2.059300
2.176497
2.340571
2.655326
2.534781
2.816051
2.893066
2.996868
3.037050
2.973429
2.896415
2.762476
2.883021
2.819400
2.812703
2.708901
2.762476
2.625190
2.782567
2.641932
2.501297
2.558220
2.347268
2.340571
2.230072
2.283647
2.102830
2.072694
2.042558
1.911968
1.828257
1.824908
1.824908
1.764636
1.610607
1.794772
1.724455
1.701016
1.446533
1.607259
1.634047
1.600562
1.844999
1.557032
1.717758
1.834954
1.724455
1.694319
1.767985
1.788076
1.851696
1.942104
2.005725
2.159754
2.216678
2.317132
2.491251
2.849536
2.759128
2.960035
2.792612
3.087276
3.030353
3.053792
2.949990
2.973429
2.809355
2.598402
2.641932
2.544827
2.725643
2.554872
2.484555
2.561569
2.541478
2.441025
2.317132
2.143012
2.082740
2.136315
2.002377
2.099482
1.895226
1.814863
1.881832
1.687622
1.757939
1.764636
1.794772
1.844999
1.727803
1.771333
1.680925
1.985634
1.818211
1.814863
1.995680
1.975589
2.132967
2.350616
2.437676
2.608447
2.789264
2.946641
3.164291
2.953338
3.341759
3.777058
3.311623
4.651005
4.808383
3.609636
3.599590
4.640960
4.131995
4.155434
4.289372
4.671096
4.252539
5.166668
5.642149
4.721323
5.019336
5.484771
5.243682
5.149925
5.049472
5.531650
5.062865
5.561786
5.776087
5.223591
5.441241
5.407757
5.819617
5.632103
5.638800
6.020524
6.412293
5.980342
6.040615
6.479262
6.120978
5.879889
6.311840
6.328581
6.311840
6.341976
6.157811
6.157811
5.843056
5.839707
5.735905
5.759345
5.451286
5.401060
5.170016
5.143229
4.818428
4.433356
4.721323
4.319509
4.286024
4.185570
3.562757
3.860770
4.065026
3.844027
3.673256
3.378592
2.692159
2.829445
2.441024
4.349644
2.662023
3.817240
1.811515
3.217866
2.708901
3.080580
3.241305
3.037050
3.308275
2.795961
3.204472
2.956687
3.030353
3.475697
2.893066
2.943293
2.832794
3.254699
2.976778
2.588356
3.345108
2.819400
3.224563
2.896415
3.368547
3.067186
3.050443
3.167639
3.264745
3.070534
3.124110
3.177685
3.271441
2.943293
3.191078
3.244654
3.114064
3.000216
3.164291
2.976778
3.388638
3.217866
3.134155
3.314971
2.926551
3.006914
3.100670
3.221215
3.057140
3.207821
3.164291
2.980126
3.154246
3.043747
2.963384
2.862930
3.010262
3.080580
2.996868
3.000216
3.000216
2.879672
3.020307
2.956687
2.970080
3.020307
3.037049
3.070534
2.879672
2.966732
2.846188
2.916505
2.712249
2.708901
2.688810
2.809355
2.451070
2.561569
2.481206
2.511342
2.407540
2.230072
2.179845
2.126270
2.216678
2.153057
2.183193
2.029165
1.875135
2.035861
1.901923
1.804818
0.000000
0.000000
0.000000
0.000000
0.000000
0.000000
0.000000
0.000000
0.000000
0.000000
0.000000
0.000000
0.000000
0.000000
0.000000
0.000000
0.000000
0.000000
0.000000
0.000000
0.000000
0.000000
0.000000
0.000000
0.000000
0.000000
0.000000
0.000000
0.000000
0.000000
0.000000
0.000000
0.000000
0.000000
0.000000
0.000000
0.000000
0.000000
0.000000
0.000000
0.000000
0.000000
0.000000
0.000000
0.000000
0.000000
0.000000
0.000000
0.000000
0.000000
0.000000
0.000000
0.000000
0.000000
0.000000
0.000000
0.000000
0.000000
0.000000
0.000000
0.000000
0.000000
0.000000
0.000000
0.000000
0.000000
0.000000
0.000000
0.000000
0.000000
0.000000
0.000000
0.000000
0.000000
0.000000
0.000000
0.000000
0.000000
0.000000
0.000000
0.000000
0.000000
0.000000
0.000000
0.000000
0.000000
0.000000
0.000000
0.000000
0.000000
0.000000
0.000000
0.000000
0.000000
0.000000
0.000000
0.000000
0.000000
0.000000
0.000000
0.000000
0.000000
0.000000
0.000000
0.000000
0.000000
0.000000
0.000000
0.000000
0.000000
0.000000
0.000000
0.000000
0.000000
0.000000
0.000000
0.000000
0.000000
0.000000
0.000000
0.000000
0.000000
0.000000
0.000000
0.000000
0.000000
0.000000
0.000000
0.000000
0.000000
0.000000
0.000000
0.000000
0.000000
0.000000
0.000000
0.000000
0.000000
0.000000
0.000000
0.000000
0.000000
0.000000
0.000000
0.000000
0.000000
0.000000
0.000000
0.000000
0.000000
0.000000
0.000000
0.000000
0.000000
0.000000
0.000000
0.000000
0.000000
0.000000
0.000000
0.000000
0.000000
0.000000
0.000000
0.000000
0.000000
0.000000
0.000000
0.000000
0.000000
0.000000
0.000000
0.000000
0.000000
0.000000
0.000000
0.000000
0.000000
0.000000
0.000000
0.000000
0.000000
0.000000
0.000000
0.000000
0.000000
0.000000
0.000000
0.000000
0.000000
0.000000
0.000000
0.000000
0.000000
0.000000
0.000000
0.000000
0.000000
0.000000
0.000000
0.000000
0.000000
0.000000
0.000000
0.000000
0.000000
0.000000
0.000000
0.000000
0.000000
0.000000
0.000000
0.000000
0.000000
0.000000
0.000000
0.000000
0.000000
0.000000
0.000000
0.000000
0.000000
0.000000
0.000000
0.000000
0.000000
0.000000
0.000000
0.000000
0.000000
0.000000
0.000000
0.000000
0.000000
0.000000
0.000000
0.000000
0.000000
0.000000
0.000000
0.000000
0.000000
0.000000
0.000000
0.000000
0.000000
0.000000
0.000000
0.000000
0.000000
0.000000
0.000000
0.000000
0.000000
0.000000
0.000000
0.000000
0.000000
0.000000
0.000000
0.000000
0.000000
0.000000
0.000000
0.000000
0.000000
0.000000
0.000000
0.000000
0.000000
0.000000
0.000000
0.000000
0.000000
0.000000
0.000000
0.000000
0.000000
0.000000
0.000000
0.000000
0.000000
0.000000
0.000000
0.000000
0.000000
0.000000
0.000000
0.000000
0.000000
0.000000
0.000000
0.000000
0.000000
0.000000
0.000000
0.000000
0.000000
0.000000
0.000000
0.000000
0.000000
0.000000
0.000000
0.000000
0.000000
0.000000
0.000000
0.000000
0.000000
0.000000
0.000000
0.000000
0.000000
0.000000
0.000000
0.000000
0.000000
0.000000
0.000000
0.000000
0.000000
0.000000
0.000000
0.000000
0.000000
0.000000
0.000000
0.000000
0.000000
0.000000
0.000000
0.000000
0.000000
0.000000
0.000000
0.000000
0.000000
0.000000
0.000000
0.000000
0.000000
0.000000
0.000000
0.000000
0.000000
0.000000
0.000000
0.000000
0.000000
0.000000
0.000000
0.000000
0.000000
0.000000
0.000000
0.000000
0.000000
0.000000
0.000000
0.000000
0.000000
0.000000
0.000000
0.000000
0.000000
0.000000
0.000000
0.000000
0.000000
0.000000
0.000000
0.000000
0.000000
0.000000
0.000000
0.000000
0.000000
0.000000
0.000000
0.000000
0.000000
0.000000
0.000000
0.000000
0.000000
0.000000
0.000000
0.000000
0.000000
0.000000
0.000000
0.000000
0.000000
0.000000
0.000000
0.000000
0.000000
0.000000
0.000000
0.000000
0.000000
0.000000
0.000000
0.000000
0.000000
0.000000
0.000000
0.000000
0.000000
0.000000
0.000000
0.000000
0.000000
0.000000
0.000000
0.000000
0.000000
0.000000
0.000000
0.000000
0.000000
0.000000
0.000000
0.000000
0.000000
0.000000
0.000000
0.000000
0.000000
0.000000
0.000000
0.000000
0.000000
0.000000
0.000000
0.000000
0.000000
0.000000
0.000000
0.000000
0.000000
0.000000
0.000000
0.000000
0.000000
0.000000
0.000000
0.000000
0.000000
0.000000
0.000000
0.000000
0.000000
0.000000
0.000000
0.000000
0.000000
0.000000
0.000000
0.000000
0.000000
0.000000
0.000000
0.000000
0.000000
0.000000
0.000000
0.000000
0.000000
0.000000
0.000000
0.000000
0.000000
0.000000
0.000000
0.000000
0.000000
0.000000
0.000000
0.000000
0.000000
0.000000
0.000000
0.000000
0.000000
0.000000
0.000000
0.000000
0.000000
0.000000
0.000000
0.000000
0.000000
0.000000
0.000000
0.000000
0.000000
0.000000
0.000000
0.000000
0.000000
0.000000
0.000000
0.000000
0.000000
0.000000
0.000000
0.000000
0.000000
0.000000
0.000000
0.000000
0.000000
0.000000
0.000000
0.000000
0.000000
0.000000
0.000000
0.000000
0.000000
0.000000
0.000000
0.000000
0.000000
0.000000
0.000000
0.000000
0.000000
0.000000
0.000000
0.000000
0.000000
0.000000
0.000000
0.000000
0.000000
0.000000
0.000000
0.000000
0.000000
0.000000
0.000000
0.000000
0.000000
0.000000
0.000000
0.000000
0.000000
0.000000
0.000000
0.000000
0.000000
0.000000
0.000000
0.000000
0.000000
0.000000
0.000000
0.000000
0.000000
0.000000
0.000000
0.000000
0.000000
0.000000
0.000000
0.000000
0.000000
0.000000
0.000000
0.000000
0.000000
0.000000
0.000000
0.000000
0.000000
0.000000
0.000000
0.000000
0.000000
0.000000
0.000000
0.000000
0.000000
0.000000
0.000000
0.000000
0.000000
0.000000
0.000000
0.000000
0.000000
0.000000
0.000000
0.000000
0.000000
0.000000
0.000000
0.000000
0.000000
0.000000
0.000000
0.000000
0.000000
0.000000
0.000000
0.000000
0.000000
0.000000
0.000000
0.000000
0.000000
0.000000
0.000000
0.000000
0.000000
0.000000
0.000000
0.000000
0.000000
0.000000
0.000000
0.000000
0.000000
0.000000
0.000000
0.000000
0.000000
0.000000
0.000000
0.000000
0.000000
0.000000
0.000000
0.000000
0.000000
0.000000
0.000000
0.000000
0.000000
0.000000
0.000000
0.000000
0.000000
0.000000
0.000000
0.000000
0.000000
0.000000
0.000000
0.000000
0.000000
0.000000
0.000000
0.000000
0.000000
0.000000
0.000000
0.000000
0.000000
0.000000
0.000000
0.000000
0.000000
0.000000
0.000000
0.000000
0.000000
0.000000
0.000000
0.000000
0.000000
0.000000
0.000000
0.000000
0.000000
0.000000
0.000000
0.000000
0.000000
0.000000
0.000000
0.000000
0.000000
0.000000
0.000000
0.000000
0.000000
0.000000
0.000000
0.000000
0.000000
0.000000
0.000000
0.000000
0.000000
0.000000
0.000000
0.000000
0.000000
0.000000
0.000000
0.000000
0.000000
0.000000
0.000000
0.000000
0.000000
0.000000
0.000000
0.000000
0.000000
0.000000
0.000000
0.000000
0.000000
0.000000
0.000000
0.000000
0.000000
0.000000
0.000000
0.000000
0.000000
0.000000
0.000000
0.000000
0.000000
0.000000
0.000000
0.000000
0.000000
0.000000
0.000000
0.000000
0.000000
0.000000
0.000000
0.000000
0.000000
0.000000
0.000000
0.000000
0.000000
0.000000
0.000000
0.000000
0.000000
0.000000
0.000000
0.000000
0.000000
0.000000
0.000000
0.000000
0.000000
0.000000
0.000000
0.000000
0.000000
0.000000
0.000000
0.000000
0.000000
0.000000
0.000000
0.000000
0.000000
0.000000
0.000000
0.000000
0.000000
0.000000
0.000000
0.000000
0.000000
0.000000
0.000000
0.000000
0.000000
0.000000
0.000000
0.000000
0.000000
0.000000
0.000000
0.000000
0.000000
0.000000
0.000000
0.000000
0.000000
0.000000
0.000000
0.000000
0.000000
0.000000
0.000000
0.000000
0.000000
0.000000
0.000000
0.000000
0.000000
0.000000
0.000000
0.000000
0.000000
0.000000
0.000000
0.000000
0.000000
0.000000
0.000000
0.000000
0.000000
0.000000
0.000000
0.000000
0.000000
0.000000
0.000000
0.000000
0.000000
0.000000
0.000000
0.000000
0.000000
0.000000
0.000000
0.000000
0.000000
0.000000
0.000000
0.000000
0.000000
0.000000
0.000000
0.000000
0.000000
0.000000
0.000000
0.000000
0.000000
0.000000
0.000000
0.000000
0.000000
0.000000
0.000000
0.000000
0.000000
0.000000
0.000000
0.000000
0.000000
0.000000
0.000000
0.000000
0.000000
0.000000
0.000000
0.000000
0.000000
0.000000
0.000000
0.000000
0.000000
0.000000
0.000000
0.000000
0.000000
0.000000
0.000000
0.000000
0.000000
0.000000
0.000000
0.000000
0.000000
0.000000
0.000000
0.000000
0.000000
0.000000
0.000000
0.000000
0.000000
0.000000
0.000000
0.000000
0.000000
0.000000
0.000000
0.000000
0.000000
0.000000
0.000000
0.000000
0.000000
0.000000
0.000000
0.000000
0.000000
0.000000
0.000000
0.000000
0.000000
0.000000
0.000000
0.000000
0.000000
0.000000
0.000000
0.000000
0.000000
0.000000
0.000000
0.000000
0.000000
0.000000
0.000000
0.000000
0.000000
0.000000
0.000000
0.000000
0.000000
0.000000
0.000000
0.000000
0.000000
0.000000
0.000000
0.000000
0.000000
0.000000
0.000000
0.000000
0.000000
0.000000
0.000000
0.000000
0.000000
0.000000
0.000000
0.000000
0.000000
0.000000
0.000000
0.000000
0.000000
0.000000
0.000000
0.000000
0.000000
0.000000
0.000000
0.000000
0.000000
0.000000
0.000000
0.000000
0.000000
0.000000
0.000000
0.000000
0.000000
0.000000
0.000000
0.000000
0.000000
0.000000
0.000000
0.000000
0.000000
0.000000
0.000000
0.000000
0.000000
0.000000
0.000000
0.000000
0.000000
0.000000
0.000000
0.000000
0.000000
0.000000
0.000000
0.000000
0.000000
0.000000
0.000000
0.000000
0.000000
0.000000
0.000000
0.000000
0.000000
0.000000
0.000000
0.000000
0.000000
0.000000
0.000000
0.000000
0.000000
0.000000
0.000000
0.000000
0.000000
0.000000
0.000000
0.000000
0.000000
0.000000
0.000000
0.000000
0.000000
0.000000
0.000000
0.000000
0.000000
0.000000
0.000000
0.000000
0.000000
0.000000
0.000000
0.000000
0.000000
0.000000
0.000000
0.000000
0.000000
0.000000
0.000000
0.000000
0.000000
0.000000
0.000000
0.000000
0.000000
0.000000
0.000000
0.000000
0.000000
0.000000
0.000000
0.000000
0.000000
0.000000
0.000000
0.000000
0.000000
0.000000
0.000000
0.000000
0.000000
0.000000
0.000000
0.000000
0.000000
0.000000
0.000000
0.000000
0.000000
0.000000
0.000000
0.000000
0.000000
0.000000
0.000000
0.000000
0.000000
0.000000
0.000000
0.000000
0.000000
0.000000
0.000000
0.000000
0.000000
0.000000
0.000000
0.000000
0.000000
0.000000
0.000000
0.000000
0.000000
0.000000
0.000000
0.000000
0.000000
0.000000
0.000000
0.000000
0.000000
0.000000
0.000000
0.000000
0.000000
0.000000
0.000000
0.000000
0.000000
0.000000
0.000000
0.000000
0.000000
0.000000
0.000000
0.000000
0.000000
0.000000
0.000000
0.000000
0.000000
0.000000
0.000000
0.000000
0.000000
0.000000
0.000000
0.000000
0.000000
0.000000
0.000000
0.000000
0.000000
0.000000
0.000000
0.000000
0.000000
0.000000
0.000000
0.000000
0.000000
0.000000
0.000000
0.000000
0.000000
0.000000
0.000000
0.000000
0.000000
0.000000
0.000000
0.000000
0.000000
0.000000
0.000000
0.000000
0.000000
0.000000
0.000000
0.000000
0.000000
0.000000
0.000000
0.000000
0.000000
0.000000
0.000000
0.000000
0.000000
0.000000
0.000000
0.000000
0.000000
0.000000
0.000000
0.000000
0.000000
0.000000
0.000000
0.000000
0.000000
0.000000
0.000000
0.000000
0.000000
0.000000
0.000000
0.000000
0.000000
0.000000
0.000000
0.000000
0.000000
0.000000
0.000000
0.000000
0.000000
0.000000
0.000000
0.000000
0.000000
0.000000
0.000000
0.000000
0.000000
0.000000
0.000000
0.000000
0.000000
0.000000
0.000000
0.000000
0.000000
0.000000
