1112.000000
747.000000
663.000000
608.000000
-229.000000
-1259.000000
-692.000000
-182.000000
-411.000000
-314.000000
-1259.000000
-388.000000
-856.000000
-923.000000
-393.000000
-494.000000
-498.000000
-297.000000
-174.000000
-139.000000
-131.000000
-123.000000
-107.000000
-119.000000
-133.000000
-117.000000
-117.000000
-123.000000
-130.000000
-122.000000
-121.000000
-128.000000
-127.000000
-127.000000
-127.000000
-127.000000
-127.000000
-127.000000
-127.000000
-126.000000
-126.000000
-126.000000
-119.000000
-126.000000
-126.000000
-126.000000
-119.000000
-126.000000
-126.000000
-126.000000
-126.000000
-118.000000
-125.000000
-118.000000
-125.000000
-125.000000
-125.000000
-125.000000
-125.000000
-125.000000
-125.000000
-125.000000
-125.000000
-125.000000
-125.000000
-124.000000
-124.000000
-124.000000
-124.000000
-124.000000
-124.000000
-124.000000
-124.000000
-117.000000
-117.000000
-124.000000
-117.000000
-124.000000
-116.000000
-124.000000
-124.000000
-123.000000
-123.000000
-123.000000
-123.000000
-123.000000
-123.000000
-123.000000
-123.000000
-123.000000
-123.000000
-123.000000
-123.000000
-123.000000
-116.000000
-123.000000
-123.000000
-123.000000
-123.000000
-123.000000
-115.000000
-123.000000
-122.000000
-122.000000
-122.000000
-122.000000
-122.000000
-122.000000
-122.000000
-122.000000
-122.000000
-115.000000
-122.000000
-114.000000
-114.000000
-121.000000
-121.000000
-121.000000
-121.000000
-121.000000
-121.000000
-121.000000
-121.000000
-121.000000
-121.000000
-121.000000
-121.000000
-121.000000
-121.000000
-121.000000
-121.000000
-114.000000
-121.000000
-121.000000
-121.000000
-121.000000
-121.000000
-121.000000
-121.000000
-121.000000
-121.000000
-121.000000
-121.000000
-121.000000
-121.000000
-120.000000
-120.000000
-120.000000
-120.000000
-120.000000
-120.000000
-120.000000
-120.000000
-120.000000
-120.000000
-120.000000
-120.000000
-120.000000
-120.000000
-120.000000
-113.000000
-120.000000
-120.000000
-120.000000
-120.000000
-120.000000
-120.000000
-120.000000
-120.000000
-120.000000
-120.000000
-120.000000
-120.000000
-120.000000
-120.000000
-120.000000
-120.000000
-120.000000
-120.000000
-120.000000
-120.000000
-120.000000
-120.000000
-120.000000
-120.000000
-120.000000
-120.000000
-120.000000
-120.000000
-120.000000
-120.000000
-120.000000
-120.000000
-120.000000
-120.000000
-120.000000
-120.000000
-120.000000
-120.000000
-120.000000
-120.000000
-120.000000
-120.000000
-120.000000
-120.000000
-120.000000
-120.000000
-120.000000
-120.000000
-120.000000
-120.000000
-120.000000
-120.000000
-120.000000
-120.000000
-120.000000
-120.000000
-120.000000
-120.000000
-120.000000
-120.000000
-120.000000
-120.000000
-120.000000
-128.000000
-120.000000
-113.000000
-120.000000
-112.000000
-118.000000
-110.000000
-103.000000
-117.000000
-109.000000
-116.000000
-109.000000
-116.000000
-116.000000
-116.000000
-116.000000
-116.000000
-116.000000
-116.000000
-116.000000
-116.000000
-116.000000
-116.000000
-116.000000
-116.000000
-116.000000
-116.000000
-123.000000
-116.000000
-116.000000
-116.000000
-107.000000
-76.000000
-73.000000
-70.000000
-59.000000
-70.000000
-68.000000
-89.000000
-96.000000
-96.000000
-96.000000
-111.000000
-97.000000
-97.000000
-89.000000
-74.000000
-57.000000
-39.000000
-11.000000
24.000000
63.000000
90.000000
102.000000
92.000000
81.000000
90.000000
91.000000
83.000000
68.000000
43.000000
30.000000
31.000000
9.000000
17.000000
17.000000
17.000000
18.000000
18.000000
18.000000
18.000000
18.000000
18.000000
18.000000
18.000000
25.000000
18.000000
18.000000
18.000000
18.000000
18.000000
25.000000
18.000000
34.000000
28.000000
19.000000
111.000000
60.000000
110.000000
110.000000
101.000000
45.000000
52.000000
52.000000
52.000000
52.000000
52.000000
52.000000
52.000000
52.000000
52.000000
52.000000
52.000000
52.000000
52.000000
52.000000
52.000000
52.000000
52.000000
52.000000
52.000000
52.000000
52.000000
52.000000
52.000000
52.000000
52.000000
52.000000
52.000000
52.000000
52.000000
52.000000
52.000000
52.000000
52.000000
52.000000
52.000000
52.000000
52.000000
52.000000
52.000000
52.000000
52.000000
52.000000
52.000000
52.000000
52.000000
52.000000
52.000000
52.000000
52.000000
52.000000
52.000000
52.000000
52.000000
52.000000
52.000000
52.000000
52.000000
52.000000
52.000000
52.000000
52.000000
52.000000
52.000000
52.000000
52.000000
52.000000
52.000000
52.000000
52.000000
52.000000
52.000000
52.000000
52.000000
52.000000
52.000000
52.000000
52.000000
52.000000
52.000000
52.000000
52.000000
52.000000
52.000000
52.000000
52.000000
52.000000
52.000000
52.000000
52.000000
52.000000
52.000000
52.000000
52.000000
52.000000
52.000000
52.000000
52.000000
52.000000
52.000000
52.000000
52.000000
52.000000
52.000000
52.000000
52.000000
52.000000
52.000000
52.000000
52.000000
52.000000
52.000000
52.000000
52.000000
52.000000
52.000000
52.000000
52.000000
52.000000
52.000000
52.000000
52.000000
52.000000
52.000000
52.000000
52.000000
52.000000
52.000000
52.000000
52.000000
52.000000
52.000000
52.000000
52.000000
52.000000
52.000000
52.000000
52.000000
52.000000
52.000000
52.000000
52.000000
52.000000
52.000000
52.000000
52.000000
52.000000
52.000000
52.000000
52.000000
52.000000
52.000000
52.000000
52.000000
52.000000
52.000000
52.000000
52.000000
52.000000
52.000000
52.000000
52.000000
52.000000
52.000000
52.000000
52.000000
52.000000
52.000000
52.000000
52.000000
52.000000
52.000000
52.000000
52.000000
52.000000
52.000000
52.000000
52.000000
52.000000
52.000000
52.000000
52.000000
52.000000
52.000000
52.000000
52.000000
52.000000
52.000000
52.000000
52.000000
52.000000
52.000000
52.000000
52.000000
52.000000
52.000000
52.000000
52.000000
52.000000
52.000000
52.000000
52.000000
52.000000
52.000000
52.000000
52.000000
52.000000
52.000000
52.000000
52.000000
52.000000
52.000000
52.000000
52.000000
52.000000
52.000000
52.000000
52.000000
52.000000
52.000000
52.000000
52.000000
52.000000
52.000000
52.000000
52.000000
52.000000
52.000000
52.000000
52.000000
52.000000
52.000000
52.000000
52.000000
52.000000
52.000000
52.000000
52.000000
52.000000
52.000000
52.000000
52.000000
52.000000
52.000000
52.000000
52.000000
52.000000
52.000000
52.000000
52.000000
52.000000
52.000000
52.000000
52.000000
52.000000
52.000000
52.000000
52.000000
52.000000
52.000000
52.000000
52.000000
52.000000
52.000000
52.000000
52.000000
52.000000
52.000000
52.000000
52.000000
52.000000
52.000000
52.000000
52.000000
52.000000
52.000000
52.000000
52.000000
52.000000
52.000000
52.000000
52.000000
52.000000
52.000000
52.000000
52.000000
52.000000
52.000000
52.000000
52.000000
52.000000
52.000000
52.000000
52.000000
52.000000
52.000000
52.000000
52.000000
52.000000
52.000000
52.000000
52.000000
52.000000
52.000000
52.000000
52.000000
52.000000
52.000000
52.000000
52.000000
52.000000
52.000000
52.000000
52.000000
52.000000
52.000000
52.000000
52.000000
52.000000
52.000000
52.000000
52.000000
52.000000
52.000000
52.000000
52.000000
52.000000
52.000000
52.000000
52.000000
52.000000
52.000000
52.000000
52.000000
52.000000
52.000000
52.000000
52.000000
52.000000
52.000000
52.000000
52.000000
52.000000
52.000000
52.000000
52.000000
52.000000
52.000000
52.000000
52.000000
52.000000
52.000000
52.000000
52.000000
52.000000
52.000000
52.000000
52.000000
52.000000
52.000000
52.000000
52.000000
52.000000
52.000000
52.000000
52.000000
52.000000
52.000000
52.000000
52.000000
52.000000
52.000000
52.000000
52.000000
52.000000
52.000000
52.000000
52.000000
52.000000
52.000000
52.000000
52.000000
52.000000
52.000000
52.000000
52.000000
52.000000
52.000000
52.000000
52.000000
52.000000
52.000000
52.000000
52.000000
52.000000
52.000000
52.000000
52.000000
52.000000
52.000000
52.000000
52.000000
52.000000
52.000000
52.000000
52.000000
52.000000
52.000000
52.000000
52.000000
52.000000
52.000000
52.000000
52.000000
52.000000
52.000000
52.000000
52.000000
52.000000
52.000000
52.000000
52.000000
52.000000
52.000000
52.000000
52.000000
52.000000
52.000000
52.000000
52.000000
52.000000
52.000000
52.000000
52.000000
52.000000
52.000000
52.000000
52.000000
52.000000
52.000000
52.000000
52.000000
52.000000
52.000000
52.000000
52.000000
52.000000
52.000000
52.000000
52.000000
52.000000
52.000000
52.000000
52.000000
52.000000
52.000000
52.000000
52.000000
52.000000
52.000000
52.000000
52.000000
52.000000
52.000000
52.000000
52.000000
52.000000
52.000000
52.000000
52.000000
52.000000
52.000000
52.000000
52.000000
52.000000
52.000000
52.000000
52.000000
52.000000
52.000000
52.000000
52.000000
52.000000
52.000000
52.000000
52.000000
52.000000
52.000000
52.000000
52.000000
52.000000
52.000000
52.000000
52.000000
52.000000
52.000000
52.000000
52.000000
52.000000
52.000000
52.000000
52.000000
52.000000
52.000000
52.000000
52.000000
52.000000
52.000000
52.000000
52.000000
52.000000
52.000000
52.000000
52.000000
52.000000
52.000000
52.000000
52.000000
52.000000
52.000000
52.000000
52.000000
52.000000
52.000000
52.000000
52.000000
52.000000
52.000000
52.000000
52.000000
52.000000
52.000000
52.000000
52.000000
52.000000
21.000000
26.000000
10.000000
-15.000000
-58.000000
-104.000000
-123.000000
-120.000000
-108.000000
-117.000000
-126.000000
-112.000000
-134.000000
-112.000000
-125.000000
-139.000000
-122.000000
-149.000000
-125.000000
-123.000000
-149.000000
-139.000000
-99.000000
-153.000000
-120.000000
-123.000000
-118.000000
-120.000000
-144.000000
-145.000000
-140.000000
-142.000000
-122.000000
-131.000000
-125.000000
-126.000000
-142.000000
-151.000000
-145.000000
-124.000000
-117.000000
-147.000000
-125.000000
-148.000000
-119.000000
-141.000000
-127.000000
-113.000000
-99.000000
-129.000000
-145.000000
-168.000000
-147.000000
-163.000000
-142.000000
-157.000000
-114.000000
-122.000000
-144.000000
-158.000000
-142.000000
-141.000000
-36.000000
-105.000000
-96.000000
-109.000000
-122.000000
-114.000000
-120.000000
-112.000000
-104.000000
-95.000000
-101.000000
-107.000000
-114.000000
-114.000000
-99.000000
-114.000000
-113.000000
-106.000000
-121.000000
-84.000000
-68.000000
-102.000000
-116.000000
-144.000000
-113.000000
-91.000000
-68.000000
-111.000000
-118.000000
-80.000000
-87.000000
-87.000000
-122.000000
-78.000000
-93.000000
-85.000000
-99.000000
-113.000000
-83.000000
-61.000000
-82.000000
-97.000000
-97.000000
-97.000000
-97.000000
-97.000000
-97.000000
-97.000000
-97.000000
-97.000000
-97.000000
-97.000000
-97.000000
-97.000000
-97.000000
-97.000000
-99.000000
-89.000000
-112.000000
-114.000000
-115.000000
-153.000000
-135.000000
-146.000000
-120.000000
-138.000000
-112.000000
-136.000000
-167.000000
-139.000000
-163.000000
-128.000000
-14.000000
-106.000000
-165.000000
-146.000000
-147.000000
-157.000000
-114.000000
-136.000000
-144.000000
-137.000000
-123.000000
-175.000000
-140.000000
-126.000000
-127.000000
-157.000000
-187.000000
-124.000000
-140.000000
-127.000000
-152.000000
-169.000000
-215.000000
-158.000000
-159.000000
-168.000000
-153.000000
-136.000000
-120.000000
-126.000000
-57.000000
-72.000000
-112.000000
-124.000000
-123.000000
-121.000000
-112.000000
-118.000000
-115.000000
-77.000000
-90.000000
-118.000000
-81.000000
-102.000000
-115.000000
-100.000000
-70.000000
-98.000000
-60.000000
-73.000000
-102.000000
-79.000000
-114.000000
-63.000000
-91.000000
-69.000000
-68.000000
-46.000000
-88.000000
-103.000000
-117.000000
-88.000000
-102.000000
-102.000000
-102.000000
-102.000000
-102.000000
-102.000000
-102.000000
-102.000000
-102.000000
-102.000000
-102.000000
-102.000000
-102.000000
-102.000000
-102.000000
-102.000000
-102.000000
-102.000000
-102.000000
-102.000000
-102.000000
-102.000000
-102.000000
-102.000000
-102.000000
-102.000000
-102.000000
-102.000000
-102.000000
-102.000000
-102.000000
-102.000000
-102.000000
-102.000000
-102.000000
-102.000000
-102.000000
-102.000000
-102.000000
-102.000000
-102.000000
-102.000000
-102.000000
-102.000000
-102.000000
-102.000000
-102.000000
-102.000000
-102.000000
-102.000000
-102.000000
-102.000000
-479.000000
-118.000000
0.000000
0.000000
0.000000
0.000000
0.000000
0.000000
0.000000
0.000000
0.000000
0.000000
0.000000
0.000000
0.000000
0.000000
0.000000
0.000000
0.000000
0.000000
0.000000
0.000000
0.000000
0.000000
0.000000
0.000000
0.000000
0.000000
0.000000
0.000000
0.000000
0.000000
0.000000
0.000000
0.000000
0.000000
0.000000
0.000000
0.000000
0.000000
0.000000
0.000000
0.000000
0.000000
0.000000
0.000000
0.000000
0.000000
0.000000
0.000000
0.000000
0.000000
0.000000
0.000000
0.000000
0.000000
0.000000
0.000000
0.000000
0.000000
0.000000
0.000000
0.000000
0.000000
0.000000
0.000000
0.000000
0.000000
0.000000
0.000000
0.000000
0.000000
0.000000
0.000000
0.000000
0.000000
0.000000
0.000000
0.000000
0.000000
0.000000
0.000000
0.000000
0.000000
0.000000
0.000000
0.000000
0.000000
0.000000
0.000000
0.000000
0.000000
0.000000
0.000000
0.000000
0.000000
0.000000
0.000000
0.000000
0.000000
0.000000
0.000000
0.000000
0.000000
0.000000
0.000000
0.000000
0.000000
0.000000
0.000000
0.000000
0.000000
0.000000
0.000000
0.000000
0.000000
0.000000
0.000000
0.000000
0.000000
0.000000
0.000000
0.000000
0.000000
0.000000
0.000000
0.000000
0.000000
0.000000
0.000000
0.000000
0.000000
0.000000
0.000000
0.000000
0.000000
0.000000
0.000000
0.000000
0.000000
0.000000
0.000000
0.000000
0.000000
0.000000
0.000000
0.000000
0.000000
0.000000
0.000000
0.000000
0.000000
0.000000
0.000000
0.000000
0.000000
0.000000
0.000000
0.000000
0.000000
0.000000
0.000000
0.000000
0.000000
0.000000
0.000000
0.000000
0.000000
0.000000
0.000000
0.000000
0.000000
0.000000
0.000000
0.000000
0.000000
0.000000
0.000000
0.000000
0.000000
0.000000
0.000000
0.000000
0.000000
0.000000
0.000000
0.000000
0.000000
0.000000
0.000000
0.000000
0.000000
0.000000
0.000000
0.000000
0.000000
0.000000
0.000000
0.000000
0.000000
0.000000
0.000000
0.000000
0.000000
0.000000
0.000000
0.000000
0.000000
0.000000
0.000000
0.000000
0.000000
0.000000
0.000000
0.000000
0.000000
0.000000
0.000000
0.000000
0.000000
0.000000
0.000000
0.000000
0.000000
0.000000
0.000000
0.000000
0.000000
0.000000
0.000000
0.000000
0.000000
0.000000
0.000000
0.000000
0.000000
0.000000
0.000000
0.000000
0.000000
0.000000
0.000000
0.000000
0.000000
0.000000
0.000000
0.000000
0.000000
0.000000
0.000000
0.000000
0.000000
0.000000
0.000000
0.000000
0.000000
0.000000
0.000000
0.000000
0.000000
0.000000
0.000000
0.000000
0.000000
0.000000
0.000000
0.000000
0.000000
0.000000
0.000000
0.000000
0.000000
0.000000
0.000000
0.000000
0.000000
0.000000
0.000000
0.000000
0.000000
0.000000
0.000000
0.000000
0.000000
0.000000
0.000000
0.000000
0.000000
0.000000
0.000000
0.000000
0.000000
0.000000
0.000000
0.000000
0.000000
0.000000
0.000000
0.000000
0.000000
0.000000
0.000000
0.000000
0.000000
0.000000
0.000000
0.000000
0.000000
0.000000
0.000000
0.000000
0.000000
0.000000
0.000000
0.000000
0.000000
0.000000
0.000000
0.000000
0.000000
0.000000
0.000000
0.000000
0.000000
0.000000
0.000000
0.000000
0.000000
0.000000
0.000000
0.000000
0.000000
0.000000
0.000000
0.000000
0.000000
0.000000
0.000000
0.000000
0.000000
0.000000
0.000000
0.000000
0.000000
0.000000
0.000000
0.000000
0.000000
0.000000
0.000000
0.000000
0.000000
0.000000
0.000000
0.000000
0.000000
0.000000
0.000000
0.000000
0.000000
0.000000
0.000000
0.000000
0.000000
0.000000
0.000000
0.000000
0.000000
0.000000
0.000000
0.000000
0.000000
0.000000
0.000000
0.000000
0.000000
0.000000
0.000000
0.000000
0.000000
0.000000
0.000000
0.000000
0.000000
0.000000
0.000000
0.000000
0.000000
0.000000
0.000000
0.000000
0.000000
0.000000
0.000000
0.000000
0.000000
0.000000
0.000000
0.000000
0.000000
0.000000
0.000000
0.000000
0.000000
0.000000
0.000000
0.000000
0.000000
0.000000
0.000000
0.000000
0.000000
0.000000
0.000000
0.000000
0.000000
0.000000
0.000000
0.000000
0.000000
0.000000
0.000000
0.000000
0.000000
0.000000
0.000000
0.000000
0.000000
0.000000
0.000000
0.000000
0.000000
0.000000
0.000000
0.000000
0.000000
0.000000
0.000000
0.000000
0.000000
0.000000
0.000000
0.000000
0.000000
0.000000
0.000000
0.000000
0.000000
0.000000
0.000000
0.000000
0.000000
0.000000
0.000000
0.000000
0.000000
0.000000
0.000000
0.000000
0.000000
0.000000
0.000000
0.000000
0.000000
0.000000
0.000000
0.000000
0.000000
0.000000
0.000000
0.000000
0.000000
0.000000
0.000000
0.000000
0.000000
0.000000
0.000000
0.000000
0.000000
0.000000
0.000000
0.000000
0.000000
0.000000
0.000000
0.000000
0.000000
0.000000
0.000000
0.000000
0.000000
0.000000
0.000000
0.000000
0.000000
0.000000
0.000000
0.000000
0.000000
0.000000
0.000000
0.000000
0.000000
0.000000
0.000000
0.000000
0.000000
0.000000
0.000000
0.000000
0.000000
0.000000
0.000000
0.000000
0.000000
0.000000
0.000000
0.000000
0.000000
0.000000
0.000000
0.000000
0.000000
0.000000
0.000000
0.000000
0.000000
0.000000
0.000000
0.000000
0.000000
0.000000
0.000000
0.000000
0.000000
0.000000
0.000000
0.000000
0.000000
0.000000
0.000000
0.000000
0.000000
0.000000
0.000000
0.000000
0.000000
0.000000
0.000000
0.000000
0.000000
0.000000
0.000000
0.000000
0.000000
0.000000
0.000000
0.000000
0.000000
0.000000
0.000000
0.000000
0.000000
0.000000
0.000000
0.000000
0.000000
0.000000
0.000000
0.000000
0.000000
0.000000
0.000000
0.000000
0.000000
0.000000
0.000000
0.000000
0.000000
0.000000
0.000000
0.000000
0.000000
0.000000
0.000000
0.000000
0.000000
0.000000
0.000000
0.000000
0.000000
0.000000
0.000000
0.000000
0.000000
0.000000
0.000000
0.000000
0.000000
0.000000
0.000000
0.000000
0.000000
0.000000
0.000000
0.000000
0.000000
0.000000
0.000000
0.000000
0.000000
0.000000
0.000000
0.000000
0.000000
0.000000
0.000000
0.000000
0.000000
0.000000
0.000000
0.000000
0.000000
0.000000
0.000000
0.000000
0.000000
0.000000
0.000000
0.000000
0.000000
0.000000
0.000000
0.000000
0.000000
0.000000
0.000000
0.000000
0.000000
0.000000
0.000000
0.000000
0.000000
0.000000
0.000000
0.000000
0.000000
0.000000
0.000000
0.000000
0.000000
0.000000
0.000000
0.000000
0.000000
0.000000
0.000000
0.000000
0.000000
0.000000
0.000000
0.000000
0.000000
0.000000
0.000000
0.000000
0.000000
0.000000
0.000000
0.000000
0.000000
0.000000
0.000000
0.000000
0.000000
0.000000
0.000000
0.000000
0.000000
0.000000
0.000000
0.000000
0.000000
0.000000
0.000000
0.000000
0.000000
0.000000
0.000000
0.000000
0.000000
0.000000
0.000000
0.000000
0.000000
0.000000
0.000000
0.000000
0.000000
0.000000
0.000000
0.000000
0.000000
0.000000
0.000000
0.000000
0.000000
0.000000
0.000000
0.000000
0.000000
0.000000
0.000000
0.000000
0.000000
0.000000
0.000000
0.000000
0.000000
0.000000
0.000000
0.000000
0.000000
0.000000
0.000000
0.000000
0.000000
0.000000
0.000000
0.000000
0.000000
0.000000
0.000000
0.000000
0.000000
0.000000
0.000000
0.000000
0.000000
0.000000
0.000000
0.000000
0.000000
0.000000
0.000000
0.000000
0.000000
0.000000
0.000000
0.000000
0.000000
0.000000
0.000000
0.000000
0.000000
0.000000
0.000000
0.000000
0.000000
0.000000
0.000000
0.000000
0.000000
0.000000
0.000000
0.000000
0.000000
0.000000
0.000000
0.000000
0.000000
0.000000
0.000000
0.000000
0.000000
0.000000
0.000000
0.000000
0.000000
0.000000
0.000000
0.000000
0.000000
0.000000
0.000000
0.000000
0.000000
0.000000
0.000000
0.000000
0.000000
0.000000
0.000000
0.000000
0.000000
0.000000
0.000000
0.000000
0.000000
0.000000
0.000000
0.000000
0.000000
0.000000
0.000000
0.000000
0.000000
0.000000
0.000000
0.000000
0.000000
0.000000
0.000000
0.000000
0.000000
0.000000
0.000000
0.000000
0.000000
0.000000
0.000000
0.000000
0.000000
0.000000
0.000000
0.000000
0.000000
0.000000
0.000000
0.000000
0.000000
0.000000
0.000000
0.000000
0.000000
0.000000
0.000000
0.000000
0.000000
0.000000
0.000000
0.000000
0.000000
0.000000
0.000000
0.000000
0.000000
0.000000
0.000000
0.000000
0.000000
0.000000
0.000000
0.000000
0.000000
0.000000
0.000000
0.000000
0.000000
0.000000
0.000000
0.000000
0.000000
0.000000
0.000000
0.000000
0.000000
0.000000
0.000000
0.000000
0.000000
0.000000
0.000000
0.000000
0.000000
0.000000
0.000000
0.000000
0.000000
0.000000
0.000000
0.000000
0.000000
0.000000
0.000000
0.000000
0.000000
0.000000
0.000000
0.000000
0.000000
0.000000
0.000000
0.000000
0.000000
0.000000
0.000000
0.000000
0.000000
0.000000
0.000000
0.000000
0.000000
0.000000
0.000000
0.000000
0.000000
0.000000
0.000000
0.000000
0.000000
0.000000
0.000000
0.000000
0.000000
0.000000
0.000000
0.000000
0.000000
0.000000
0.000000
0.000000
0.000000
0.000000
0.000000
0.000000
0.000000
0.000000
0.000000
0.000000
0.000000
0.000000
0.000000
0.000000
0.000000
0.000000
0.000000
0.000000
0.000000
0.000000
0.000000
0.000000
0.000000
0.000000
0.000000
0.000000
0.000000
0.000000
0.000000
0.000000
0.000000
0.000000
0.000000
0.000000
0.000000
0.000000
0.000000
0.000000
0.000000
0.000000
0.000000
0.000000
0.000000
0.000000
0.000000
0.000000
0.000000
0.000000
0.000000
0.000000
0.000000
0.000000
0.000000
0.000000
0.000000
0.000000
0.000000
0.000000
0.000000
0.000000
0.000000
0.000000
0.000000
0.000000
0.000000
0.000000
0.000000
0.000000
0.000000
0.000000
0.000000
0.000000
0.000000
0.000000
0.000000
0.000000
0.000000
0.000000
0.000000
0.000000
0.000000
0.000000
0.000000
0.000000
0.000000
0.000000
0.000000
0.000000
0.000000
0.000000
0.000000
0.000000
0.000000
0.000000
0.000000
0.000000
0.000000
0.000000
0.000000
0.000000
0.000000
0.000000
0.000000
0.000000
0.000000
0.000000
0.000000
0.000000
0.000000
0.000000
0.000000
0.000000
0.000000
0.000000
0.000000
0.000000
0.000000
0.000000
0.000000
0.000000
0.000000
0.000000
0.000000
0.000000
0.000000
0.000000
0.000000
0.000000
0.000000
0.000000
0.000000
0.000000
0.000000
0.000000
0.000000
0.000000
0.000000
0.000000
0.000000
0.000000
0.000000
0.000000
0.000000
0.000000
0.000000
0.000000
0.000000
0.000000
0.000000
0.000000
0.000000
0.000000
0.000000
0.000000
0.000000
0.000000
0.000000
0.000000
0.000000
0.000000
0.000000
0.000000
0.000000
0.000000
0.000000
0.000000
0.000000
0.000000
0.000000
0.000000
0.000000
0.000000
0.000000
0.000000
0.000000
0.000000
0.000000
0.000000
0.000000
0.000000
0.000000
0.000000
0.000000
0.000000
0.000000
0.000000
0.000000
0.000000
0.000000
0.000000
0.000000
0.000000
0.000000
0.000000
0.000000
0.000000
0.000000
0.000000
0.000000
0.000000
0.000000
0.000000
0.000000
0.000000
0.000000
0.000000
0.000000
0.000000
0.000000
0.000000
0.000000
0.000000
0.000000
0.000000
0.000000
0.000000
0.000000
0.000000
0.000000
0.000000
0.000000
0.000000
0.000000
0.000000
0.000000
0.000000
0.000000
0.000000
0.000000
0.000000
0.000000
0.000000
0.000000
0.000000
0.000000
0.000000
0.000000
0.000000
0.000000
0.000000
0.000000
0.000000
0.000000
0.000000
0.000000
0.000000
0.000000
0.000000
0.000000
0.000000
0.000000
0.000000
0.000000
0.000000
0.000000
0.000000
0.000000
0.000000
0.000000
0.000000
0.000000
0.000000
0.000000
0.000000
0.000000
0.000000
0.000000
0.000000
0.000000
0.000000
0.000000
0.000000
0.000000
0.000000
0.000000
0.000000
0.000000
0.000000
0.000000
0.000000
0.000000
0.000000
0.000000
0.000000
0.000000
0.000000
0.000000
0.000000
0.000000
0.000000
0.000000
0.000000
0.000000
0.000000
0.000000
0.000000
0.000000
0.000000
0.000000
0.000000
0.000000
0.000000
0.000000
0.000000
0.000000
0.000000
0.000000
0.000000
0.000000
0.000000
0.000000
0.000000
0.000000
0.000000
0.000000
0.000000
0.000000
0.000000
0.000000
0.000000
0.000000
0.000000
0.000000
0.000000
0.000000
0.000000
0.000000
0.000000
0.000000
0.000000
0.000000
0.000000
0.000000
0.000000
0.000000
0.000000
0.000000
0.000000
0.000000
0.000000
0.000000
0.000000
0.000000
0.000000
0.000000
0.000000
0.000000
0.000000
0.000000
0.000000
0.000000
0.000000
0.000000
0.000000
0.000000
0.000000
0.000000
0.000000
0.000000
0.000000
0.000000
0.000000
0.000000
0.000000
0.000000
0.000000
0.000000
0.000000
0.000000
0.000000
0.000000
0.000000
0.000000
0.000000
0.000000
0.000000
0.000000
0.000000
0.000000
0.000000
0.000000
0.000000
0.000000
0.000000
0.000000
0.000000
0.000000
0.000000
0.000000
0.000000
0.000000
0.000000
0.000000
0.000000
0.000000
0.000000
0.000000
0.000000
0.000000
0.000000
0.000000
0.000000
0.000000
0.000000
0.000000
0.000000
0.000000
0.000000
0.000000
0.000000
0.000000
0.000000
0.000000
0.000000
0.000000
0.000000
0.000000
0.000000
0.000000
0.000000
0.000000
0.000000
0.000000
0.000000
0.000000
0.000000
0.000000
0.000000
0.000000
0.000000
0.000000
0.000000
0.000000
0.000000
0.000000
0.000000
0.000000
0.000000
0.000000
0.000000
0.000000
0.000000
0.000000
0.000000
0.000000
0.000000
0.000000
0.000000
0.000000
0.000000
0.000000
0.000000
0.000000
0.000000
0.000000
0.000000
0.000000
0.000000
0.000000
0.000000
0.000000
0.000000
0.000000
0.000000
0.000000
0.000000
0.000000
0.000000
0.000000
0.000000
0.000000
0.000000
0.000000
0.000000
0.000000
0.000000
0.000000
0.000000
0.000000
0.000000
0.000000
0.000000
0.000000
0.000000
0.000000
0.000000
0.000000
0.000000
0.000000
0.000000
0.000000
0.000000
0.000000
0.000000
0.000000
0.000000
0.000000
0.000000
0.000000
0.000000
0.000000
0.000000
0.000000
0.000000
0.000000
0.000000
0.000000
0.000000
0.000000
0.000000
0.000000
0.000000
0.000000
0.000000
0.000000
0.000000
0.000000
0.000000
0.000000
0.000000
0.000000
0.000000
0.000000
0.000000
0.000000
0.000000
0.000000
0.000000
0.000000
0.000000
0.000000
0.000000
0.000000
0.000000
0.000000
0.000000
0.000000
0.000000
0.000000
0.000000
0.000000
0.000000
0.000000
0.000000
0.000000
0.000000
0.000000
0.000000
0.000000
0.000000
0.000000
0.000000
0.000000
0.000000
0.000000
0.000000
0.000000
0.000000
0.000000
0.000000
0.000000
0.000000
0.000000
0.000000
0.000000
0.000000
0.000000
0.000000
0.000000
0.000000
0.000000
0.000000
0.000000
0.000000
0.000000
0.000000
0.000000
0.000000
0.000000
0.000000
0.000000
0.000000
0.000000
0.000000
0.000000
0.000000
0.000000
0.000000
0.000000
0.000000
0.000000
0.000000
0.000000
0.000000
0.000000
0.000000
0.000000
0.000000
0.000000
0.000000
0.000000
0.000000
0.000000
0.000000
0.000000
0.000000
0.000000
0.000000
0.000000
0.000000
0.000000
0.000000
0.000000
0.000000
0.000000
0.000000
0.000000
0.000000
0.000000
0.000000
0.000000
0.000000
0.000000
0.000000
0.000000
0.000000
0.000000
0.000000
0.000000
0.000000
0.000000
0.000000
0.000000
0.000000
0.000000
0.000000
0.000000
0.000000
0.000000
0.000000
0.000000
0.000000
0.000000
0.000000
0.000000
0.000000
0.000000
0.000000
0.000000
0.000000
0.000000
0.000000
0.000000
0.000000
0.000000
0.000000
0.000000
0.000000
0.000000
0.000000
0.000000
0.000000
0.000000
0.000000
0.000000
0.000000
0.000000
0.000000
0.000000
0.000000
0.000000
0.000000
0.000000
0.000000
0.000000
0.000000
0.000000
0.000000
0.000000
0.000000
0.000000
0.000000
0.000000
0.000000
0.000000
0.000000
0.000000
0.000000
0.000000
0.000000
0.000000
0.000000
0.000000
0.000000
0.000000
0.000000
0.000000
0.000000
0.000000
0.000000
0.000000
0.000000
0.000000
0.000000
0.000000
0.000000
0.000000
0.000000
0.000000
0.000000
0.000000
0.000000
0.000000
0.000000
0.000000
0.000000
0.000000
0.000000
0.000000
0.000000
0.000000
0.000000
0.000000
0.000000
0.000000
0.000000
0.000000
0.000000
0.000000
0.000000
0.000000
0.000000
0.000000
0.000000
0.000000
0.000000
0.000000
0.000000
0.000000
0.000000
0.000000
0.000000
0.000000
0.000000
0.000000
0.000000
0.000000
0.000000
0.000000
0.000000
0.000000
0.000000
0.000000
0.000000
0.000000
0.000000
0.000000
0.000000
0.000000
0.000000
0.000000
0.000000
0.000000
0.000000
0.000000
0.000000
0.000000
0.000000
0.000000
0.000000
0.000000
0.000000
0.000000
0.000000
0.000000
0.000000
0.000000
0.000000
0.000000
0.000000
0.000000
0.000000
0.000000
0.000000
0.000000
0.000000
0.000000
0.000000
0.000000
0.000000
0.000000
0.000000
0.000000
0.000000
0.000000
0.000000
0.000000
0.000000
0.000000
0.000000
0.000000
0.000000
0.000000
0.000000
0.000000
0.000000
0.000000
0.000000
0.000000
0.000000
0.000000
0.000000
0.000000
0.000000
0.000000
0.000000
0.000000
0.000000
0.000000
0.000000
0.000000
0.000000
0.000000
0.000000
0.000000
0.000000
0.000000
0.000000
0.000000
0.000000
0.000000
0.000000
0.000000
0.000000
0.000000
0.000000
0.000000
0.000000
0.000000
0.000000
0.000000
0.000000
0.000000
0.000000
0.000000
0.000000
0.000000
0.000000
0.000000
0.000000
0.000000
0.000000
0.000000
0.000000
0.000000
0.000000
0.000000
0.000000
0.000000
0.000000
0.000000
0.000000
0.000000
0.000000
0.000000
0.000000
0.000000
0.000000
0.000000
0.000000
0.000000
0.000000
0.000000
0.000000
0.000000
0.000000
0.000000
0.000000
0.000000
0.000000
0.000000
0.000000
0.000000
0.000000
0.000000
0.000000
0.000000
0.000000
0.000000
0.000000
0.000000
0.000000
0.000000
0.000000
0.000000
0.000000
0.000000
0.000000
0.000000
0.000000
0.000000
0.000000
0.000000
0.000000
0.000000
0.000000
0.000000
0.000000
0.000000
0.000000
0.000000
0.000000
0.000000
0.000000
0.000000
0.000000
0.000000
0.000000
0.000000
0.000000
0.000000
0.000000
0.000000
0.000000
0.000000
0.000000
0.000000
0.000000
0.000000
0.000000
0.000000
0.000000
0.000000
0.000000
0.000000
0.000000
0.000000
0.000000
0.000000
0.000000
0.000000
0.000000
0.000000
0.000000
0.000000
0.000000
0.000000
0.000000
0.000000
0.000000
0.000000
0.000000
0.000000
0.000000
0.000000
0.000000
0.000000
0.000000
0.000000
0.000000
0.000000
0.000000
0.000000
0.000000
0.000000
0.000000
0.000000
0.000000
0.000000
0.000000
0.000000
0.000000
0.000000
0.000000
0.000000
0.000000
0.000000
0.000000
0.000000
0.000000
0.000000
