0.565889
0.575934
0.552495
0.552495
0.565889
0.592677
0.596025
0.616116
0.612767
0.606071
0.602722
0.626161
0.626161
0.629510
0.646252
0.659646
0.693130
0.709873
0.713221
0.706524
0.693130
0.709873
0.375027
0.308058
0.170771
0.110499
0.063621
0.023439
0.016742
0.013394
0.000000
-0.050227
-0.117196
-0.194210
-0.271225
-0.348239
-0.391769
-0.455390
-0.498920
-0.545798
-0.592677
-0.609419
-0.639555
-0.716570
-0.763448
-0.810326
-0.823720
-0.843811
-0.880644
-0.890689
-0.910780
-0.904083
-0.813675
-0.696479
-0.602722
-0.515662
-0.418557
-0.351588
-0.311406
-0.304709
-0.267876
-0.244437
-0.214301
-0.220998
-0.214301
-0.237740
-0.251134
-0.277922
-0.281270
-0.298013
-0.281270
-0.308058
-0.308058
-0.341543
-0.351588
-0.375027
-0.395118
-0.405163
-0.415209
-0.435299
-0.438648
-0.441996
-0.431951
-0.428602
-0.428602
-0.441996
-0.418557
-0.415209
-0.415209
-0.421905
-0.445345
-0.438648
-0.448693
-0.465435
-0.482178
-0.498920
-0.485526
-0.502268
-0.498920
-0.505617
-0.542450
-1.171960
-1.171960
-1.168611
-1.202096
-1.222186
-1.192050
-1.205444
-1.215490
-1.188702
-1.235580
-1.238929
-1.235580
-1.265716
-1.238929
-1.238929
-1.232232
-1.215490
-1.252323
-1.272413
-1.262368
-1.299201
-1.252323
-1.262368
-1.289156
-1.275762
-1.292504
-1.289156
-1.349428
-1.322640
-1.332685
-1.336034
-1.336034
-1.319292
-1.329337
-1.352776
-1.346079
-1.319292
-1.349428
-1.359473
-1.366170
-1.376215
-1.359473
-1.403003
-1.366170
-1.376215
-1.342731
-1.362822
-1.389609
-1.369519
-1.416397
-1.379564
-1.369519
-1.386261
-1.376215
-1.416397
-1.406351
-1.469972
-1.483366
-1.423094
-1.449881
-1.446533
-1.490063
-1.453230
-1.500108
-1.449881
-1.480018
-1.486714
-1.483366
-1.500108
-1.543638
-1.580471
-1.624001
-1.650789
-1.711061
-1.707713
-1.801469
-1.620653
-1.496760
-1.443184
-1.433139
-1.480018
-1.453230
-1.463275
-1.456578
-1.503457
-1.496760
-1.506805
-1.510154
-1.516851
-1.503457
-1.506805
-1.520199
-1.543638
-1.543638
-1.500108
-1.577123
-1.543638
-1.563729
-1.536942
-1.543638
-1.550335
-1.493411
-1.543638
-1.540290
-1.546987
-1.530244
-1.590517
-1.583820
-1.567077
-1.567077
-1.583820
-1.567077
-1.553684
-1.530244
-1.557032
-1.520199
-1.540290
-1.590517
-1.634047
-1.610608
-1.523548
-1.570426
-1.593865
-1.593865
-1.567077
-1.590517
-1.546987
-1.590517
-1.583820
-1.644092
-1.610608
-1.677577
-1.597213
-1.650789
-1.583820
-1.613956
-1.637395
-1.620653
-1.600562
-1.573774
-1.613956
-1.630698
-1.674228
-1.680925
-1.657486
-1.620653
-1.660834
-1.617304
-1.657486
-1.587168
-1.603910
-1.262368
-1.279110
-1.289156
-1.235580
-1.218838
-1.265716
-1.225535
-1.024628
-0.887341
-0.696479
-0.498920
-0.455390
-0.666343
-1.098294
-1.188702
-1.148520
-1.068158
-0.961007
-0.817023
-0.649601
-0.462087
-0.287967
-0.294664
-0.371679
-0.760100
-0.894038
-0.860553
-0.793584
-0.796933
-0.770145
-0.709873
-0.606071
-0.549147
-0.498920
-0.565889
-0.592677
-0.592677
-0.559192
-0.529056
-0.512314
-0.495571
-0.445345
-0.435299
-0.388421
-0.354936
-0.338194
-0.318103
-0.311406
-0.281270
-0.261180
-0.234392
-0.214301
-0.197559
-0.174120
-0.154029
-0.130590
-0.107151
-0.083711
-0.060272
-0.036833
-0.013394
0.003348
0.016742
0.036833
0.046878
0.066969
0.087060
0.093757
0.120544
0.137287
0.150681
0.164074
0.177468
0.194210
0.204256
0.217650
0.231043
0.247786
0.251134
0.277922
0.277922
0.308058
0.308058
0.334846
0.328149
0.063621
0.177468
0.227695
0.217650
0.190862
0.180817
0.167423
0.140635
0.120544
0.097105
0.060272
0.036833
0.000000
-0.016742
-0.056924
-0.056924
-0.080363
-0.090408
-0.100454
-0.097105
-0.107151
-0.103802
-0.110499
-0.113848
-0.120544
-0.133938
-0.150681
-0.174120
-0.180817
-0.200907
-0.210953
-0.234392
-0.241089
-0.264528
-0.271225
-0.287967
-0.291316
-0.301361
-0.331497
-0.338194
-0.341543
-0.351588
-0.364982
-0.375027
-0.405163
-0.398466
-0.421905
-0.425254
-0.448693
-0.455390
-0.452042
-0.475481
-0.472132
-0.462087
-0.482178
-0.502268
-0.498920
-0.515662
-0.522359
-0.539101
-0.532404
-0.552495
-0.569238
-0.602722
-0.602722
-0.599374
-0.616116
-0.629510
-0.629510
-0.639555
-0.656297
-0.662994
-0.689782
-0.686433
-0.703176
-0.693130
-0.686433
-0.679737
-0.719918
-0.740009
-0.723267
-0.743357
-0.753403
-0.740009
-0.780190
-0.448693
-0.549147
-0.545798
-0.482178
-0.452042
-0.311406
-0.220998
-0.294664
-0.418557
-0.519011
-0.485526
-0.455390
-0.445345
-0.415209
-0.401815
-0.378376
-0.354936
-0.321452
-0.287967
-0.267876
-0.254483
-0.227695
-0.210953
-0.190862
-0.160726
-0.157377
-0.130590
-0.117196
-0.093757
-0.080363
-0.056924
-0.033485
-0.003348
0.013394
0.040181
0.060272
0.070318
0.093757
0.103802
0.130590
0.137287
0.154029
0.164074
0.184165
0.207604
0.214301
0.224347
0.241089
0.247786
0.261180
0.264528
0.291316
0.304709
0.308058
0.328149
0.324800
0.338194
0.358285
0.371679
0.378376
0.388421
0.395118
0.428602
0.415209
0.428602
0.465435
0.465435
0.465435
0.495571
0.508965
0.498920
0.498920
0.519011
0.565889
0.559192
0.575934
0.575934
0.575934
0.585980
0.602722
0.619464
0.629510
0.656297
0.652949
0.649601
0.686433
0.673040
0.679737
0.696479
0.713221
0.729963
0.746706
0.736660
0.766796
0.756751
0.806978
0.773493
0.806978
0.823720
0.803629
0.803630
0.833766
0.823720
0.860553
0.873947
0.924174
0.930871
0.987795
0.920825
0.947613
0.900735
0.924174
0.920825
0.934219
0.964355
0.930871
0.961007
0.950961
0.997840
0.964355
0.967704
0.981098
0.971052
0.997840
1.031325
1.007885
1.024627
1.041370
1.051415
1.048067
1.041370
1.064809
1.068158
1.088248
1.091597
1.058112
1.084900
1.084900
1.115036
1.104990
1.098294
1.084900
1.108339
1.138475
1.128430
1.108339
1.138475
1.138475
1.141824
1.155217
1.161914
1.208793
1.205444
1.225535
1.238929
1.232232
1.248974
1.242277
1.265716
1.235580
1.255671
1.289156
1.289156
1.252323
1.295852
1.255671
1.279110
1.265716
1.235580
1.282459
1.292504
1.302549
1.289156
1.282459
1.325989
1.329337
1.319292
1.312595
1.319292
1.329337
1.319292
1.325989
1.325989
1.336034
1.339382
1.342731
1.369519
1.366170
1.403003
1.416397
1.446533
1.476669
1.503457
1.433139
1.359473
1.419745
1.413049
1.426442
1.433139
1.429791
1.409700
1.396306
1.469972
1.476669
1.510154
1.413049
1.436488
1.463275
1.433139
1.456578
1.456578
1.469972
1.449881
1.473321
1.480018
1.473321
1.506805
1.553684
1.536941
1.530244
1.513502
1.516851
1.500108
1.496760
1.513502
1.540290
1.510154
1.513502
1.520199
1.587168
1.600562
1.526896
1.536942
1.557032
1.580471
1.550335
1.563729
1.567077
1.593865
1.523547
1.563729
1.543638
1.593865
1.597213
1.603910
1.607259
1.603910
1.607259
1.620653
1.617304
1.593865
1.620653
1.603910
1.677577
1.610608
1.613956
1.624001
1.634047
1.630698
1.613956
1.620653
1.650789
1.664183
1.644092
1.630698
1.617304
1.684273
1.751243
1.707713
1.660834
1.670879
1.724455
1.687622
1.704364
1.674228
1.680925
1.741197
1.781379
1.734500
1.667531
1.677577
1.731152
1.684273
1.667531
1.704364
1.677577
1.731152
1.697667
1.701016
1.734500
1.771333
1.844999
1.744546
1.690970
1.721106
1.734500
1.757939
1.737849
1.788076
1.824908
1.838302
1.868438
1.754591
1.757940
1.754591
1.697667
1.754591
1.714409
1.767985
1.694319
1.754591
1.841651
1.848348
1.818211
1.754591
1.767985
1.801469
1.781379
1.757939
1.761288
1.824908
1.834954
1.798121
1.858393
1.791424
1.808166
1.788076
1.811515
1.804818
1.771333
1.784727
1.754591
1.868438
1.841651
1.871787
1.848348
1.831606
1.767985
1.818212
1.804818
1.855045
1.861742
1.831606
1.865090
1.844999
1.824908
1.798121
1.858393
1.821560
1.858393
1.821560
1.834954
1.801469
1.858393
1.925362
1.875135
1.918665
1.885181
1.885181
1.878484
1.798121
1.898575
1.875135
1.891878
1.881832
1.858393
1.861742
1.861742
1.911968
1.871787
1.871787
1.841651
1.834954
1.915317
1.922014
1.905272
1.891878
1.935408
1.908620
1.935408
1.901923
1.925362
1.945453
1.898575
1.938756
1.895226
1.925362
1.908620
1.871787
1.932059
1.868438
1.962195
1.901923
1.968892
1.911968
1.891878
1.895226
1.928711
1.942104
1.875135
1.925362
1.975589
1.948802
1.958847
1.935408
1.965544
1.942104
1.915317
1.938756
1.955498
1.958847
1.962195
1.985634
2.015770
1.932059
1.928711
1.942104
1.915317
1.982286
1.955498
1.952150
2.035861
1.952150
1.999028
2.022468
1.563729
1.660834
1.613956
1.557032
1.540290
1.503457
1.506805
1.473321
1.379564
1.161914
0.756751
0.354936
0.003348
-0.287967
-0.525708
-0.743357
-0.954310
-1.091597
-1.262368
-1.382912
-1.459927
-1.597213
-1.654137
-1.781379
-1.838302
-1.875135
-1.955498
-1.794772
-1.530244
-1.389609
-1.279110
-1.155217
-1.091597
-1.165263
-1.232232
-1.269065
-1.359473
-1.463275
-1.523548
-1.640743
-1.761288
-1.881832
-1.898575
-1.965544
-2.029164
-2.065997
-2.149709
-2.199936
-2.260208
-2.243466
-2.273602
-2.323829
-2.353964
-2.350616
-2.367358
-2.441025
-2.441025
-2.481206
-2.467812
-2.511342
-2.484555
-2.484555
-2.544827
-2.564918
-2.534781
-2.591705
-2.605099
-2.628538
-2.611796
-2.615144
-2.605099
-2.595053
-2.641932
-2.645280
-2.618493
-2.641932
-2.655326
-2.685462
-2.648629
-2.651977
-2.635235
-2.608447
-2.641932
-2.608447
-2.601750
-2.548175
-2.635235
-2.595053
-2.662023
-2.384101
-1.767985
-1.272413
-1.175308
-1.185353
-1.299201
-1.349428
-1.523548
-1.624001
-1.697667
-1.761288
-1.804818
-1.858393
-1.965544
-1.992331
-1.995680
-1.999028
-2.005725
-2.022468
-1.982286
-2.092785
-2.143012
-2.280298
-2.230072
-2.276950
-2.297041
-2.270253
-2.343919
-2.327177
-2.400843
-2.437676
-2.082740
-1.610607
-1.295852
-1.248974
-1.259019
-1.356125
-1.456578
-1.530244
-1.650789
-1.731152
-1.811515
-1.848348
-1.938756
-2.042558
-2.109527
-2.139663
-2.136315
-2.199936
-2.286995
-2.323828
-2.273602
-2.367358
-2.327177
-2.454418
-2.427631
-2.461115
-2.501297
-2.494600
-2.548175
-2.541478
-2.477857
-2.581660
-2.585008
-2.524736
-2.427631
-2.317132
-2.126270
-2.039210
-1.928711
-1.821560
-1.734500
-1.654137
-1.684273
-1.687622
-1.674228
-1.670879
-1.714409
-1.714409
-1.721106
-1.677577
-1.305898
-0.967704
-0.579283
-0.197559
0.214301
0.167423
0.231043
0.247786
0.304710
0.338194
0.488875
0.673040
0.823720
0.961007
1.115036
1.235580
1.299201
1.369519
1.359473
1.279110
1.165263
1.084900
1.058112
1.084900
1.125081
1.168611
1.205444
1.202096
1.195399
1.182005
1.104990
0.883992
0.612767
0.220998
0.164074
0.231043
0.227695
0.264528
0.314755
0.415209
0.482178
0.555844
0.606071
0.689782
0.740009
0.793584
0.850508
0.894038
0.890689
0.887341
0.867250
0.840462
0.763448
0.636207
0.448693
0.348239
0.264528
0.267876
0.224347
0.257831
0.247786
0.277922
0.304709
0.338194
0.375027
0.421905
0.475481
0.532404
0.579283
0.659646
0.713221
0.740009
0.783539
0.786887
0.800281
0.793584
0.796933
0.803630
0.763448
0.806978
0.810326
0.793584
0.813675
0.847159
0.857205
0.579283
0.224347
-0.113848
-0.311406
-0.418557
-0.492223
-0.512314
-0.495571
-0.495571
-0.502268
-0.519011
-0.532404
-0.519011
-0.505617
-0.515662
-0.542450
-0.572586
-0.582631
-0.549147
-0.488875
-0.395118
-0.328149
-0.308058
-0.281270
-0.271225
-0.254483
-0.261180
-0.257831
-0.264528
-0.284619
-0.318103
-0.314755
-0.308058
-0.294664
-0.274573
-0.274573
-0.267876
-0.267876
-0.257831
-0.257831
-0.271225
-0.284619
-0.304709
-0.324800
-0.348239
-0.385072
-0.415209
-0.415209
-0.428602
-0.441996
-0.462087
-0.462087
-0.448693
-0.425254
-0.431951
-0.398466
-0.398466
-0.398466
-0.408512
-0.395118
-0.401815
-0.425254
-0.415209
-0.405163
-0.418557
-0.431951
-0.448693
-0.448693
-0.452042
-0.455390
-0.482178
-0.488875
-0.492223
-0.512314
-0.502268
-0.495571
-0.525708
-0.559192
-0.579283
-0.542450
-0.535753
-0.532404
-0.492223
-0.519011
-0.529056
-0.200907
-0.137287
-0.016742
0.003348
0.026788
0.033485
0.006697
-0.020091
-0.073666
-0.063621
-0.020091
0.003348
0.026788
0.056924
0.073666
0.130590
0.167423
0.157377
0.154029
0.167423
0.160726
0.150681
0.147332
0.150681
0.154029
0.177468
0.177468
0.187514
0.220998
0.241089
0.271225
0.304709
0.358285
0.368330
0.421905
0.411860
0.418557
0.405163
0.371679
0.328149
0.294664
0.261180
0.247786
0.257831
0.274573
0.281270
0.291316
0.267876
0.298013
0.311406
0.331497
0.341543
0.344891
0.348239
0.348239
0.348239
0.368330
0.368330
0.381724
0.371679
0.405163
0.395118
0.428602
0.435299
0.435299
0.462087
0.462087
0.475481
0.498920
0.505617
0.512314
0.535753
0.522359
0.512314
0.498920
0.495571
0.498920
0.475481
0.512314
0.532404
0.532404
0.565889
0.602722
0.632858
0.713221
0.438648
0.231043
-0.013394
-0.174120
-0.311406
-0.415209
-0.482178
-0.562541
-0.599374
-0.646252
-0.646252
-0.683085
-0.729963
-0.763448
-0.766796
-0.813675
-0.833766
-0.867250
-0.910780
-0.927522
-0.971052
-1.031324
-0.971052
-0.967704
-0.813675
-0.689782
-0.585980
-0.542450
-0.488875
-0.492223
-0.478829
-0.472132
-0.441996
-0.458738
-0.498920
-0.542450
-0.539101
-0.535753
-0.545798
-0.599374
-0.616116
-0.632858
-0.666343
-0.683085
-0.669691
-0.666343
-0.696479
-0.716570
-0.689782
-0.683085
-0.669691
-0.656297
-0.652949
-0.599374
-0.529056
-0.462087
-0.411860
-0.418557
-0.421905
-0.448693
-0.475481
-0.498920
-0.495571
-0.488875
-0.482178
-0.478829
-0.482178
-0.492223
-0.488875
-0.515662
-0.519011
-0.552495
-0.535753
-0.559192
-0.539101
-0.519011
-0.502268
-0.512314
-0.508965
-0.515662
-0.508965
-0.535753
-0.532404
-0.515662
-0.529056
-0.204256
-0.164074
-0.103802
-0.040181
0.016742
0.053575
0.073666
0.060272
0.036833
-0.006697
-0.010045
-0.006697
0.000000
-0.020091
-0.050227
-0.056924
-0.077014
-0.050227
-0.020091
0.016742
0.033485
0.050227
0.036833
0.020091
0.013394
0.026788
0.053575
0.063621
0.077014
0.093757
0.100454
0.123893
0.123893
0.133938
0.154029
0.164074
0.190862
0.204256
0.207604
0.204256
0.227695
0.224347
0.241089
0.261180
0.261180
0.267876
0.284619
0.287967
0.301361
0.304709
0.311406
0.328149
0.324800
0.344891
0.351588
0.364982
0.381724
0.385072
0.381724
0.405163
0.401815
0.415209
0.428602
0.438648
0.452042
0.462087
0.478829
0.495571
0.482178
0.525708
0.535753
0.525708
0.519011
0.495571
0.512314
0.522359
0.525708
0.525708
0.542450
0.562541
0.599374
0.622813
0.706524
0.763448
0.783539
0.796933
0.827069
0.894038
0.944265
0.957658
0.927522
0.950962
0.977749
0.994492
0.971052
0.954310
0.887341
0.843811
0.810326
0.786887
0.746706
0.753403
0.770145
0.800281
0.820372
0.833766
0.863902
0.853856
0.900735
0.910780
0.950961
0.940916
0.900735
0.883992
0.853856
0.867250
0.887341
0.887341
0.883992
0.820372
0.827069
0.820372
0.863902
0.870599
0.887341
0.897386
0.914128
0.883992
0.867250
0.827069
0.867250
0.890689
0.940916
1.017931
1.091597
1.094945
1.131778
1.171960
1.222186
1.262368
1.289156
1.279110
1.342731
1.352776
1.392958
1.416397
1.359473
1.366170
1.346079
1.309246
1.242277
1.168611
1.071506
0.987795
0.934219
0.887341
0.850508
0.870599
0.880644
0.950962
0.994492
1.058112
1.084900
1.088248
1.101642
1.098294
1.118384
1.088248
1.054764
1.098294
1.091597
1.165263
1.074854
0.810326
0.770145
0.783539
0.810326
0.800281
0.776842
0.760100
0.743357
0.723267
0.713221
0.729963
0.703176
0.666343
0.703176
0.743357
0.753403
0.783539
0.833766
0.817023
0.833766
0.817023
0.760100
0.740009
0.666343
0.679737
0.669691
0.669691
0.626161
0.652949
0.679737
0.693130
0.696479
0.696479
0.703176
0.699827
0.693130
0.683085
0.652949
0.652949
0.606071
0.555844
0.529056
0.522359
0.559192
0.612767
0.652949
0.689782
0.676388
0.696479
0.696479
0.673040
0.642904
0.609419
0.626161
0.622813
0.612767
0.639555
0.639555
0.629510
0.659646
0.666343
0.669691
0.649601
0.646252
0.659646
0.659646
0.649601
0.646252
0.619464
0.632858
0.592677
0.579283
0.545798
0.522359
0.545798
0.599374
0.622813
0.629510
0.662994
0.652949
0.679737
0.666343
0.294664
0.180817
-0.016742
-0.184165
-0.291316
-0.375027
-0.455390
-0.535753
-0.575934
-0.609419
-0.622813
-0.666343
-0.686433
-0.709873
-0.709873
-0.689782
-0.719918
-0.706524
-0.713221
-0.713221
-0.729963
-0.736660
-0.743357
-0.806978
-0.763448
-0.786887
-0.806978
-0.803629
-0.820372
-0.827069
-0.840463
-0.840463
-0.850508
-0.897386
-0.920825
-0.961007
-0.984446
-0.977749
-0.991143
-0.997840
-0.994491
-0.981098
-0.977749
-0.991143
-0.964355
-0.897386
-0.837114
-0.726615
-0.689782
-0.686433
-0.733312
-0.740009
-0.756751
-0.776842
-0.827069
-0.857205
-0.890689
-0.917477
-0.887341
-0.897386
-0.880644
-0.907432
-0.904083
-0.897386
-0.827069
-0.763448
-0.706524
-0.652949
-0.606071
-0.619464
-0.616116
-0.652949
-0.676388
-0.673040
-0.676388
-0.676388
-0.683085
-0.666343
-0.652949
-0.676388
-0.693130
-0.719918
-0.683085
-0.636207
-0.589328
-0.555844
-0.549147
-0.555844
-0.559192
-0.539101
-0.542450
-0.559192
-0.562541
-0.549147
-0.549147
-0.572586
-0.592677
-0.602722
-0.629510
-0.619464
-0.642904
-0.642904
-0.642904
-0.646252
-0.646252
-0.656297
-0.659646
-0.656297
-0.683085
-0.683085
-0.699827
-0.679737
-0.696479
-0.669691
-0.709873
-0.679737
-0.689782
-0.699827
-0.716570
-0.753403
-0.773493
-0.800281
-0.810326
-0.837114
-0.867250
-0.847159
-0.850508
-0.830417
-0.810326
-0.786887
-0.783539
-0.823720
-0.827069
-0.840462
-0.843811
-0.843811
-0.833766
-0.830417
-0.833766
-0.910780
-0.924174
-0.947613
-0.977749
-0.994492
-1.034673
-1.027976
-1.071506
-1.091597
-1.034673
-0.984446
-0.957658
-0.934219
-0.917477
-0.904083
-0.920825
-0.994492
-1.088248
-1.118384
-1.222186
-1.275762
-1.255671
-1.128430
-1.054764
-1.115036
-1.232232
-1.342731
-1.476669
-1.543638
-1.624001
-1.650789
-1.392958
-1.004537
-0.579283
-0.200907
0.090408
0.234392
0.308058
0.411860
0.458738
0.495571
0.468784
0.455390
0.401815
0.361633
0.314755
0.237740
0.224347
0.214301
0.204256
0.231043
0.241089
0.257831
0.267876
0.277922
0.311406
0.308058
0.375027
0.418557
0.498920
0.579283
0.626161
0.652949
0.709873
0.716570
0.716570
0.696479
0.719918
0.689782
0.699827
0.659646
0.683085
0.683085
0.676388
0.662994
0.683085
0.673040
0.622813
0.582631
0.495571
0.522359
0.515662
0.535753
0.539101
0.579283
0.622813
0.676388
0.709873
0.760100
0.753403
0.743357
0.729963
0.719918
0.693130
0.646252
0.599374
0.579283
0.596025
0.622813
0.626161
0.716570
0.753403
0.780190
0.817023
0.850508
0.880644
0.843811
0.803629
0.743357
0.736660
0.709873
0.699827
0.693130
0.706524
0.696479
0.709873
0.699827
0.716570
0.703176
0.806978
0.770145
0.793584
0.823720
0.853856
0.840463
0.813675
0.796933
0.817023
0.790236
0.756751
0.740009
0.756751
0.760100
0.773493
0.773493
0.800281
0.773493
0.733312
0.673040
0.703176
0.713221
0.726615
0.756751
0.763448
0.763448
0.756751
0.780190
0.773493
0.817023
0.860553
0.877295
0.907432
0.981098
1.021279
1.004537
0.940916
0.817023
0.703176
0.652949
0.662994
0.699827
0.729963
0.770145
0.830417
0.820372
0.810326
0.833766
0.843811
0.857205
0.937568
0.934219
0.887341
0.806978
0.766796
0.723267
0.669691
0.652949
0.602722
0.549147
0.492223
0.445345
0.435299
0.441996
0.408512
0.368330
0.338194
0.294664
0.244437
0.220998
0.217650
0.234392
0.241089
0.257831
0.241089
0.224347
0.184165
0.140635
0.070318
0.020091
0.003348
0.043530
-0.177468
-0.301361
-0.331497
-0.291316
-0.301361
-0.257831
-0.231043
-0.227695
-0.231043
-0.264528
-0.311406
-0.351588
-0.398466
-0.431951
-0.448693
-0.458738
-0.468784
-0.458738
-0.448693
-0.458738
-0.435299
-0.395118
-0.381724
-0.344891
-0.361633
-0.361633
-0.385072
-0.398466
-0.411860
-0.405163
-0.411860
-0.431951
-0.452042
-0.492223
-0.562541
-0.612767
-0.636207
-0.622813
-0.606071
-0.575934
-0.539101
-0.485526
-0.485526
-0.488875
-0.485526
-0.495571
-0.522359
-0.529056
-0.532404
-0.515662
-0.472132
-0.488875
-0.508965
-0.539101
-0.565889
-0.592677
-0.652949
-0.673040
-0.723267
-0.719918
-0.750054
-0.736660
-0.686433
-0.626161
-0.599374
-0.562541
-0.569238
-0.552495
-0.535753
-0.572586
-0.589328
-0.619464
-0.646252
-0.659646
-0.689782
-0.706524
-0.676388
-0.622813
-0.609419
-0.612767
-0.622813
-0.616116
-0.619464
-0.639555
-0.662994
-0.364982
-0.284619
-0.220998
-0.143984
-0.050227
0.043530
0.100454
0.123893
0.137287
0.127241
0.066969
0.046878
0.020091
-0.006697
-0.010045
0.003348
0.036833
0.073666
0.100454
0.133938
0.137287
0.090408
0.056924
0.073666
0.077014
0.093757
0.113848
0.140635
0.160726
0.187514
0.177468
0.204256
0.224347
0.227695
0.234392
0.264528
0.257831
0.274573
0.277922
0.314755
0.328149
0.334846
0.344891
0.344891
0.341543
0.354936
0.358285
0.385072
0.411860
0.415209
0.415209
0.428602
0.415209
0.445345
0.435299
0.448693
0.465435
0.472132
0.492223
0.495571
0.512314
0.532404
0.549147
