-0.298013
-0.308058
-0.314755
-0.321452
-0.334846
-0.348239
-0.368330
-0.368330
-0.385072
-0.398466
-0.418557
-0.411860
-0.441996
-0.455390
-0.130590
-0.368330
-0.344891
-0.344891
-0.314755
-0.281270
-0.274573
-0.251134
-0.224347
-0.217650
-0.197559
-0.177468
-0.154029
-0.130590
-0.110499
-0.087060
-0.066969
-0.050227
-0.026788
-0.006697
0.006697
0.026788
0.043530
0.060272
0.080363
0.100454
0.110499
0.127241
0.143984
0.157377
0.180817
0.187514
0.204256
0.224347
0.237740
0.247786
0.261180
0.281270
0.294664
0.308058
0.311406
0.311406
0.324800
0.334846
0.354936
0.361633
0.391769
0.375027
0.408512
0.411860
0.418557
0.435299
0.431951
0.455390
0.475481
0.482178
0.495571
0.515662
0.508965
0.529056
0.535753
0.562541
0.575934
0.579283
0.582631
0.589328
0.596025
0.609419
0.606071
0.602722
0.626161
0.642904
0.649601
0.673040
0.673040
0.669691
0.699827
0.696479
0.723267
0.703176
0.719918
0.756751
0.773493
0.786887
0.753403
0.431951
0.656297
-0.602722
-0.629510
-0.636207
-0.649601
-0.652949
-0.676388
-0.679737
-0.699827
-0.696479
-0.696479
-0.733312
-0.740009
-0.740009
-0.723267
-0.740009
-0.760100
-0.766796
-0.770145
-0.756751
-0.773493
-0.796933
-0.810326
-0.793584
-0.817023
-0.837114
-0.830417
-0.823720
-0.850508
-0.843811
-0.843811
-0.870599
-0.867250
-0.877295
-0.880644
-0.900735
-0.890689
-0.917477
-0.914129
-0.910780
-0.920825
-0.910780
-0.944265
-0.957658
-0.947613
-0.974401
-0.984446
-1.011234
-1.004537
-0.984446
-1.004537
-1.021279
-1.021279
-1.021279
-1.031325
-1.041370
-1.024628
-1.031325
-1.024628
-1.024628
-1.074854
-1.031325
-1.054764
-1.084900
-1.078203
-1.081551
-1.081551
-1.068158
-1.094945
-1.094945
-1.115036
-1.121733
-1.125081
-1.145172
-1.138475
-1.158566
-1.141824
-1.131778
-1.161914
-1.171960
-1.171960
-1.202096
-1.185353
-1.192050
-1.185353
-1.188702
-1.212141
-1.225535
-1.215490
-1.212141
-1.228883
-1.175308
-1.225535
-1.242277
-1.205444
-1.252323
-1.208793
-1.265716
-1.238929
-1.208793
-1.248974
-1.259019
-1.259019
-1.252323
-1.299201
-1.279110
-1.292504
-1.295852
-1.265716
-1.292504
-1.262368
-1.302549
-1.319292
-1.332685
-1.332685
-1.346079
-1.372867
-1.329337
-1.366170
-1.346079
-1.322640
-1.356125
-1.336034
-1.349428
-1.319292
-1.382912
-1.366170
-1.379564
-1.366170
-1.356125
-1.389609
-1.362822
-1.376215
-1.362822
-1.339382
-1.396306
-1.396306
-1.369519
-1.426442
-1.376215
-1.429791
-1.433139
-1.433139
-1.453230
-1.399655
-1.443184
-1.456578
-1.453230
-1.476669
-1.439836
-1.459927
-1.453230
-1.453230
-1.456578
-1.483366
-1.443184
-1.469972
-1.443184
-1.449881
-1.469972
-1.473321
-1.483366
-1.500108
-1.500108
-1.500108
-1.520199
-1.486714
-1.480018
-1.550335
-1.493411
-1.536941
-1.493411
-1.516851
-1.503457
-1.536941
-1.506805
-1.523548
-1.510154
-1.533593
-1.553684
-1.540290
-1.563729
-1.523548
-1.526896
-1.510154
-1.543638
-1.540290
-1.553684
-1.543638
-1.570426
-1.597213
-1.590517
-1.587168
-1.570426
-1.590517
-1.603910
-1.580471
-1.583820
-1.580471
-1.583820
-1.577123
-1.570426
-1.617304
-1.607259
-1.587168
-1.627350
-1.597214
-1.627350
-1.617304
-1.580471
-1.583820
-1.590517
-1.600562
-1.630698
-1.610608
-1.660834
-1.654137
-1.634047
-1.640743
-1.634047
-1.654137
-1.610607
-1.617304
-1.630698
-1.593865
-1.667531
-1.650789
-1.634047
-1.613956
-1.289156
-1.570426
-1.533593
-1.453230
-1.379564
-1.309246
-1.295852
-1.315943
-1.339382
-1.245626
-1.212141
-1.182005
-1.188702
-1.158566
-1.138475
-1.115036
-1.071506
-1.044718
-0.984446
-0.981098
-0.870599
-0.877295
-0.897386
-0.894038
-0.853856
-0.810326
-0.776842
-0.770145
-0.740009
-0.723267
-0.679737
-0.652949
-0.642904
-0.599374
-0.585980
-0.545798
-0.529056
-0.502268
-0.515662
-0.462087
-0.441996
-0.425254
-0.391769
-0.388421
-0.348239
-0.321452
-0.304709
-0.271225
-0.251134
-0.234392
-0.210953
-0.197559
-0.167423
-0.147332
-0.130590
-0.107151
-0.090408
-0.063621
-0.043530
-0.026788
-0.006697
0.006697
0.026788
0.040181
0.053575
0.073666
0.083711
0.100454
0.113848
0.127241
0.143984
0.154029
0.167423
0.180817
0.187514
0.207604
0.214301
0.231043
0.247786
0.264528
0.271225
0.284619
0.294664
0.314755
0.318103
-0.006697
0.291316
0.254483
0.231043
0.184165
0.170771
0.160726
0.133938
0.110499
0.087060
0.070318
0.046878
0.026788
0.010045
-0.006697
-0.026788
-0.033485
-0.050227
-0.063621
-0.080363
-0.087060
-0.100454
-0.117196
-0.117196
-0.133938
-0.140635
-0.160726
-0.167423
-0.184165
-0.187514
-0.207604
-0.207604
-0.231043
-0.244437
-0.261180
-0.267876
-0.281270
-0.287967
-0.318103
-0.318103
-0.328149
-0.344891
-0.348239
-0.361633
-0.375027
-0.371679
-0.398466
-0.405163
-0.411860
-0.438648
-0.421905
-0.462087
-0.472132
-0.458738
-0.502268
-0.488875
-0.472132
-0.498920
-0.525708
-0.535753
-0.542450
-0.552495
-0.575934
-0.572586
-0.596025
-0.596025
-0.599374
-0.599374
-0.602722
-0.622813
-0.639555
-0.646252
-0.632858
-0.656297
-0.666343
-0.662994
-0.683085
-0.696479
-0.686433
-0.716570
-0.729963
-0.723267
-0.706524
-0.726615
-0.756751
-0.441996
-0.579283
-0.606071
-0.596025
-0.549147
-0.502268
-0.492223
-0.498920
-0.498920
-0.495571
-0.482178
-0.435299
-0.425254
-0.411860
-0.378376
-0.358285
-0.334846
-0.311406
-0.284619
-0.267876
-0.251134
-0.231043
-0.204256
-0.197559
-0.170771
-0.150681
-0.127241
-0.107151
-0.083711
-0.056924
-0.030136
-0.010045
0.013394
0.030136
0.053575
0.070318
0.087060
0.100454
0.120544
0.130590
0.150681
0.150681
0.174120
0.174120
0.200907
0.210953
0.224347
0.244437
0.247786
0.261180
0.264528
0.294664
0.301361
0.318103
0.318103
0.358285
0.341543
0.378376
0.364982
0.375027
0.391769
0.391769
0.425254
0.415209
0.425254
0.448693
0.462087
0.475481
0.472132
0.495571
0.512314
0.529056
0.539101
0.522359
0.532404
0.532404
0.569238
0.602722
0.596025
0.619464
0.609419
0.612767
0.622813
0.646252
0.646252
0.646252
0.662994
0.683085
0.686433
0.706524
0.696479
0.703176
0.716570
0.753403
0.760100
0.753403
0.776842
0.756751
0.793584
0.783539
0.776842
0.793584
0.800281
0.823720
0.817023
0.837114
0.857205
0.870599
0.870599
0.877295
0.870599
0.877295
0.894038
0.900735
0.910780
0.934219
0.947613
0.940916
0.937568
0.930871
0.974401
0.981098
0.987795
0.971052
0.984446
1.011234
1.001188
1.027976
1.004537
1.034673
1.031325
1.038021
1.038021
1.068158
1.071506
1.044718
1.064809
1.071506
1.054764
1.084900
1.084900
1.108339
1.088248
1.128430
1.135127
1.151869
1.151869
1.141824
1.145172
1.182005
1.168611
1.148520
1.178657
1.182005
1.188702
1.185353
1.195399
1.202096
1.228883
1.188702
1.228883
1.215490
1.215490
1.252323
1.218838
1.225535
1.252323
1.225535
1.275762
1.265716
1.242277
1.279110
1.225535
1.262368
1.299201
1.272413
1.269065
1.325989
1.312595
1.339382
1.309246
1.329337
1.342731
1.312595
1.349428
1.329337
1.332685
1.392958
1.366170
1.336034
1.376215
1.372867
1.376215
1.329337
1.389609
1.325989
1.382912
1.396306
1.392958
1.403003
1.379564
1.392958
1.396306
1.352776
1.406351
1.386261
1.436488
1.416397
1.403003
1.466624
1.403003
1.466624
1.446533
1.459927
1.439836
1.446533
1.473321
1.423094
1.510154
1.469972
1.473321
1.476669
1.480018
1.500108
1.506805
1.506805
1.476669
1.480018
1.466624
1.500108
1.503457
1.476669
1.500108
1.493411
1.516851
1.546987
1.520199
1.540290
1.520199
1.540290
1.493411
1.516851
1.540290
1.573774
1.580471
1.647440
1.583820
1.553684
1.560381
1.573774
1.570426
1.580471
1.557032
1.583820
1.600562
1.590517
1.580471
1.553684
1.550335
1.590517
1.560381
1.607259
1.624001
1.650789
1.583820
1.587168
1.610607
1.613956
1.637395
1.607259
1.607259
1.607259
1.660834
1.644092
1.687622
1.617304
1.607259
1.624001
1.664183
1.707713
1.677577
1.607259
1.657486
1.634047
1.617304
1.644092
1.650789
1.690970
1.694319
1.620653
1.644092
1.704364
1.684273
1.684273
1.657486
1.680925
1.680925
1.697667
1.694319
1.654137
1.694319
1.684273
1.761288
1.680925
1.647440
1.620653
1.737849
1.684273
1.670880
1.680925
1.751243
1.721106
1.707713
1.707713
1.771333
1.774682
1.690970
1.727803
1.714409
1.727803
1.727803
1.717758
1.737849
1.811515
1.791424
1.784727
1.721106
1.690970
1.744546
1.744546
1.714409
1.757939
1.741197
1.761288
1.717758
1.741197
1.764636
1.811515
1.774682
1.791424
1.731152
1.804818
1.774682
1.757940
1.808166
1.788076
1.794772
1.771333
1.734500
1.761288
1.791424
1.724455
1.798121
1.757940
1.814863
1.774682
1.774682
1.821560
1.791424
1.808166
1.794772
1.788076
1.808166
1.821560
1.824908
1.814863
1.824908
1.834954
1.794772
1.811515
1.764636
1.804818
1.798121
1.808166
1.821560
1.821560
1.844999
1.814863
1.901923
1.828257
1.858393
1.901923
1.798121
1.865090
1.811515
1.828257
1.831606
1.891878
1.865090
1.821560
1.831606
1.814863
1.818211
1.831606
1.834954
1.838302
1.834954
1.808166
1.868438
1.925362
1.851696
1.841651
1.865090
1.911968
1.834954
1.855045
1.865090
1.918665
1.875135
1.881832
1.855045
1.858393
1.915317
1.861742
1.905271
1.861742
1.901923
1.888529
1.851696
1.968892
1.942104
1.911968
1.898575
1.885181
1.948802
1.590517
1.640743
1.419745
1.248974
1.118384
1.208793
1.446533
1.624001
1.553684
1.523548
1.459927
1.403003
1.205444
0.964355
0.616116
0.261180
-0.006697
-0.026788
0.003348
-0.016742
-0.010045
-0.020091
0.154029
0.401815
0.519011
0.505617
0.455390
0.639555
1.104990
1.058112
1.011234
1.017931
0.971052
0.924174
0.870599
0.773493
0.729963
0.716570
0.656297
0.662994
0.719918
0.706524
0.696479
0.646252
0.626161
0.596025
0.565889
0.542450
0.508965
0.465435
0.455390
0.425254
0.408512
0.371679
0.344891
0.301361
0.271225
0.220998
0.204256
0.247786
0.227695
0.234392
0.200907
0.174120
0.160726
0.133938
0.117196
0.087060
0.066969
0.036833
0.023439
0.000000
-0.020091
-0.033485
-0.056924
-0.063621
-0.073666
-0.100454
-0.090408
-0.120544
-0.127241
-0.137287
-0.154029
-0.167423
-0.180817
-0.184165
-0.204256
-0.214301
-0.227695
-0.247786
-0.247786
-0.267876
-0.271225
-0.287967
-0.298013
-0.318103
-0.338194
-0.338194
-0.358285
-0.364982
-0.375027
-0.378376
-0.381724
-0.398466
-0.415209
-0.415209
-0.431951
-0.441996
-0.431951
-0.458738
-0.452042
-0.465435
-0.485526
-0.508965
-0.505617
-0.515662
-0.522359
-0.559192
-0.565889
-0.582631
-0.596025
-0.585980
-0.602722
-0.606071
-0.606071
-0.619464
-0.609419
-0.612767
-0.639555
-0.636207
-0.646252
-0.656297
-0.652949
-0.666343
-0.686433
-0.673040
-0.696479
-0.683085
-0.693130
-0.723267
-0.723267
-0.713221
-0.713221
-0.709873
-0.740009
-0.740009
-0.746706
-0.763448
-0.780190
-0.773493
-0.766796
-0.790236
-0.827069
-0.860553
-0.837114
-0.853856
-0.847159
-0.850508
-0.860553
-0.863902
-0.880644
-0.894038
-0.900735
-0.900735
-0.927522
-0.920825
-0.907432
-0.927522
-0.924174
-0.934219
-0.686433
-0.726615
-0.686433
-0.746706
-0.729963
-0.659646
-0.656297
-0.639555
-0.662994
-0.636207
-0.609419
-0.596025
-0.565889
-0.535753
-0.508965
-0.482178
-0.465435
-0.431951
-0.415209
-0.391769
-0.364982
-0.344891
-0.318103
-0.311406
-0.271225
-0.257831
-0.241089
-0.210953
-0.197559
-0.167423
-0.154029
-0.127241
-0.103802
-0.087060
-0.066969
-0.046878
-0.016742
0.000000
0.023439
0.036833
0.053575
0.073666
0.093757
0.100454
0.120544
0.133938
0.154029
0.167423
0.177468
0.184165
0.204256
0.200907
0.220998
0.241089
0.251134
0.261180
0.277922
0.284619
0.304709
0.301361
0.324800
0.314755
0.341543
0.344891
0.358285
0.368330
0.385072
0.411860
0.405163
0.428602
0.428602
0.455390
0.462087
0.458738
0.492223
0.488875
0.519011
0.512314
0.502268
0.519011
0.532404
0.562541
0.572586
0.575934
0.582631
0.294664
0.532404
0.488875
0.468784
0.441996
0.425254
0.378376
0.385072
0.344891
0.328149
0.298013
0.271225
0.237740
0.224347
0.210953
0.177468
0.164074
0.130590
0.117196
0.097105
0.077014
0.063621
0.036833
0.023439
0.013394
-0.006697
-0.020091
-0.030136
-0.046878
-0.063621
-0.077014
-0.087060
-0.103802
-0.113848
-0.127241
-0.143984
-0.157377
-0.177468
-0.187514
-0.204256
-0.224347
-0.237740
-0.251134
-0.237740
-0.274573
-0.267876
-0.298013
-0.314755
-0.334846
-0.334846
-0.358285
-0.354936
-0.375027
-0.398466
-0.395118
-0.411860
-0.435299
-0.431951
-0.438648
-0.462087
-0.445345
-0.458738
-0.458738
-0.482178
-0.482178
-0.498920
-0.505617
-0.512314
-0.529056
-0.549147
-0.542450
-0.555844
-0.535753
-0.572586
-0.579283
-0.585980
-0.582631
-0.592677
-0.592677
-0.589328
-0.602722
-0.639555
-0.639555
-0.642904
-0.652949
-0.331497
-0.549147
-0.562541
-0.525708
-0.525708
-0.502268
-0.475481
-0.448693
-0.431951
-0.425254
-0.398466
-0.351588
-0.348239
-0.331497
-0.308058
-0.274573
-0.261180
-0.227695
-0.217650
-0.190862
-0.170771
-0.154029
-0.127241
-0.110499
-0.087060
-0.070318
-0.043530
-0.026788
-0.006697
0.016742
0.040181
0.060272
0.083711
0.093757
0.117196
0.133938
0.150681
0.167423
0.177468
0.200907
0.214301
0.227695
0.237740
0.247786
0.251134
0.264528
0.287967
0.294664
0.314755
0.324800
0.338194
0.344891
0.354936
0.381724
0.375027
0.395118
0.411860
0.418557
0.445345
0.448693
0.452042
0.465435
0.468784
0.478829
0.508965
0.505617
0.525708
0.539101
0.539101
0.549147
0.569238
0.582631
0.579283
0.585980
0.585980
0.599374
0.626161
0.642904
0.639555
0.652949
0.662994
0.673040
0.689782
0.673040
0.746706
0.375027
0.559192
0.579283
0.596025
0.549147
0.545798
0.512314
0.492223
0.495571
0.458738
0.418557
0.398466
0.354936
0.338194
0.311406
0.294664
0.271225
0.237740
0.224347
0.187514
0.174120
0.157377
0.150681
0.117196
0.097105
0.080363
0.063621
0.043530
0.020091
0.006697
-0.013394
-0.026788
-0.046878
-0.056924
-0.080363
-0.090408
-0.113848
-0.117196
-0.133938
-0.154029
-0.150681
-0.177468
-0.200907
-0.204256
-0.227695
-0.227695
-0.247786
-0.281270
-0.287967
-0.304709
-0.321452
-0.338194
-0.354936
-0.364982
-0.358285
-0.391769
-0.381724
-0.401815
-0.395118
-0.418557
-0.418557
-0.425254
-0.445345
-0.458738
-0.458738
-0.465435
-0.472132
-0.488875
-0.492223
-0.515662
-0.505617
-0.508965
-0.505617
-0.532404
-0.569238
-0.569238
-0.562541
-0.565889
-0.575934
-0.589328
-0.596025
-0.592677
-0.602722
-0.616116
-0.609419
-0.301361
-0.535753
-0.555844
-0.525708
-0.478829
-0.455390
-0.435299
-0.411860
-0.418557
-0.378376
-0.354936
-0.348239
-0.304709
-0.284619
-0.264528
-0.227695
-0.217650
-0.194210
-0.174120
-0.157377
-0.137287
-0.110499
-0.097105
-0.073666
-0.050227
-0.033485
-0.010045
0.003348
0.026788
0.046878
0.063621
0.083711
0.100454
0.117196
0.140635
0.157377
0.164074
0.180817
0.200907
0.207604
0.214301
0.234392
0.241089
0.254483
0.277922
0.298013
0.304709
0.321452
0.328149
0.348239
0.338194
0.351588
0.364982
0.378376
0.408512
0.398466
0.401815
0.441996
0.418557
0.445345
0.462087
0.468784
0.472132
0.505617
0.508965
0.515662
0.515662
0.525708
0.542450
0.545798
0.582631
0.579283
0.602722
0.596025
0.602722
0.616116
0.619464
0.656297
0.642904
0.656297
0.683085
0.693130
0.693130
0.713221
0.726615
0.729963
0.736660
0.746706
0.753403
0.736660
0.800281
0.790236
0.786887
0.783539
0.820372
0.803629
0.810326
0.820372
0.837114
0.894038
0.880644
0.853856
0.873947
0.910780
0.887341
0.894038
0.907432
0.890689
0.910780
0.924174
0.907432
0.924174
0.914128
0.974401
0.977749
0.954310
0.984446
0.947613
0.984446
0.954310
1.004537
1.017931
1.014582
1.054764
1.068158
1.017931
1.017931
1.101642
1.138475
1.125081
1.108339
1.081551
1.118384
1.111687
1.108339
1.094945
1.128430
1.078203
1.094945
1.145172
1.111687
1.101642
1.121733
1.145172
1.148520
1.168611
1.178657
1.178657
1.178657
1.165263
1.171960
1.192050
1.161914
1.185353
1.182005
1.198747
1.195399
1.248974
1.245626
1.245626
1.228883
1.275762
1.252323
1.232232
1.272413
1.299201
1.312595
1.279110
1.269065
1.302549
1.282459
1.336034
1.336034
1.285807
1.299201
1.305898
1.325989
1.305898
1.319292
1.329337
1.305898
1.322640
1.362822
1.329337
1.372867
1.342731
1.339382
1.389609
1.366170
1.423094
1.366170
1.419745
1.409700
1.386261
1.439836
1.389609
1.423094
1.409700
1.429791
1.493411
1.429791
1.449881
1.443184
1.423094
1.453230
1.419745
1.466624
1.426442
1.476669
1.459927
1.473321
1.436488
1.480018
1.486715
1.513502
1.510154
1.463275
1.503457
1.483366
1.503457
1.510154
1.543638
1.526896
1.496760
1.536941
1.563729
1.560381
1.526896
1.526896
1.550335
1.553684
1.557032
1.523547
1.536941
1.587168
1.560381
1.587168
1.546987
1.600562
1.640743
1.610608
1.600562
1.573774
1.590517
1.607259
1.577123
1.593865
1.617304
1.600562
1.660834
1.634047
1.637395
1.597213
1.650789
1.617304
1.285807
1.426442
1.436488
1.449881
1.366170
1.359473
1.269065
1.265716
1.145172
1.004537
1.078203
1.215490
1.175308
1.138475
1.098294
1.014582
0.917477
0.713221
0.428602
0.180817
0.060272
0.053575
0.154029
0.264528
0.455390
0.646252
0.803629
0.786887
0.760100
0.716570
0.636207
0.579283
0.549147
0.498920
0.492223
0.448693
0.431951
0.455390
0.488875
0.462087
0.448693
0.418557
0.385072
0.354936
0.331497
0.308058
0.301361
0.291316
0.261180
0.244437
0.214301
0.197559
0.167423
0.143984
0.123893
0.100454
0.077014
0.060272
0.040181
0.016742
0.000000
-0.013394
-0.030136
-0.050227
-0.063621
-0.077014
-0.090408
-0.103802
-0.117196
-0.103802
-0.130590
-0.133938
-0.150681
-0.174120
-0.190862
-0.207604
-0.210953
-0.234392
-0.241089
-0.264528
-0.264528
-0.281270
-0.281270
-0.301361
-0.294664
-0.294664
-0.328149
-0.331497
-0.338194
-0.348239
-0.348239
-0.368330
-0.364982
-0.381724
-0.391769
-0.398466
-0.418557
-0.452042
-0.452042
-0.452042
-0.468784
-0.488875
-0.462087
-0.488875
-0.539101
-0.535753
-0.542450
-0.525708
-0.552495
-0.549147
-0.559192
-0.565889
-0.565889
-0.609419
-0.609419
-0.616116
-0.652949
-0.639555
-0.659646
-0.669691
-0.669691
-0.696479
-0.689782
-0.689782
-0.703176
-0.696479
-0.726615
-0.713221
-0.713221
-0.723267
-0.740009
-0.750054
-0.763448
-0.750054
-0.766796
-0.770145
-0.790236
-0.817023
-0.830417
-0.840463
-0.820372
-0.827069
-0.843811
-0.860553
-0.857205
-0.860553
-0.863902
-0.883992
-0.880644
-0.900735
-0.897386
-0.900735
-0.887341
-0.904083
-0.937568
-0.934219
-0.961007
-0.957658
-1.021279
-0.977749
-0.971052
-0.974401
-0.994491
-0.991143
-0.994491
-1.004537
-1.011234
-1.017931
-1.064809
-1.031325
-0.689782
-0.863902
-0.823720
-0.729963
-0.626161
-0.652949
-0.780190
-0.763448
-0.776842
-0.729963
-0.706524
-0.703176
-0.686433
-0.626161
-0.596025
-0.569238
-0.552495
-0.542450
-0.508965
-0.482178
-0.431951
-0.435299
-0.411860
-0.385072
-0.375027
-0.334846
-0.314755
-0.301361
-0.267876
-0.244437
-0.220998
-0.190862
-0.170771
-0.143984
-0.123893
-0.100454
-0.080363
-0.053575
-0.030136
-0.010045
0.000000
0.023439
0.040181
0.053575
0.073666
0.083711
0.097105
0.113848
0.123893
0.140635
0.147332
0.170771
0.187514
0.190862
0.207604
0.224347
0.227695
0.244437
0.251134
0.264528
0.281270
0.287967
0.298013
0.311406
0.328149
0.341543
0.351588
0.381724
0.378376
0.395118
0.395118
0.401815
0.418557
0.415209
0.431951
0.452042
0.462087
0.462087
0.482178
0.485526
0.488875
0.498920
0.519011
0.542450
0.569238
0.549147
0.555844
0.562541
0.592677
0.599374
0.602722
0.612767
0.609419
0.632858
0.662994
0.669691
0.666343
0.662994
0.693130
0.693130
0.703176
0.716570
0.706524
0.719918
0.726615
0.753403
0.756751
0.773493
0.790236
0.776842
0.813675
0.800281
0.817023
0.840463
0.850508
0.810326
0.853856
0.853856
0.867250
0.867250
0.900735
0.897386
0.924174
0.894038
0.940916
0.927522
0.927522
0.930871
0.937568
0.947613
0.940916
0.954310
0.961007
0.954310
0.994492
0.987795
1.021279
0.984446
1.011234
1.051415
1.048067
1.027976
1.048067
1.054764
1.038021
1.071506
1.078203
1.064809
1.088248
1.118384
1.094945
1.125081
1.081551
1.104990
1.115036
1.161914
1.135127
1.115036
1.158566
1.138475
1.198747
1.182005
1.155217
1.192050
1.165263
1.148520
1.202096
1.188702
1.168611
1.188702
0.877295
0.914129
0.927522
0.860553
0.810326
0.904083
0.967704
0.971052
0.947613
0.900735
0.870599
0.783539
0.699827
0.606071
0.468784
0.381724
0.371679
0.331497
0.348239
0.351588
0.351588
0.401815
0.398466
0.378376
0.358285
0.361633
0.348239
0.364982
0.371679
0.381724
0.361633
0.334846
0.318103
0.291316
0.281270
0.271225
0.257831
0.234392
0.207604
0.184165
0.164074
0.133938
0.103802
0.077014
0.043530
0.030136
0.016742
0.023439
0.006697
-0.013394
-0.023439
-0.036833
-0.050227
-0.066969
-0.083711
-0.100454
-0.123893
-0.140635
-0.147332
-0.170771
-0.170771
-0.184165
-0.200907
-0.207604
-0.220998
-0.241089
-0.244437
-0.271225
-0.271225
-0.294664
-0.291316
