1.108339
1.285807
1.429791
1.516851
1.640743
1.714409
1.781379
1.888529
1.972241
2.055952
2.055952
2.156406
2.223375
2.243466
2.300389
2.313783
2.374055
2.390798
2.404191
2.430979
2.457767
2.497948
2.518039
2.487903
2.554872
2.588356
2.574963
2.574963
2.611796
2.678765
2.561569
2.662023
2.668720
2.625189
2.702204
2.651977
2.655326
2.638583
2.675416
2.725643
2.641932
2.611796
2.728992
2.685462
2.668720
2.615144
2.728992
2.732340
2.695507
2.728992
2.658674
2.628538
2.698855
2.658674
2.698856
2.662023
2.658674
2.722295
2.675416
2.665371
2.638583
2.702204
2.688810
2.678765
2.695507
2.705553
2.658674
2.705553
2.708901
2.698856
2.651977
2.705553
2.675416
2.765825
2.759128
2.410888
1.895226
1.336034
0.863902
0.435299
0.060272
-0.254483
-0.522359
-0.740009
-0.924174
-1.115036
-1.269065
-1.399655
-1.520199
-1.650789
-1.757939
-1.824908
-1.908620
-1.988983
-1.999028
-2.082740
-2.143012
-2.213329
-2.253511
-2.256859
-2.340571
-0.900735
-0.924174
-0.917477
-0.920825
-0.897386
-0.920825
-0.934219
-0.934219
-0.934219
-0.947613
-0.974401
-0.967704
-0.974401
-0.974401
-0.987795
-0.987795
-0.974401
-0.997840
-0.994492
-0.991143
-1.014582
-1.011234
-1.017931
-1.031325
-1.021279
-1.058112
-1.031325
-1.078203
-1.084900
-1.081551
-1.111687
-1.128430
-1.115036
-1.118384
-1.111687
-1.101642
-1.182005
-1.138475
-1.148520
-1.165263
-1.165263
-1.185353
-1.111687
-1.135127
-1.138475
-1.171960
-1.182005
-1.208793
-1.182005
-1.208793
-1.212141
-1.195399
-1.208793
-1.202096
-1.195399
-1.222186
-1.198747
-1.215490
-1.232232
-1.228883
-1.255671
-1.265716
-1.259019
-1.302549
-1.302549
-1.289156
-1.295852
-1.269065
-1.259019
-1.299201
-1.309246
-1.339382
-1.299201
-1.292504
-1.329337
-1.389609
-1.329337
-1.305898
-1.309246
-1.309246
-1.312595
-1.319292
-1.372867
-1.332685
-1.339382
-1.346079
-1.346079
-1.372867
-1.329337
-1.352776
-1.362822
-1.413049
-1.416397
-1.359473
-1.369519
-1.396306
-1.392958
-1.413049
-1.459927
-1.409700
-1.436488
-1.409700
-1.379564
-1.386261
-1.416397
-1.392958
-1.433139
-1.409700
-1.399655
-1.423094
-1.433139
-1.416397
-1.419745
-1.413049
-1.419745
-1.406351
-1.413049
-1.433139
-1.426442
-1.490063
-1.469972
-1.456578
-1.510154
-1.483366
-1.513502
-1.443184
-1.469972
-1.433139
-1.480018
-1.480018
-1.480018
-1.510154
-1.593865
-1.520199
-1.439836
-1.493411
-1.443184
-1.490063
-1.453230
-1.456578
-1.506805
-1.463275
-1.480018
-1.466624
-1.500108
-1.520199
-1.557032
-1.563729
-1.553684
-1.567077
-1.543638
-1.530244
-1.540290
-1.493411
-1.516851
-1.530244
-1.526896
-1.583820
-1.493411
-1.530244
-1.557032
-1.523547
-1.563729
-1.550335
-1.540290
-1.563729
-1.553684
-1.520199
-1.540290
-1.523547
-1.570426
-1.557032
-1.567077
-1.610607
-1.624001
-1.607259
-1.597213
-1.496760
-1.563729
-1.520199
-1.567077
-1.607259
-1.617304
-1.603910
-1.563729
-1.620653
-1.613956
-1.617304
-1.560381
-1.600562
-1.580471
-1.597213
-1.567077
-1.620653
-1.613956
-1.677577
-1.667531
-1.751243
-1.657486
-1.657486
-1.644092
-1.570426
-1.613956
-1.590517
-1.245626
-1.031325
-0.723267
-0.458738
-0.642904
-0.890689
-0.947613
-1.396306
-1.315943
-1.322640
-1.285807
-1.212141
-1.161914
-1.108339
-1.054764
-1.078203
-0.997840
-1.021279
-0.991143
-0.997840
-0.934219
-0.927522
-0.940916
-0.887341
-0.857205
-0.823720
-0.793584
-0.800281
-0.746706
-0.733312
-0.679737
-0.662994
-0.622813
-0.602722
-0.582631
-0.532404
-0.508965
-0.465435
-0.448693
-0.425254
-0.391769
-0.371679
-0.354936
-0.348239
-0.318103
-0.284619
-0.261180
-0.244437
-0.220998
-0.204256
-0.197559
-0.157377
-0.140635
-0.117196
-0.103802
-0.066969
-0.053575
-0.030136
-0.010045
0.000000
0.023439
0.046878
0.066969
0.080363
0.103802
0.110499
0.127241
0.147332
0.174120
0.170771
0.197559
0.207604
0.237740
0.231043
0.247786
0.251134
0.271225
0.287967
0.298013
0.308058
0.324800
0.334846
0.338194
0.348239
0.358285
0.077014
0.294664
0.287967
0.257831
0.247786
0.210953
0.197559
0.174120
0.147332
0.133938
0.107151
0.087060
0.070318
0.036833
0.016742
0.000000
-0.013394
-0.030136
-0.056924
-0.060272
-0.073666
-0.087060
-0.103802
-0.107151
-0.130590
-0.133938
-0.154029
-0.167423
-0.187514
-0.204256
-0.210953
-0.234392
-0.244437
-0.264528
-0.267876
-0.277922
-0.301361
-0.304709
-0.334846
-0.334846
-0.344891
-0.348239
-0.368330
-0.391769
-0.391769
-0.408512
-0.408512
-0.428602
-0.431951
-0.458738
-0.445345
-0.455390
-0.485526
-0.472132
-0.488875
-0.502268
-0.512314
-0.508965
-0.525708
-0.522359
-0.532404
-0.569238
-0.562541
-0.592677
-0.582631
-0.602722
-0.619464
-0.612767
-0.626161
-0.649601
-0.639555
-0.659646
-0.659646
-0.673040
-0.679737
-0.686433
-0.699827
-0.703176
-0.713221
-0.726615
-0.740009
-0.729963
-0.766796
-0.783539
-0.766796
-0.458738
-0.646252
-0.676388
-0.619464
-0.596025
-0.579283
-0.549147
-0.549147
-0.532404
-0.522359
-0.492223
-0.478829
-0.435299
-0.415209
-0.398466
-0.368330
-0.351588
-0.324800
-0.294664
-0.274573
-0.244437
-0.217650
-0.194210
-0.177468
-0.157377
-0.127241
-0.110499
-0.093757
-0.066969
-0.040181
-0.023439
-0.003348
0.016742
0.036833
0.060272
0.077014
0.090408
0.103802
0.120544
0.143984
0.150681
0.164074
0.177468
0.194210
0.214301
0.220998
0.234392
0.261180
0.264528
0.277922
0.284619
0.294664
0.314755
0.318103
0.341543
0.361633
0.371679
0.385072
0.395118
0.405163
0.405163
0.425254
0.441996
0.448693
0.468784
0.478829
0.482178
0.492223
0.505617
0.519011
0.508965
0.542450
0.549147
0.565889
0.575934
0.569238
0.589328
0.609419
0.609419
0.609419
0.626161
0.642904
0.659646
0.656297
0.689782
0.683085
0.709873
0.719918
0.713221
0.729963
0.740009
0.736660
0.766796
0.766796
0.796933
0.763448
0.790236
0.780190
0.813675
0.833766
0.810326
0.850508
0.853856
0.847159
0.887341
0.863902
0.894038
0.894038
0.883992
0.940916
0.910780
0.924174
0.930871
0.954310
0.954310
0.964355
0.961007
0.984446
0.984446
1.011234
0.984446
0.994492
0.987794
1.021279
1.007885
1.027976
1.068158
1.051415
1.084900
1.044718
1.071506
1.078203
1.078203
1.084900
1.088248
1.111687
1.081551
1.098294
1.135127
1.098294
1.138475
1.141824
1.148520
1.175308
1.178657
1.158566
1.238929
1.222186
1.188702
1.218838
1.205444
1.218838
1.228883
1.218838
1.225535
1.222186
1.222186
1.242277
1.222186
1.262368
1.259019
1.262368
1.259019
1.305898
1.272413
1.299201
1.325989
1.312595
1.322640
1.302549
1.336034
1.305898
1.292504
1.372867
1.359473
1.312595
1.379564
1.346079
1.339382
1.359473
1.362822
1.389609
1.339382
1.369519
1.382912
1.372867
1.362822
1.362822
1.413049
1.403003
1.392958
1.423094
1.406351
1.453230
1.429791
1.439836
1.463275
1.436488
1.433139
1.456578
1.466624
1.459927
1.456578
1.490063
1.506805
1.469972
1.486714
1.513502
1.503457
1.510154
1.456578
1.520199
1.459927
1.483366
1.493411
1.500108
1.506805
1.493411
1.503457
1.520199
1.486714
1.520199
1.516851
1.540290
1.526896
1.560381
1.557032
1.557032
1.557032
1.583820
1.577123
1.607259
1.567077
1.590517
1.543638
1.560381
1.570426
1.573774
1.546987
1.563729
1.600562
1.613956
1.593865
1.603910
1.600562
1.593865
1.610607
1.610608
1.597213
1.583820
1.637395
1.613956
1.647440
1.650789
1.704364
1.697667
1.670879
1.650789
1.634047
1.694319
1.624001
1.610607
1.620653
1.637395
1.667531
1.690970
1.687622
1.690970
1.650789
1.634047
1.684273
1.731152
1.684273
1.680925
1.670879
1.657486
1.784727
1.734500
1.821560
1.707713
1.687622
1.677577
1.717758
1.674228
1.737849
1.687622
1.694319
1.684273
1.701016
1.677577
1.734500
1.721106
1.711061
1.694319
1.741197
1.717758
1.764636
1.721106
1.754591
1.788076
1.801469
1.734500
1.757940
1.747894
1.761288
1.757939
1.747894
1.754591
1.744545
1.774682
1.734500
1.747894
1.791424
1.757939
1.744545
1.767985
1.781379
1.761288
1.761288
1.791424
1.814863
1.801469
1.788076
1.818212
1.798121
1.771333
1.841651
1.754591
1.798121
1.781379
1.811515
1.791424
1.781379
1.751243
1.801469
1.744546
1.791424
1.784727
1.831605
1.801469
1.774682
1.774682
1.814863
1.878484
1.798121
1.841651
1.808166
1.875135
1.841651
1.808166
1.828257
1.875135
1.818212
1.778030
1.801469
1.778030
1.824908
1.767985
1.818212
1.828257
1.865090
1.844999
1.861742
1.834954
1.878484
1.861742
1.865090
1.821560
1.871787
1.831606
1.851696
1.848348
1.918665
1.818212
1.838302
1.831605
1.861742
1.895226
1.834954
1.901923
1.824908
1.898575
1.858393
1.915317
1.885181
1.878484
1.895226
1.905272
1.895226
1.875135
1.898575
1.875135
1.968892
1.908620
1.868438
1.885181
1.844999
1.878484
1.865090
1.891878
1.885181
1.935408
1.901923
1.932059
1.938756
1.871787
1.898575
1.911968
1.982286
1.915317
1.918665
1.905272
1.888529
1.942104
1.895226
1.901923
1.861742
1.885181
1.861742
1.911968
1.922014
1.895226
1.928711
1.918665
1.932059
1.657486
1.711061
1.757940
1.774682
1.734500
1.630698
1.627350
1.523548
1.469972
1.403003
1.292504
1.145172
0.847159
0.485526
0.180817
-0.103802
-0.338194
-0.525708
-0.673040
-0.760100
-0.746706
-0.562541
-0.361633
-0.241089
-0.308058
-0.364982
-0.505617
-0.515662
-0.622813
-0.632858
-0.693130
-0.753403
-0.756751
-0.790236
-0.830417
-0.820372
-0.870599
-0.904083
-0.937568
-0.924174
-0.997840
-1.017931
-1.001188
-1.054764
-1.084900
-1.125081
-1.135127
-1.185354
-1.195399
-1.182005
-1.205444
-1.198747
-1.248974
-1.242277
-1.259019
-1.255671
-1.312595
-1.315943
-1.279110
-1.329337
-1.349428
-1.336034
-1.379564
-1.359473
-1.382912
-1.392958
-1.416397
-1.362822
-1.215490
-0.706524
0.023439
0.287967
0.184165
0.184165
0.113848
0.043530
-0.003348
-0.010045
0.003348
0.033485
0.023439
-0.003348
-0.020091
-0.026788
-0.066969
-0.077014
-0.093757
-0.103802
-0.123893
-0.133938
-0.147332
-0.167423
-0.167423
-0.197559
-0.194210
-0.210953
-0.220998
-0.234392
-0.254483
-0.264528
-0.274573
-0.294664
-0.301361
-0.321452
-0.334846
-0.348239
-0.358285
-0.385072
-0.398466
-0.401815
-0.415209
-0.435299
-0.475481
-0.478829
-0.495571
-0.495571
-0.522359
-0.535753
-0.582631
-0.592677
-0.626161
-0.679737
-0.696479
-0.736660
-0.867250
-0.937568
-0.984446
-1.104990
-1.125081
-1.192050
-1.192050
-1.309246
-1.325989
-1.366170
-1.426442
-1.423094
-1.469972
-1.459927
-1.516851
-1.546987
-1.540290
-1.563729
-1.583820
-1.624001
-1.620653
-1.650789
-1.644092
-1.667531
-1.660834
-1.684273
-1.694319
-1.697667
-1.717758
-1.707713
-1.714409
-1.670880
-1.707713
-1.721106
-1.741197
-1.707713
-1.734500
-1.727803
-1.727803
-1.757940
-1.737849
-1.737849
-1.801469
-1.757940
-1.784727
-1.727803
-1.473321
-1.265716
-0.927522
-0.686433
-0.475481
-0.318103
-0.170771
-0.030136
0.083711
0.234392
0.338194
0.415209
0.559192
0.669691
0.753403
0.733312
0.800281
0.937568
1.064809
1.168611
1.272413
1.396306
1.459927
1.459927
1.520199
1.573774
1.660834
1.717758
1.834954
1.905271
2.012422
2.019119
2.099482
2.159754
2.189890
2.283647
2.276950
2.283647
2.387449
2.427631
2.400843
2.437676
2.494600
2.504645
2.518039
2.387449
2.444373
2.447721
2.558220
2.531433
2.477857
2.554872
2.611796
2.598402
2.585008
2.598402
2.641932
2.548175
2.591705
2.558220
2.605099
2.605099
2.581660
2.628538
2.651977
2.651977
2.672068
2.651977
2.692159
2.675416
2.705553
2.749082
2.712250
2.705553
2.665371
2.638583
2.655326
2.705553
2.695507
2.678765
2.672068
2.708901
2.678765
2.655326
2.658674
2.404191
1.935408
1.346079
0.880644
0.462087
0.093757
-0.231043
-0.485526
-0.706524
-0.890689
-0.716570
-0.649601
-0.719918
-0.796933
-0.823720
-0.877295
-0.894038
-0.937568
-0.974401
-1.001188
-1.034673
-1.058112
-2.199936
-2.266905
-2.246814
-2.323828
-2.350616
-2.340571
-2.387449
-2.451070
-2.464464
-2.494600
-2.534781
-2.558220
-2.551524
-2.467812
-2.608447
-2.608447
-2.574963
-2.574963
-2.568266
-2.625189
-2.648629
-2.534781
-2.605099
-2.635235
-2.668720
-2.675416
-2.635235
-2.655326
-2.648629
-2.675416
-2.638583
-2.672068
-2.675416
-2.672068
-2.662023
-2.665371
-2.658674
-2.658674
-2.672068
-2.685462
-2.668720
-2.712250
-2.655326
-2.678765
-2.749082
-2.712249
-2.725643
-2.675416
-2.638583
-2.662023
-2.662023
-2.665371
-2.655326
-2.655326
-2.702204
-2.702204
-2.682113
-2.712249
-2.708901
-2.722295
-2.698856
-2.625190
-2.685462
-2.347268
-1.871787
-1.332685
-0.860553
-0.418557
-0.063621
0.237740
0.505617
0.743357
0.940916
1.088248
1.279110
1.416397
1.540290
1.603910
1.674228
1.741197
1.861742
1.968892
2.079391
2.045907
2.129618
2.183193
2.226723
2.297041
2.293693
2.320480
2.384101
2.400843
2.420934
2.404191
2.461115
2.477857
2.521387
2.561569
2.554872
2.581660
2.598402
2.615144
2.611796
2.605099
2.601750
2.655326
2.621841
2.588356
2.641932
2.648629
2.591705
2.598402
2.688810
2.692159
2.678765
2.705553
2.722295
2.615144
2.631886
2.655326
2.675416
2.675416
2.685462
2.685462
2.641932
2.718946
2.662023
2.745734
2.628538
2.662023
2.742385
2.672068
2.715598
2.692159
2.672068
2.702204
2.695507
2.692159
2.682113
2.705553
2.665371
2.705553
2.749082
2.648629
2.695507
2.682113
2.718946
2.712250
2.374055
1.898575
1.346079
0.883992
0.441996
0.083711
-0.231043
-0.498920
-0.740009
-0.900735
-1.074854
-1.275762
-1.389609
-1.493411
-1.627350
-1.674228
-1.814863
-1.871787
-1.965544
-2.022468
-2.062649
-2.163102
-2.169800
-2.199936
-2.273602
-2.276950
-2.374055
-2.410888
-2.410888
-2.397495
-2.437676
-2.454418
-2.474509
-2.521387
-2.611796
-2.487903
-2.534781
-2.511342
-2.645280
-2.631886
-2.651977
-2.588356
-2.581660
-2.665371
-2.618493
-2.638583
-2.675416
-2.598402
-2.605099
-2.655326
-2.685462
-2.678765
-2.662023
-2.725643
-2.685462
-2.682113
-2.651977
-2.678765
-2.638583
-2.705553
-2.662023
-2.705553
-2.665371
-2.712250
-2.665371
-2.695507
-2.678765
-2.682113
-2.698856
-2.712249
-2.698856
-2.695507
-2.739037
-2.688810
-2.685462
-2.675416
-2.662023
-2.692159
-2.672068
-2.725643
-2.638583
-2.715598
-2.695507
-2.698855
-2.695507
-2.317132
-1.918665
-1.372867
-0.843811
-0.438648
-0.060272
0.247786
0.508965
0.713221
0.940916
1.071506
1.279110
1.419745
1.520199
1.634047
1.714409
1.791424
1.881832
1.915317
2.012422
2.065997
2.143012
2.183193
2.220026
2.286995
2.293693
2.384101
2.333874
2.400843
2.420934
2.404191
2.551523
2.504645
2.548175
2.568266
2.514691
2.601750
2.608447
2.608447
2.588356
2.618493
2.625189
2.598402
2.621841
2.668720
2.635235
2.611796
2.675416
2.668720
2.651977
2.715598
2.621841
2.702204
2.678765
2.682113
2.675416
2.638583
2.698855
2.675416
2.685462
2.705553
2.718946
2.718946
2.722295
2.702204
2.692159
2.708901
2.685462
2.718946
2.732340
2.645280
2.718946
2.702204
2.745734
2.728992
2.682113
2.775870
2.712250
2.698855
2.739037
2.682113
2.678765
2.775870
2.695507
2.678765
2.595053
2.702204
2.728992
2.651977
2.712250
2.705553
2.735689
2.769173
2.698855
2.685462
2.705553
2.695507
2.735689
2.655326
2.665371
2.682113
2.722295
2.728992
2.675416
2.702204
2.725643
2.682113
2.722295
2.685462
2.658674
2.695507
2.705553
2.728992
2.708901
2.648629
2.698856
2.718946
2.718946
2.635235
2.688810
2.708901
2.655326
2.705553
2.698855
2.712249
2.705553
2.725643
2.695507
2.685462
2.655326
2.695507
2.762476
2.712249
2.658674
2.641932
2.682113
2.658674
2.742385
2.655326
2.635235
2.641932
2.678765
2.779218
2.732340
2.675416
2.705553
2.655326
2.728992
2.688810
2.715598
2.705553
2.685462
2.705553
2.702204
2.672068
2.631886
2.705553
2.692159
2.695507
2.618493
2.698856
2.779218
2.708901
2.708901
2.625190
2.698856
2.702204
2.695507
2.682113
2.742385
2.682113
2.718946
2.651977
2.769173
2.658674
2.678765
2.735689
2.715598
2.728992
2.678765
2.668720
2.775870
2.675416
2.685462
2.695507
2.645280
2.708901
2.678765
2.695507
2.672068
2.668720
2.742385
2.705553
2.725643
2.688810
2.698855
2.728992
2.675416
2.688810
2.708901
2.675416
2.732340
2.698856
2.715598
2.742385
2.732340
2.715598
2.672068
2.718946
2.702204
2.675416
2.648629
2.712249
2.708901
2.692159
2.631886
2.688810
2.725643
2.785916
2.655326
2.708901
2.695507
2.702204
2.708901
2.718946
2.581660
2.715598
2.655326
2.702204
2.692159
2.685462
2.698856
2.728992
2.725643
2.752431
2.611796
2.668720
2.685462
2.722295
2.708901
2.675416
2.715598
2.698856
2.698855
2.712249
2.655326
2.692158
2.752431
2.708901
2.668720
2.641932
2.735689
2.725643
2.759128
2.675416
2.293693
1.885181
1.329337
0.877295
0.441996
0.066969
-0.251134
-0.525708
-0.763448
-0.937568
-1.098294
-1.282459
-1.386261
-1.536942
-1.607259
-1.731152
-1.794772
-1.908620
-1.922014
-2.045907
-2.092785
-2.082740
-2.243466
-2.216678
-2.307086
-2.337222
-2.347268
-2.377404
-2.420934
-2.427631
-2.451070
-2.491251
-2.521387
-2.497948
-2.511342
-2.551523
-2.621841
-2.521387
-2.571614
-2.608447
-2.615144
-2.635235
-2.618493
-2.631886
-2.641932
-2.645280
-2.662023
-2.651977
-2.692159
-2.631886
-2.635235
-2.678765
-2.655326
-2.662023
-2.678765
-2.695507
-2.715598
-2.672068
-2.675416
-2.658674
-2.658674
-2.688810
-2.665371
-2.675416
-2.732340
-2.708901
-2.621841
-2.702204
-2.688810
-2.682113
-2.722295
-2.688810
-2.715598
-2.698856
-2.651977
-2.665371
-2.688810
-2.712250
-2.695507
-2.675416
-2.702204
-2.722295
-2.728992
-2.695507
-2.672068
-2.698856
-2.685462
-2.749082
-2.695507
-2.672068
-2.678765
-2.655326
-2.712250
-2.742385
-2.678765
-2.718946
-2.698856
-2.685462
-2.712249
-2.732340
-2.732340
-2.698855
-2.692159
-2.675416
-2.712249
-2.682113
-2.685462
-2.628538
-2.705553
-2.718946
-2.712249
-2.678765
-2.692159
-2.742385
-2.682113
-2.735689
-2.658674
-2.705553
-2.695507
-2.692159
-2.688810
-2.705553
-2.698855
-2.675416
-2.695507
-2.605099
-2.725643
-2.725643
-2.665371
-2.725643
-2.715598
-2.732340
-2.755780
-2.678765
-2.682113
-2.662023
-2.695507
-2.702204
-2.708901
-2.718946
-2.675416
-2.685462
-2.685462
-2.739037
-2.722295
-2.682113
-2.618493
-2.712250
-2.698855
-2.698856
-2.635235
-2.645280
-2.718946
-2.695507
-2.698855
-2.725643
-2.665371
-2.732340
-2.722295
-2.712250
-2.695507
-2.722295
-2.645280
-2.688810
-2.705553
-2.692159
-2.725643
-2.685462
-2.688810
-2.718946
-2.447721
-1.871787
-1.322640
-0.820372
-0.395118
-0.023439
0.291316
0.555844
0.780190
0.971052
1.125081
1.312595
1.413049
1.560381
1.640743
1.707713
1.788076
1.911968
1.955498
2.025816
2.106179
2.129618
2.193239
2.223375
2.270253
2.313783
2.317132
2.384101
2.434328
2.518039
2.477857
2.548175
2.521387
2.534781
2.554872
2.544827
2.611796
2.605099
2.514691
2.665371
2.585008
2.625190
2.668720
2.625189
2.665371
2.631886
2.662023
2.668720
2.585008
2.705553
2.638583
2.698856
2.648629
2.678765
2.722295
2.665371
2.742385
2.655326
2.682113
2.702204
2.692159
2.682113
2.682113
2.688810
2.718946
2.651977
2.665371
2.675416
2.692159
2.779218
2.688810
2.688810
2.685462
2.688810
2.749082
2.672068
2.658674
2.665371
2.742385
2.702204
2.698855
2.688810
2.742385
2.675416
2.735689
2.675416
2.712249
2.725643
2.668720
2.692159
2.725643
2.682113
2.708901
2.705553
2.702204
2.665371
2.698855
2.695507
2.745734
2.648629
2.705553
2.718946
2.675416
2.735689
2.682113
2.715598
2.732340
2.688810
2.725643
2.695507
2.718946
2.698855
2.708901
2.692159
2.718946
2.725643
2.658674
2.692159
2.678765
2.782567
2.698855
2.712249
2.672068
2.658674
2.692159
2.678765
2.655326
2.705553
2.678765
2.732340
2.715598
2.692159
2.735689
2.749082
2.759128
2.718946
2.715598
2.685462
2.618493
2.759128
2.682113
2.712250
2.685462
2.732340
2.745734
2.698855
2.708901
2.715598
2.692159
2.695507
2.722295
2.668720
2.708901
2.675416
2.762476
2.655326
2.655326
2.641932
2.695507
2.752431
2.708901
2.695507
2.682113
2.722295
2.725643
2.635235
2.685462
2.688810
2.775870
2.672068
2.451070
1.858393
1.342731
0.873947
0.415209
0.063621
-0.244437
-0.495571
-0.763448
-0.940916
-1.118384
-1.285807
-1.396306
-1.503457
-1.644092
-1.711061
-1.858393
-1.875135
-1.955498
-2.015770
-2.069346
-2.193239
-2.203284
-2.223375
-2.276950
-2.323829
-2.353965
-2.370707
-2.430979
-2.474509
-2.497948
-2.471161
-2.464464
-2.501297
-2.538130
-2.561569
-2.514691
-2.558220
-2.571614
-2.625190
-2.678765
-2.621841
-2.611796
-2.618493
-2.651977
-2.635235
-2.615144
-2.658674
-2.608447
-2.658674
-2.625189
-2.651977
-2.645280
-2.718946
-2.628538
-2.631886
-2.745734
-2.651977
-2.672068
-2.715598
-2.651977
-2.668720
-2.655326
-2.718946
-2.725643
-2.631886
-2.732340
-2.682113
-2.695507
-2.702204
-2.692159
-2.655326
-2.641932
-2.672068
-2.651977
-2.668720
-2.702204
-2.739037
-2.638583
-2.688810
-2.635235
-2.745734
-2.745734
-2.648629
-2.655326
-2.441025
-1.908620
-1.312595
-0.843811
-0.418557
-0.043530
0.274573
0.539101
0.753403
0.971052
