0.181851
0.057624
-0.078996
-0.123090
-0.028471
-0.217509
0.017708
0.014324
0.117857
0.062591
0.170180
0.041104
0.148499
-0.038710
-0.042639
0.014050
-0.066364
0.189981
-0.187720
0.054722
-0.020246
0.253378
-0.115671
0.155725
-0.084737
0.029623
-0.043892
0.013017
-0.118473
0.177802
0.129504
-0.132715
0.209561
-0.067699
-0.034293
-0.162294
0.000888
-0.021174
0.183228
-0.021197
-0.436430
-0.076637
-0.222770
-0.524544
-0.057145
-0.451925
-0.219129
-0.236229
-0.020087
0.890262
0.005081
-0.287642
0.154957
-0.449029
0.019532
0.051452
-0.030836
0.037485
-0.491814
-0.230276
0.627223
0.170604
0.259316
0.280994
-0.061455
0.092914
-0.489468
-0.178528
-0.326760
0.018040
0.317818
-0.453514
0.059826
0.054019
-0.589708
0.139767
0.334325
0.245468
0.090288
-0.126941
0.005892
-0.288667
0.090972
-0.075805
-0.572009
-0.037699
0.164571
0.708134
0.125453
-0.170950
-0.081409
0.229703
0.369928
-0.106472
-0.322798
0.456182
0.435726
-0.203158
0.474690
0.084455
-0.135337
-0.396981
0.251853
0.628502
-0.259681
0.518931
0.068250
0.058896
-0.005870
-0.243875
-0.528962
0.052689
-0.003792
-0.113229
-0.221570
-0.187473
-0.140329
-0.500659
0.557252
0.148281
0.214989
-0.552465
-0.029840
-0.185550
-0.362067
-0.025254
0.310306
-0.225121
-0.090170
0.037726
0.340375
-0.031458
0.087238
-0.066386
-0.078430
-0.069856
-0.007982
-0.165001
-0.182133
-0.305291
-0.693865
-0.844711
-0.011140
-0.345952
-0.156140
-0.166111
-0.253432
-0.381804
-0.403194
-0.894751
-0.837505
-0.149078
1.078983
1.316912
1.361223
1.314829
-0.107668
2.314527
-0.076250
-0.217629
-0.111707
-0.719404
0.136150
0.030878
0.651934
0.009587
-0.522887
0.004839
0.145677
0.063817
0.027046
-0.110215
0.052156
-0.131162
-0.139778
-0.045710
-0.117602
-0.540330
-0.050651
-0.067014
-0.172640
0.805609
-0.625755
0.056543
-0.141100
0.038174
0.660229
0.855435
-0.464096
0.102346
0.147964
0.101659
-0.193319
0.090785
0.262331
-0.027089
-0.099929
-0.011171
0.152093
-0.038038
-0.018136
0.494706
0.098371
-0.159718
-0.325535
0.122377
-0.200236
0.062087
0.177318
-0.017024
0.592411
-0.453422
-0.120342
-0.021650
-0.033617
0.133658
-0.511711
0.389390
-0.417193
0.431544
0.168979
-0.426352
0.128743
0.097251
0.061205
0.076250
-0.713202
-0.065095
-0.129548
-0.047267
-0.552561
-0.032562
0.083605
0.140895
-0.242516
-0.356175
-0.400536
-0.169379
-0.116665
0.053147
-0.076443
0.487711
0.315369
-0.051189
-0.038934
0.415708
-0.032885
0.384846
-0.214322
-0.021514
-0.063006
0.498657
0.120454
0.427827
-0.330391
-0.246372
0.346210
-0.107204
0.214850
0.617012
0.161188
0.417911
0.074132
0.167839
-0.082030
-0.627224
-0.661479
-0.491386
-0.179508
-0.031888
-0.455190
-0.137985
-0.268085
0.127305
-0.197856
0.305892
0.198329
0.371592
0.155598
-0.028617
0.171909
-0.108019
-0.405115
-0.110143
-0.455786
-0.371977
0.027688
-0.232775
0.744468
0.640792
-0.350624
0.225027
1.044735
-0.319555
0.276733
-0.069248
0.055667
0.060897
-0.359620
0.058522
0.529067
0.422461
-0.317529
-0.437492
0.014340
-0.053554
-0.169002
-0.549290
-0.018851
-0.018660
0.038675
-0.822543
-0.151911
0.001294
-0.005779
-0.743492
-1.087030
-0.271557
0.384364
0.203568
-0.034521
-0.436043
-0.011108
0.124922
0.088893
0.224838
-0.084373
0.222987
0.084074
0.013493
-0.021536
0.284182
-0.039940
0.029373
-0.201068
-0.000816
-0.032444
-0.138429
0.056031
0.075179
0.024464
0.142027
-0.027716
0.044918
0.022119
0.206553
0.067894
-0.272573
-0.227351
-0.054885
0.198193
0.172265
0.068052
-0.133849
-0.023526
-0.038546
0.114580
0.015034
-0.038876
-0.034485
0.239973
-0.050804
0.123749
0.265581
0.247673
0.235845
-0.380309
0.088074
0.125201
0.210878
-0.267426
-0.190266
-0.002860
0.038540
0.122022
-0.007148
0.309972
-0.124591
0.041569
0.007327
-0.114387
0.344142
0.125486
0.042930
0.119565
0.146133
-0.213251
-0.042052
0.333504
-0.023485
0.075687
-0.066900
0.001209
-0.197210
0.296886
-0.140409
-0.000602
0.041170
-0.012136
-0.235425
0.046723
0.105536
-0.113743
-0.231733
-0.159946
-0.348108
0.039544
0.153587
0.091733
-0.263380
-0.010920
-0.047087
0.096943
-0.240196
-0.570101
-0.240875
0.661903
-0.399478
-0.337855
-0.073993
0.764539
0.465974
-0.282826
0.243999
0.176793
0.291399
0.129986
0.091294
-0.061638
0.401915
-0.223498
-0.317695
0.280192
-0.386104
-0.088087
-0.423996
0.111081
0.165237
-0.287565
0.218341
0.095954
0.069421
0.283830
-0.196209
0.285607
0.294209
-0.664005
-0.195737
-0.136372
0.122535
0.390889
0.610605
-0.449259
0.194621
0.020277
-0.099984
-0.814593
0.246479
0.423489
0.365416
0.318152
-0.322341
0.038257
0.242220
-0.051695
-0.068600
-0.146797
-0.164454
0.179321
0.522583
0.121489
0.458018
0.048752
0.309767
0.121886
-0.270063
0.011627
-0.152866
-0.211787
-0.264267
-0.111757
-0.222728
-0.078699
0.072864
-0.210949
-0.363705
-0.462852
0.082552
-0.091978
-0.084381
0.357587
0.331966
0.912602
-0.122723
-0.431271
-0.219485
-0.189037
0.423942
-0.022048
-0.308606
-0.140255
-0.510646
0.941378
0.528890
0.027919
-0.316477
-0.090698
1.281406
-0.170326
0.192292
-0.333974
-0.121844
0.029625
1.555601
-0.668400
0.218589
0.339183
0.363910
-0.187162
-0.185426
0.187626
0.140240
-0.155672
-0.234526
-0.120336
-0.442534
0.101090
-0.211461
0.085090
0.036109
0.215484
-0.102236
2.172123
-0.347575
-0.079023
-0.177705
-0.203341
0.824256
0.102536
-0.368964
0.054442
0.488675
0.225685
0.152998
-0.150223
0.014890
0.475737
0.295087
0.357960
0.471698
-0.100534
-0.107856
0.035804
-0.363896
-0.090094
0.546027
2.190316
4.190032
2.139616
2.373067
0.867954
-0.151555
-1.041104
-1.614109
-0.439928
-0.979862
-0.419642
-0.757383
-0.394050
0.000000
0.000000
0.000000
0.000000
0.000000
0.000000
0.000000
0.000000
0.000000
0.000000
0.000000
0.000000
0.000000
0.000000
0.000000
0.000000
0.000000
0.000000
0.000000
0.000000
0.000000
0.000000
0.000000
0.000000
0.000000
0.000000
0.000000
0.000000
0.000000
0.000000
0.000000
0.000000
0.000000
0.000000
0.000000
0.000000
0.000000
0.000000
0.000000
0.000000
0.000000
0.000000
0.000000
0.000000
0.000000
0.000000
0.000000
0.000000
0.000000
0.000000
0.000000
0.000000
0.000000
0.000000
0.000000
0.000000
0.000000
0.000000
0.000000
0.000000
0.000000
0.000000
0.000000
0.000000
0.000000
0.000000
0.000000
0.000000
0.000000
0.000000
0.000000
0.000000
0.000000
0.000000
0.000000
0.000000
0.000000
0.000000
0.000000
0.000000
0.000000
0.000000
0.000000
0.000000
0.000000
0.000000
0.000000
0.000000
0.000000
0.000000
0.000000
0.000000
0.000000
0.000000
0.000000
0.000000
0.000000
0.000000
0.000000
0.000000
0.000000
0.000000
0.000000
0.000000
0.000000
0.000000
0.000000
0.000000
0.000000
0.000000
0.000000
0.000000
0.000000
0.000000
0.000000
0.000000
0.000000
0.000000
0.000000
0.000000
0.000000
0.000000
0.000000
0.000000
0.000000
0.000000
0.000000
0.000000
0.000000
0.000000
0.000000
0.000000
0.000000
0.000000
0.000000
0.000000
0.000000
0.000000
0.000000
0.000000
0.000000
0.000000
0.000000
0.000000
0.000000
0.000000
0.000000
0.000000
0.000000
0.000000
0.000000
0.000000
0.000000
0.000000
0.000000
0.000000
0.000000
0.000000
0.000000
0.000000
0.000000
0.000000
0.000000
0.000000
0.000000
0.000000
0.000000
0.000000
0.000000
0.000000
0.000000
0.000000
0.000000
0.000000
0.000000
0.000000
0.000000
0.000000
0.000000
0.000000
0.000000
0.000000
0.000000
0.000000
0.000000
0.000000
0.000000
0.000000
0.000000
0.000000
0.000000
0.000000
0.000000
0.000000
0.000000
0.000000
0.000000
0.000000
0.000000
0.000000
0.000000
0.000000
0.000000
0.000000
0.000000
0.000000
0.000000
0.000000
0.000000
0.000000
0.000000
0.000000
0.000000
0.000000
0.000000
0.000000
0.000000
0.000000
0.000000
0.000000
0.000000
0.000000
0.000000
0.000000
0.000000
0.000000
0.000000
0.000000
0.000000
0.000000
0.000000
0.000000
0.000000
0.000000
0.000000
0.000000
0.000000
0.000000
0.000000
0.000000
0.000000
0.000000
0.000000
0.000000
0.000000
0.000000
0.000000
0.000000
0.000000
0.000000
0.000000
0.000000
0.000000
0.000000
0.000000
0.000000
0.000000
0.000000
0.000000
0.000000
0.000000
0.000000
0.000000
0.000000
0.000000
0.000000
0.000000
0.000000
0.000000
0.000000
0.000000
0.000000
0.000000
0.000000
0.000000
0.000000
0.000000
0.000000
0.000000
0.000000
0.000000
0.000000
0.000000
0.000000
0.000000
0.000000
0.000000
0.000000
0.000000
0.000000
0.000000
0.000000
0.000000
0.000000
0.000000
0.000000
0.000000
0.000000
0.000000
0.000000
0.000000
0.000000
0.000000
0.000000
0.000000
0.000000
0.000000
0.000000
0.000000
0.000000
0.000000
0.000000
0.000000
0.000000
0.000000
0.000000
0.000000
0.000000
0.000000
0.000000
0.000000
0.000000
0.000000
0.000000
0.000000
0.000000
0.000000
0.000000
0.000000
0.000000
0.000000
0.000000
0.000000
0.000000
0.000000
0.000000
0.000000
0.000000
0.000000
0.000000
0.000000
0.000000
0.000000
0.000000
0.000000
0.000000
0.000000
0.000000
0.000000
0.000000
0.000000
0.000000
0.000000
0.000000
0.000000
0.000000
0.000000
0.000000
0.000000
0.000000
0.000000
0.000000
0.000000
0.000000
0.000000
0.000000
0.000000
0.000000
0.000000
0.000000
0.000000
0.000000
0.000000
0.000000
0.000000
0.000000
0.000000
0.000000
0.000000
0.000000
0.000000
0.000000
0.000000
0.000000
0.000000
0.000000
0.000000
0.000000
0.000000
0.000000
0.000000
0.000000
0.000000
0.000000
0.000000
0.000000
0.000000
0.000000
0.000000
0.000000
0.000000
0.000000
0.000000
0.000000
0.000000
0.000000
0.000000
0.000000
0.000000
0.000000
0.000000
0.000000
0.000000
0.000000
0.000000
0.000000
0.000000
0.000000
0.000000
0.000000
0.000000
0.000000
0.000000
0.000000
0.000000
0.000000
0.000000
0.000000
0.000000
0.000000
0.000000
