-0.151237
-0.073619
0.531429
0.367370
0.261387
0.437865
1.051661
0.434157
0.503385
-0.339258
-0.114323
0.042593
-0.125529
-0.339066
-0.326890
-0.190998
-0.485649
-0.287988
-0.062448
0.003294
0.073247
0.293052
0.120002
-0.097638
-0.249618
-0.303907
0.050426
-0.080377
0.123173
0.127677
-0.027765
-0.053151
-0.175748
-0.046666
-0.080072
0.024048
-0.309952
-0.104388
0.172698
-0.226574
0.035745
-0.057257
0.018466
0.062510
0.343670
0.027734
0.164218
-0.016169
0.091570
0.099671
0.051380
0.002765
-0.076806
-0.000728
0.093427
0.072902
0.028615
0.163147
-0.068406
0.061252
-0.033133
-0.192955
-0.496244
-0.479114
-0.259921
-0.480873
-0.209226
-0.299721
-0.223158
-0.102070
-0.200808
-0.352128
-0.107404
-0.214586
-0.099437
0.370924
-0.050956
0.509418
0.165796
1.027841
0.169406
0.011150
-0.096751
-0.221105
-0.148676
-0.113093
0.022845
0.026220
0.298255
0.032147
-0.046504
-0.027930
0.572843
-0.124906
0.230254
-0.034540
0.350303
0.149068
0.097023
-0.140819
0.108478
-0.067772
0.119846
0.103567
-0.089358
0.189272
0.097397
0.156517
0.027931
0.072292
0.170041
-0.067119
-0.038368
-0.065091
-0.075978
-0.179316
-0.139033
-0.056183
-0.033042
-0.057537
0.092860
-0.120848
0.096065
0.082014
-0.064475
0.168089
0.265893
0.553615
0.640401
0.028083
-0.026247
0.372879
0.504607
-0.177884
0.628257
0.657477
0.096160
0.411815
-0.063770
-0.107082
0.247057
0.081644
-0.317023
-0.176728
-0.799653
-0.253235
-0.228556
0.172819
0.155443
0.043435
0.341228
0.312933
0.072913
-0.078396
-0.093205
-0.296005
-0.173809
-0.225253
0.074147
0.132302
0.015985
-0.074886
-0.115303
0.139254
-0.058337
0.538001
-0.556633
-0.120010
-0.001944
0.118911
-0.153039
0.204339
0.025342
-0.196039
-0.106134
-0.408593
-0.052463
-0.144713
0.113314
-0.067666
0.145690
-0.101312
0.010304
-0.047795
0.075051
0.069958
-0.006202
0.160609
0.092212
0.036368
-0.168828
-0.296160
-0.390902
-0.636924
-0.325745
-0.400764
-0.264594
-0.137767
-0.318017
-0.028548
-0.146411
-0.292506
-0.037876
-0.172299
-0.128824
0.033584
-0.304396
0.208433
0.536700
0.268819
0.307956
0.069614
-0.082743
-0.036057
-0.070241
-0.097721
-0.171095
-0.004806
0.033483
-0.019470
-0.503022
0.135273
0.094962
-0.112810
-0.128481
-0.133020
-0.013116
0.179399
0.009670
0.131856
-0.147394
0.227411
0.061182
0.014040
0.090917
0.060970
0.092695
-0.030510
-0.017102
-0.080397
-0.010151
-0.141498
-0.027263
-0.137816
0.198020
-0.199224
-0.265885
-0.048440
0.058018
0.030488
0.013617
-0.017332
-0.111094
-0.057010
0.139769
0.416471
0.364157
0.221560
0.448011
0.233061
-0.099732
-0.050815
0.214939
0.563449
0.419804
-0.011616
0.241587
0.324152
0.312191
-0.581543
0.167292
-0.153905
-0.531735
-0.502682
-0.678123
-0.046547
-0.325765
0.341682
0.177834
-0.007538
0.362113
0.377316
-0.295922
-0.096414
-0.212917
-0.267974
-0.192170
-0.089489
-0.183573
0.054256
0.096880
0.174264
0.016997
-0.294888
-0.115263
-0.108455
-0.085489
0.093588
-0.030089
-0.003292
-0.161440
-0.241108
-0.159894
-0.042124
0.009653
-0.268420
-0.097108
-0.279729
-0.113494
0.053692
-0.153163
-0.118359
-0.077584
0.187830
0.128669
-0.014288
-0.079809
0.008541
-0.065112
0.106218
-0.262047
-0.306883
-0.603299
-0.492376
-0.322208
-0.132747
0.047272
-0.108321
-0.159960
-0.024133
-0.108393
-0.399843
-0.045367
-0.213420
-0.369414
0.199892
-0.037013
0.643824
0.524847
0.509948
0.285287
0.190054
0.121653
-0.180285
-0.269277
-0.104146
-0.112551
-0.030534
0.076311
0.147072
0.047649
-0.185989
0.167472
0.043762
0.182154
-0.094193
-0.052532
-0.054427
-0.128084
0.062823
0.188223
-0.042490
0.149848
0.063248
-0.103381
0.031048
-0.054704
0.124866
0.217033
0.257684
0.164316
0.037483
0.186001
0.091187
0.037777
-0.033208
-0.063230
0.137529
-0.003067
-0.079120
-0.054423
0.051528
-0.156890
-0.002928
-0.039704
0.093762
0.354331
0.379813
0.568877
0.384856
0.103922
0.587439
0.133210
0.021626
0.112716
1.021963
0.073597
-0.332120
-0.081155
0.032419
-0.252358
0.419875
-0.135804
-0.444985
-0.515136
-0.179436
-0.186370
0.031393
-0.011529
0.216096
0.302385
0.216860
-0.049371
-0.166159
-0.033321
-0.139146
0.131725
-0.137882
0.046342
0.058181
-0.019783
0.193458
0.005852
0.006235
-0.032912
-0.072842
-0.135667
0.030008
0.113645
-0.138172
0.056791
0.024427
0.049474
0.011689
-0.185671
-0.283400
-0.248248
0.125292
0.043506
0.206420
-0.080708
-0.160852
0.005486
-0.173403
-0.173831
-0.135347
-0.040136
-0.027876
-0.157924
0.103740
-0.224300
-0.527202
-0.642550
-0.301626
-0.280248
-0.225859
-0.140579
0.360829
-0.124210
0.356623
0.529007
0.609381
0.473127
0.418747
0.073661
-0.107238
-0.161271
0.021639
-0.031062
0.092146
0.405531
0.022814
0.239435
0.000770
-0.079044
0.029141
0.029596
-0.002370
-0.169613
0.086963
0.169819
0.057754
-0.084529
0.146894
0.057103
-0.085013
0.047619
0.087560
0.077638
-0.138762
0.015665
0.076307
-0.135458
0.101108
0.005560
0.048035
0.083129
0.107948
0.045333
0.086163
0.095527
0.185028
0.104870
0.163804
-0.024584
0.136862
0.150584
-0.238555
0.255750
0.132938
0.028708
-0.246986
-0.073202
-0.036741
-0.081529
-0.050827
-0.003008
0.012071
0.060536
-0.012744
-0.022415
-0.110863
-0.168813
0.132916
0.101640
-0.149220
-0.082053
-0.092802
-0.015958
0.221778
0.006262
-0.056051
0.054976
-0.205965
-0.219893
-0.149857
-0.190613
0.145680
-0.045159
0.182006
-0.226961
-0.155448
-0.142234
-0.057945
-0.122767
0.019138
-0.041183
0.048626
0.136608
0.233791
0.152126
0.165769
0.089669
0.090093
0.210414
-0.020835
0.285753
-0.050564
0.117543
-0.113606
-0.036184
0.145668
0.163813
-0.119956
-0.055381
-0.062290
-0.109105
-0.043926
0.098448
-0.050278
-0.028687
0.009919
-0.210142
-0.084039
0.058807
-0.036053
-0.120638
0.040052
-0.048131
-0.133078
-0.080353
-0.059093
0.107097
-0.196181
0.016256
-0.114407
-0.050204
-0.032664
-0.051697
0.159775
0.037806
-0.011571
-0.048150
0.227428
0.157106
0.109961
0.125542
0.189057
0.101785
-0.211039
-0.116386
0.102489
0.043936
0.032831
0.079578
-0.000655
-0.087560
-0.080245
-0.078080
-0.287711
-0.107948
-0.041025
-0.074176
0.095268
-0.041417
0.089779
-0.112892
0.024164
-0.014693
-0.053329
0.007028
-0.093310
-0.018424
-0.058310
-0.015843
-0.017264
-0.052209
-0.024417
-0.007243
-0.253194
-0.191458
-0.022871
0.126018
0.110462
-0.093261
0.037812
-0.043848
-0.116844
-0.072944
-0.042821
0.016221
-0.086429
0.105230
-0.010210
0.176662
0.123138
-0.010933
0.076165
-0.104398
0.011383
-0.190561
-0.052437
-0.206985
0.425141
0.010769
0.068103
-0.076050
-0.229159
0.025676
-0.098655
-0.052045
0.068703
-0.128842
0.090114
-0.107388
-0.019345
-0.123495
0.032327
0.034804
-0.119287
-0.326173
-0.152592
-0.183698
-0.058616
-0.111626
-0.086005
-0.146240
-0.113605
0.048085
-0.056011
0.012130
0.067380
0.117381
0.058534
-0.224193
0.015039
-0.043593
-0.114532
0.030837
0.069217
-0.034941
-0.095115
-0.086110
-0.003627
-0.011766
0.034255
0.027295
-0.152553
0.053143
0.170100
0.021280
-0.023686
0.080049
-0.152179
0.008900
-0.023557
0.045847
-0.022632
-0.127943
0.002590
-0.019081
0.120776
-0.182277
-0.098972
-0.230376
-0.123308
0.057432
0.022726
-0.057631
-0.057298
-0.016166
-0.172306
-0.031326
-0.198346
-0.049096
0.007759
0.098563
0.099087
-0.000210
0.167496
0.092465
0.079764
0.058349
0.116570
0.051807
0.114563
0.174516
-0.127468
0.037079
0.026243
0.062064
0.024825
-0.153146
0.026910
-0.118027
-0.132781
-0.269941
0.059304
-0.023023
0.098258
0.144114
-0.107839
-0.101412
-0.096710
-0.072754
-0.005777
0.167065
-0.174142
-0.221127
0.045908
-0.097978
-0.249456
-0.203035
-0.015856
-0.070310
-0.025346
-0.142770
0.013431
0.038640
0.034648
-0.017368
0.009377
-0.021838
0.029257
0.047781
0.138635
-0.020178
0.094818
0.122562
-0.154687
0.183015
-0.017727
0.034822
0.052851
0.067474
0.013884
0.067026
0.225197
0.276993
-0.275073
-0.057228
-0.053591
0.029448
0.012225
0.059771
0.020898
-0.103821
0.107689
-0.065846
0.116001
-0.097817
-0.137594
-0.296952
0.013035
-0.137058
-0.158558
-0.070434
-0.047162
-0.154255
0.042508
0.003937
-0.171700
0.057284
0.032640
-0.200356
0.035231
-0.010871
0.021905
-0.019029
0.092535
-0.174284
-0.154827
0.049085
0.102870
0.012920
-0.018845
0.234679
0.014697
0.076746
0.009942
0.111384
-0.041539
-0.275921
0.140934
-0.174424
-0.343252
-0.131243
-0.030775
0.075300
0.109017
-0.085281
-0.428654
-0.458261
-0.543539
-0.758235
-0.138525
-0.214157
-0.261184
-0.159591
0.081859
0.265025
0.559201
0.306004
0.136687
0.040436
-0.170079
-0.643469
-0.763123
-0.697371
-0.239745
-0.252448
-0.095759
0.143905
-0.227904
0.391318
0.595426
1.659107
0.172804
-0.126310
0.218474
0.326870
-0.062202
-0.209483
-0.004847
-0.032851
0.141451
0.221622
0.111702
-0.029234
0.047626
-0.009436
-0.026980
0.431089
0.220845
0.514904
0.644028
0.477720
0.588605
0.280334
0.224160
0.218131
0.128686
-0.388150
-0.259989
-0.391055
-0.330772
-0.112845
-0.028596
0.439452
0.384350
-0.077534
-0.128309
-0.235634
-0.111461
-0.247444
-0.371953
-0.202666
-0.050827
0.056232
0.045942
0.183803
0.033383
0.234513
-0.028234
-0.116870
-0.128072
0.040382
0.021989
0.212156
0.160355
0.049592
0.073256
0.104203
0.230372
0.048218
0.044714
0.227785
0.058620
-0.110517
-0.127422
-0.581092
-0.301877
-0.512132
-0.526890
-0.351752
-0.235508
-0.333132
-0.274631
-0.205892
-0.077088
0.011191
-0.230010
-0.355824
-0.517989
-0.390209
0.035274
0.174297
0.436168
0.656780
0.863744
0.219083
0.168618
0.286720
0.183110
-0.260751
-0.166210
-0.081053
-0.049792
-0.041017
0.036936
0.223290
-0.094473
0.452772
-0.113947
0.033518
-0.017569
-0.126957
0.018060
0.161304
-0.064800
0.333932
-0.179410
-0.442601
0.171985
-0.091088
-0.108157
0.207497
-0.133126
-0.043854
0.027851
0.136080
0.054923
-0.135038
-0.156138
-0.102602
-0.111403
0.170206
0.091442
0.147838
-0.000975
-0.249503
-0.336938
-0.071958
0.105870
-0.149223
0.050833
0.199241
0.278024
0.620697
0.491402
