-0.132794
-0.080277
-0.340982
-0.454700
-0.098437
0.009890
0.016089
-0.264675
0.091610
-0.091706
0.017981
0.181565
-0.294970
-0.206723
-0.022680
0.129280
0.069789
-0.155178
-0.076778
0.036111
-0.185984
0.000182
0.005534
0.452734
-0.163326
-0.302330
0.021699
-0.275887
-0.163770
-0.303792
-0.080207
-0.266580
0.078488
-0.071555
0.080485
0.324481
-0.467589
0.174355
0.165775
-0.092540
-0.108308
0.135838
0.749879
-0.035133
-0.081518
0.238942
-0.010867
-0.111163
-0.065099
-0.246815
-0.028153
0.082633
0.012538
0.053277
0.045528
-0.044165
-0.023800
-0.154342
-0.046913
-0.319223
0.615721
-0.023689
-0.142319
0.164804
-0.010917
-0.248806
-0.286923
0.147193
0.339877
0.373454
0.488111
-0.149936
-0.045791
-0.079528
-0.019790
0.129394
0.223343
-0.105915
0.200393
-0.170118
0.046052
0.244113
0.367752
0.250142
-0.141113
0.406110
0.491344
0.227194
0.338037
-0.041108
-0.175494
-0.064492
0.017283
-0.062637
0.226289
-0.024795
-0.308800
-0.376775
-0.290292
-0.330136
0.000352
-0.260340
-0.404417
-0.713740
-0.175982
-0.727963
-0.163394
-0.268553
-0.354148
-0.268776
-0.190283
-0.198384
-0.090419
-0.271138
-0.087737
-0.195961
1.114133
2.138307
1.004986
0.149556
-0.085390
0.277093
0.511014
0.928504
0.287747
0.801583
0.856649
0.095632
-0.257536
0.294485
0.212290
0.407461
0.463536
0.391307
0.017787
0.032334
0.168807
0.291639
0.050716
-0.264259
-0.741136
-1.125821
-0.649906
-0.644611
-0.494426
-0.891064
-0.169649
-0.353825
-1.020690
-0.370569
-0.737660
-0.134261
-0.097891
-0.168332
-0.328785
0.015545
-0.032735
-0.207080
-0.140454
-0.078376
-0.112518
-0.203600
-0.094711
0.404357
0.674349
1.795958
-0.428702
-0.068941
-0.120996
0.553944
1.568824
-0.277546
0.709887
0.662407
0.096618
0.924600
0.049649
-0.216359
0.261762
0.270694
0.188253
0.007209
0.099838
0.103634
0.389856
0.173247
-0.351498
-0.410254
-0.594082
0.211686
0.342300
-0.013535
-0.164606
-0.126338
-0.120888
-0.333885
-0.111935
-0.244573
-0.346669
-0.531062
-0.217677
-0.147050
0.144731
-0.014185
-0.033499
-0.228124
-0.244725
0.082857
-0.028180
0.269651
0.206153
0.276064
0.025967
0.005176
0.208864
-0.277303
-0.098350
0.165336
-0.001643
-0.085975
0.206959
0.108550
0.094532
0.216697
-0.050134
0.074636
0.185428
0.104846
0.320043
-0.164956
-0.371706
-0.094422
0.189961
0.077162
0.141268
0.309762
0.328529
0.134511
0.134502
-0.111978
0.393960
0.115173
-0.365619
-0.399902
-0.264554
0.080217
-0.181931
-0.469704
0.157461
-0.136424
0.003803
-0.445064
0.112353
-0.106306
0.139707
-0.149576
-0.254056
0.161685
-0.015406
-0.233184
0.063514
-0.372872
0.073924
0.062572
0.373862
0.400723
0.218944
-0.202224
-0.012378
0.093432
-0.137173
-0.179687
0.044411
-0.111048
0.438734
0.118908
-0.339661
-0.099421
-0.082298
0.188030
0.100694
-0.519487
0.114534
-0.185785
-0.472796
0.094331
-0.105212
-0.030663
0.298636
0.039962
0.177795
-0.273605
-0.172410
0.052247
0.144432
0.029518
-0.040616
-0.414982
-0.508060
-0.647115
-0.886755
0.153785
-0.196921
0.457301
0.331598
-0.247944
0.161963
0.467408
0.403458
0.559527
-0.222472
0.056177
-0.507332
-0.879002
-0.203268
-0.238529
-0.560743
-0.244082
-0.359181
0.581869
-0.036648
0.189515
0.798469
-0.047966
-0.006288
-0.178121
-0.067792
-0.378467
-0.320653
0.007048
-0.015925
0.056695
-0.059649
0.025895
0.012890
-0.077391
-0.168523
-0.163538
0.424098
0.343760
1.394458
0.422507
0.110354
0.265357
0.184163
-0.092079
-0.449158
-0.405817
-0.785419
-0.147202
-0.227015
-0.103272
0.210490
0.166168
0.014736
-0.212684
0.091664
0.279180
0.092840
0.066478
0.190778
0.387391
0.072737
-0.190550
-0.090025
-0.235765
0.337487
-0.021664
-0.595520
-0.039315
0.118043
0.095421
-0.012654
0.261767
-0.156975
-0.243849
0.186380
0.124941
0.023409
-0.897504
-0.921102
-0.715183
-0.578004
-0.205093
0.157007
0.153556
0.129246
0.154549
-0.146003
0.041500
-0.261999
-0.398070
-0.305734
-0.103780
-0.108836
-0.110670
0.571967
0.505986
0.516377
0.708493
0.001257
-0.363343
-0.185809
-0.099073
0.040558
-0.270753
0.236499
0.274676
-0.071875
1.130278
-0.905999
-0.399925
-0.157871
-0.293789
-0.361794
0.115138
0.024489
0.415973
-0.653967
-0.522829
-0.191701
0.045200
-0.113397
-0.014297
-0.153097
-0.285298
0.205738
0.148889
0.128068
0.153724
0.023602
-0.060594
0.025614
0.194480
-0.374117
0.746896
0.812943
1.005644
0.323033
1.521642
0.170437
-0.253750
-0.078017
-0.384350
0.103248
0.328533
0.355453
0.127302
0.074465
0.436251
-0.025982
0.379076
-0.167224
-0.259860
-0.081792
-0.132720
-0.129090
0.349983
0.038920
0.131557
-0.139270
-0.128035
0.067070
0.143879
0.130427
-0.252806
-0.032329
0.078131
-0.107754
-0.003354
-0.034942
0.121185
0.079364
0.510135
-0.228701
-0.162737
-0.337415
-0.230361
-0.066048
-0.007214
-0.083337
0.228476
-0.065420
0.294908
-0.265179
0.056327
-0.038078
-0.053105
0.035807
0.173745
-0.094618
-0.378332
-0.431514
-0.508447
-0.507542
-0.367653
-0.343276
0.044693
0.058039
-0.126418
-0.063688
-0.145776
-0.064213
-0.359180
-0.458114
-0.101018
0.359587
1.287044
0.722651
0.502684
0.337268
0.356891
-0.168583
-0.411634
-0.612224
0.164933
0.213005
0.139713
-0.045131
-0.006154
0.846623
-0.473408
-0.091765
-0.015103
-0.005099
0.074185
-0.079613
0.198794
0.458294
-0.266167
0.141169
-0.030216
0.063844
-0.125580
-0.050068
-0.081883
0.354303
-0.258918
0.061472
0.323907
0.285095
-0.017012
0.141062
0.053608
-0.072482
-0.127924
0.642477
0.169389
1.172862
0.448064
0.871152
0.104565
-0.246334
-0.034054
-0.175293
0.098752
0.033188
-0.079634
-0.246286
0.251104
0.034173
0.677762
-0.365119
-0.478251
-0.504292
-0.504703
-0.094179
-0.142687
-0.048241
0.337323
0.335790
0.055555
-0.124947
-0.072861
-0.275623
0.036290
0.328394
-0.036036
-0.033113
0.050020
0.170422
0.397726
-0.007866
0.230376
0.021338
0.087091
0.053990
0.249814
-0.189712
0.076737
0.285134
-0.266128
0.107294
-0.329289
0.228250
-0.076933
-0.216234
0.071746
-0.365056
-0.123843
-0.139744
-0.304112
-0.802279
-1.002826
-0.934744
-0.698267
-0.097233
-0.059328
0.322693
-0.028035
0.148461
0.040433
-0.251671
-0.138370
-0.088400
-0.378115
0.228845
-0.316863
0.004135
0.674731
0.161180
0.373101
-0.078127
-0.099882
-0.050370
-0.430183
-0.017286
0.089629
0.023513
0.326914
-0.556833
0.597967
-0.438497
0.089596
-0.043659
-0.056160
0.039076
0.270322
-0.101768
0.052652
-0.376862
-0.151831
-0.016350
-0.088868
-0.078838
0.029950
0.011482
-0.307261
0.171071
-0.199178
-0.207727
-0.421310
0.219178
-0.099686
-0.287967
-0.040984
-0.165539
0.096838
0.557029
1.432854
0.437685
-0.051818
0.273754
0.118404
0.164913
-0.275442
-0.027784
-0.018032
0.443324
-0.305282
-0.439423
-0.094291
0.198745
0.579395
-0.363393
-0.277500
-0.539603
-1.191582
-0.069315
-0.088288
0.102513
0.319610
0.187672
0.400641
-0.064576
-0.121477
-0.254983
-0.102111
0.149916
0.077743
0.284246
-0.069032
0.201094
0.045906
-0.283086
-0.094386
0.384974
-0.208948
-0.316038
0.033668
-0.008040
-0.249937
0.115618
-0.234974
-0.225024
-0.153188
0.209751
0.302018
-0.128676
-0.135321
0.019563
0.056564
-0.020083
-0.081475
-0.916828
-0.989598
-1.030853
-0.751790
-0.506286
0.241667
0.312027
0.255761
0.452199
0.038805
0.093494
-0.180493
0.287749
-0.206541
0.023491
-0.274247
-0.147133
-0.348765
-1.164622
0.004294
0.215123
0.629750
0.604261
0.233995
0.391084
-0.246573
-0.281450
-0.134281
-0.342355
0.061857
-0.052479
-0.119971
0.139214
0.128000
-0.169285
-0.004669
-0.162326
-0.287118
-0.287147
0.176437
-0.066823
-0.149239
0.080077
-0.031713
-0.165777
-0.080183
0.312387
0.145324
-0.202610
-0.004101
0.174144
-0.174249
-0.073204
0.039630
0.010620
0.182806
0.092719
0.190755
0.400061
0.769346
0.895549
-0.190400
0.579079
0.272019
-0.119245
0.293439
-0.161031
-0.058775
-0.330775
0.043641
-0.272461
-0.017101
0.327694
-0.077119
-0.561979
-0.581458
-0.117481
-0.077771
-0.177112
0.265849
0.316237
0.121607
-0.228113
-0.425786
-0.088175
-0.188889
0.116120
-0.006171
-0.166868
0.091041
-0.243643
-0.006204
-0.026461
0.234832
0.063610
0.320681
-0.291771
0.137444
0.057093
0.038539
0.165880
-0.184334
0.136432
-0.072325
0.104708
-0.010133
0.216559
-0.324141
-0.097137
0.058418
-0.219685
-0.188074
0.157611
-0.399421
-0.803708
-1.216015
-0.597117
-0.626447
0.254091
0.251693
-0.060686
0.286474
0.546231
0.420916
0.456452
-0.097709
-0.115126
-0.261797
0.049735
-0.285547
0.225013
-0.066000
0.261178
0.130839
0.053809
-0.165977
-0.296613
-0.171773
0.004506
-0.053063
0.204852
0.168496
0.197624
0.306520
0.101592
0.001318
-0.225604
0.089456
-0.092971
-0.211789
-0.034122
-0.116933
0.165907
0.148697
0.186601
0.045524
-0.314907
-0.113370
-0.143354
-0.132616
0.049941
-0.101181
-0.492207
0.134620
0.033972
0.242850
-0.148399
-0.100768
-0.295704
0.056350
-0.022107
-0.553570
-0.024044
-0.418129
0.408608
-0.468922
-0.024847
-0.060083
-0.240239
-0.519457
-0.279070
0.036399
-0.128821
0.057521
0.028021
0.229132
0.065016
-0.346674
-0.090990
0.001137
-0.285347
0.502223
-0.364545
0.185460
0.044796
0.129567
0.012601
0.265341
0.163161
0.083929
0.242876
-0.007783
-0.093406
-0.173150
0.191783
-0.070977
-0.064524
0.063319
-0.569036
-0.208622
-0.062289
0.029826
0.025132
-0.231602
-0.093468
-0.007846
-0.184738
0.144112
0.077875
-0.271952
-0.227434
0.191393
0.076590
-0.238841
-0.018043
0.084996
0.067388
0.063976
-0.318477
-0.222835
0.253637
0.081643
0.248231
-0.143433
0.147432
-0.121849
0.215517
-0.178606
0.208624
0.562050
-0.022005
0.325419
0.162359
-0.091280
0.093899
-0.514537
0.021123
-0.316065
-0.242865
-0.513576
0.718084
-0.311280
0.085848
-0.345974
-0.171951
-0.250361
-0.066130
-0.758544
-0.162756
-0.086154
0.260389
-0.319480
-0.193078
-0.119924
0.054000
0.280199
-0.055343
0.327517
-0.511306
-0.289068
-0.202950
0.279845
-0.108157
-0.092046
0.130188
-0.156925
-0.479492
-0.110403
0.168062
0.323000
0.342889
0.235154
-0.189709
-0.005089
-0.121311
-0.185548
