-0.047293
-0.059203
-0.114009
-0.260573
-0.007458
-0.241251
-0.053419
-0.182230
-0.125825
0.128193
-0.033445
0.062059
0.080694
0.352136
0.142939
-0.143784
0.169588
0.004164
0.044484
-0.073447
0.200431
0.106474
0.097915
0.005247
-0.034942
0.034147
0.439685
-0.063234
0.086453
0.261615
-0.084815
0.082516
0.043609
0.106708
0.043179
-0.034296
-0.081658
0.083723
0.056940
-0.076886
0.094559
-0.094353
-0.001214
0.063208
0.035380
0.104832
-0.332995
0.254116
-0.035688
-0.266115
0.348508
0.041625
-0.268932
0.024381
-0.477048
-0.529221
0.033690
0.163148
-0.459578
0.159790
-0.064617
0.574963
0.029298
-0.091349
0.119938
-0.363488
0.415318
0.118670
0.355199
0.186083
0.679575
0.401791
0.311571
-0.000964
0.037623
0.634146
0.486190
0.368559
-0.065957
-0.296240
-0.162687
-0.077914
-0.141680
0.028968
0.384031
-0.152164
-0.646506
0.112943
0.227466
-0.542826
0.341710
0.102543
-0.204567
0.163878
-0.275979
-0.096835
0.007032
0.313403
-0.208376
-0.329695
-0.109009
-0.219783
-0.097729
-0.556893
-0.472681
-0.019837
-0.482852
-0.359866
0.061744
-0.107665
0.487481
0.543446
-0.212143
-0.289284
-0.294684
0.270957
0.243448
0.457752
-0.220129
-0.100218
-0.150092
0.367579
0.253540
0.355800
0.275403
-0.236232
0.315537
0.382136
0.529747
0.176173
-0.153829
0.093276
-0.888064
-0.039976
-0.358218
0.029903
-0.828084
-0.123333
0.281519
-0.385954
-0.301692
0.233045
0.363737
-0.208028
-0.041024
0.267642
0.183173
0.007346
-0.175746
-0.204931
0.089226
-0.079810
0.100182
0.047540
-0.546548
-0.430613
0.046008
-0.478422
-0.155861
-0.403403
-0.519334
-0.831552
-0.902198
-0.929266
-0.410364
0.018154
-0.070609
0.653728
-0.006351
0.073068
0.535353
0.924231
0.470416
0.418869
0.006153
-0.107961
-0.138130
0.187069
-0.240363
0.005042
0.109089
-0.163157
-0.117175
0.098978
-0.084633
-0.085971
-0.266456
-0.135922
-0.174768
0.156591
-0.269789
0.341864
-0.767374
0.209671
0.526955
0.483612
-0.117714
0.771170
-0.438292
0.227244
-0.203465
-0.483525
0.426940
-0.238300
0.094574
-0.211682
-0.003715
-0.080321
0.344918
-0.324725
-0.071590
0.303970
-0.156110
0.058453
0.393912
0.033750
0.022688
0.101472
0.403412
0.037054
0.054059
0.194920
-0.009800
0.141807
-0.098795
0.006673
0.087144
0.009046
0.219955
0.292351
-0.307543
-0.085713
0.436188
0.128088
-0.211123
-0.332581
0.000427
-0.486303
-0.041652
0.099807
-0.516810
0.092015
0.197694
-0.343787
0.041384
-0.195260
0.301671
0.260563
0.120953
-0.047439
0.458832
0.159665
-0.745510
-0.107529
0.910795
-0.053870
0.136126
-0.258991
0.157448
-0.348157
-0.322874
-0.216695
-0.417063
-0.035929
-0.912790
0.281799
0.359211
0.418603
-0.482755
-0.169844
-0.437579
0.197557
-0.325277
0.078836
-0.262616
0.039178
0.309937
-0.189913
0.033971
0.304737
-0.025074
-0.335535
0.105655
0.136245
-0.182715
-0.484601
-0.052348
0.206429
0.112250
0.228194
0.531631
0.069494
0.324222
1.985282
-0.529592
1.364805
0.153468
-0.549903
-0.405322
-0.280529
0.410311
0.052263
0.043509
0.440217
0.316980
0.711280
-0.330540
0.001789
-0.715316
-0.027255
0.295114
-0.010940
0.223292
-0.391050
0.276206
-0.811778
0.032158
-0.556904
-0.191318
-0.540062
-0.075549
-0.231888
-0.266652
1.452741
0.409927
-0.149579
0.016210
-0.184825
0.945427
3.834108
-0.433561
-0.408610
-1.005139
2.079162
-0.337426
-0.382934
-0.097806
-0.150547
0.169195
0.048978
0.649993
-0.185392
0.909157
-0.266522
-0.025883
-0.321478
0.093744
-0.379927
-0.077000
0.062598
-0.014234
0.079201
-0.079929
0.120507
0.145187
0.029209
-0.158898
-0.221829
-0.161592
0.132987
-0.088632
0.015007
-0.436808
0.134580
0.066814
0.224262
-0.066683
-0.358475
-0.085501
-0.051320
0.087199
0.186041
-0.110547
0.110596
-0.090232
-0.039018
0.459401
0.051133
-0.071348
-0.195595
0.268493
-0.225285
0.410310
-0.122435
0.083344
-0.051730
0.224022
0.049947
0.035783
-0.169482
0.262039
-0.174492
-0.308693
0.009676
-0.127277
-0.236165
-0.051036
-0.018078
0.094029
0.058936
0.015691
0.041569
-0.253999
-0.282408
-0.345768
0.169919
0.375764
-0.194013
-0.352140
0.308513
-0.063518
-0.031715
0.116810
-0.071943
0.188691
0.352985
-0.255753
-0.341744
-0.231813
0.298557
-0.130410
0.096360
0.015465
0.155688
-0.306032
0.493801
-0.022538
-0.526590
-0.160503
-0.075806
0.143415
0.220609
-0.053197
0.342217
-0.257109
0.331286
-0.063355
-0.348533
-0.763808
-0.061192
0.100125
-0.229406
-0.094076
-0.050175
-0.480657
-0.917382
-0.410613
0.549444
0.278215
-0.286165
-0.155875
-0.148887
-0.375290
0.004389
-0.316462
-0.037319
-0.281393
-0.431213
-0.321237
0.712932
0.484518
0.081570
0.451770
-0.121468
-0.183469
-0.190181
-0.494444
0.720594
-0.016530
0.084702
-0.064666
0.234929
0.306192
0.183362
0.046029
-0.000658
0.419931
-0.149527
-0.070685
0.422073
0.333916
0.187035
0.254099
-0.119649
0.575134
-0.010008
-0.171739
-0.360924
-0.289586
-0.453594
-0.233511
0.097518
-0.089711
-0.179283
-0.300745
-0.099959
-0.270880
-0.522712
-0.472680
-0.331346
0.358289
0.469444
0.210935
-0.170784
0.014113
0.062595
-0.249400
-0.314355
0.331318
0.097270
-0.007599
0.220773
0.067585
-0.143008
0.384977
-0.521634
0.019803
-0.069871
0.419911
-0.122971
-0.473741
-0.266499
-0.696933
0.512112
-0.986907
0.047916
0.883686
0.196832
-0.254390
0.538447
0.659386
0.294332
-0.164970
-0.310412
-0.420428
-0.043767
0.195148
0.773636
-0.908325
-0.319279
-0.228330
-0.227026
-0.367093
-1.024722
0.058589
-0.228012
0.346715
-0.712301
-0.965016
0.097278
0.202693
-0.641099
-0.568690
0.251262
0.323492
-0.132996
-0.069229
0.078789
-0.417006
0.125136
0.095382
0.208484
-0.184586
-0.077894
0.166662
0.156598
-0.022052
0.294949
0.203567
1.075300
0.676232
1.610332
0.027294
0.569779
-0.121865
0.304124
1.244790
1.634749
0.889967
0.544407
-0.097417
0.448220
0.241776
0.110363
-0.465276
-0.310111
-0.352588
-0.391935
0.112570
-0.897523
-0.570806
-0.815266
-0.965530
-1.631664
-0.348921
0.028461
-0.253769
0.004543
0.145814
-0.319726
0.049749
-0.081278
0.400958
0.162727
0.059108
-0.090343
0.245728
-0.479800
0.145692
-0.017612
-0.214496
0.015107
-0.247722
0.731881
-0.473167
-0.282224
0.103744
1.293778
1.250603
-0.137652
0.178302
0.329250
-0.293719
-0.903338
0.239237
-0.449359
-0.252060
0.253917
1.690979
0.050517
-0.061768
-0.143343
-0.631227
1.007801
0.152532
0.209095
-0.308194
-0.125024
-0.312286
-0.068192
-0.867640
0.043870
-0.348054
-0.489334
0.336925
-0.449568
0.477722
-0.059412
-0.162884
-0.256093
-0.184337
-0.157116
0.405043
-0.366724
-0.445477
0.226789
-0.193405
-0.789853
-0.440473
0.062290
0.147945
-0.139858
0.137481
-0.260831
-0.109531
-0.296243
-0.282043
0.202320
-0.715226
0.154337
-0.402075
0.323317
-0.402596
-0.552708
0.405025
-0.185876
0.160411
0.366565
-0.200658
-0.702174
-0.343451
-0.432227
0.572195
1.216871
1.101053
0.618746
-0.474265
-0.309048
-0.142803
0.164554
0.232608
-0.519343
-0.819417
-0.690621
-0.837643
-0.335481
-0.194954
0.257817
-0.066938
-0.392450
0.215106
-0.041401
0.556829
1.466528
1.887781
-0.112224
0.151655
0.360467
0.628347
0.509135
0.592116
-0.024175
-0.637750
-0.566565
-0.611736
-0.409227
0.247307
-0.102803
-0.368039
-0.181451
-0.520179
-0.750852
-0.061715
0.407932
0.287973
0.495539
0.214939
0.056574
-0.081764
-0.056207
0.174926
0.477835
0.501181
-0.164146
-0.647467
-1.405878
-0.467137
0.078230
0.071390
-0.377803
-0.435549
-1.147747
0.740922
0.050393
1.307721
0.820691
0.602435
0.313481
0.310345
0.309020
0.113450
0.400381
-0.244761
0.481629
-0.152961
-0.459572
-0.601481
-0.481136
0.012426
-0.028450
-0.067827
-0.308760
-0.595666
-1.671117
-0.301968
0.208669
1.394402
0.284530
0.649655
-0.266430
0.410130
0.250210
0.370687
0.897176
-0.195227
0.146807
-0.421772
-0.891001
-0.888908
-0.430167
-0.289756
-0.426171
-0.279914
0.177243
-0.039051
0.087555
-0.014984
-0.236303
-0.393141
0.104682
0.117140
0.096110
0.113084
-0.136973
-0.243351
0.347989
0.264901
0.109996
-0.407579
-0.011121
-0.018625
-0.168517
-0.005792
-0.102859
0.006636
0.014942
-0.139167
-0.127268
0.276720
-0.239580
-0.648371
-1.152427
-2.134885
-1.381099
-1.365872
-1.394747
0.722849
2.893299
4.530410
0.112913
1.286336
1.672845
-0.742255
-0.333962
-0.248428
-0.359252
-0.087353
0.598810
0.169904
-0.014401
0.975212
-0.082048
0.051630
-0.129558
-0.197885
0.423801
0.112773
0.280766
-0.119532
0.381765
0.108541
0.125697
0.226276
-0.050456
0.174049
0.103103
0.068783
2.695467
2.676836
4.296875
1.559537
2.078653
-0.282384
-2.201698
-1.146749
-1.687531
-1.473585
-1.416374
-0.485406
-0.604398
0.311140
-0.025486
-0.221217
-0.377218
-0.446188
-0.059670
0.421189
0.792756
0.553124
0.264212
-0.071899
0.145555
1.176677
-0.667996
-0.362732
-0.207448
-0.356263
-0.661938
-2.112961
-0.451932
-0.233805
0.083429
-0.151826
0.327964
0.180253
-0.137060
0.105425
0.298657
0.090962
0.072177
-0.060177
0.000000
0.000000
-2.343291
1.774836
0.098402
0.000000
0.000000
0.000000
0.000000
0.000000
0.000000
0.000000
0.000000
0.000000
0.000000
0.000000
0.000000
0.000000
0.000000
0.000000
0.000000
0.000000
0.000000
0.000000
0.000000
0.000000
0.000000
0.000000
0.000000
0.000000
0.000000
0.000000
0.000000
0.000000
0.000000
0.000000
0.000000
0.000000
0.000000
0.000000
0.000000
0.000000
0.000000
0.000000
0.000000
0.000000
0.000000
0.000000
0.000000
0.000000
0.000000
0.000000
0.000000
0.000000
0.000000
0.000000
0.000000
0.000000
0.000000
0.000000
0.000000
0.000000
0.000000
0.000000
0.000000
0.000000
0.000000
0.000000
0.000000
0.000000
0.000000
0.000000
0.000000
0.000000
0.000000
0.000000
0.000000
0.000000
0.000000
0.000000
0.000000
0.000000
0.000000
0.000000
0.000000
0.000000
0.000000
0.000000
0.000000
0.000000
0.000000
0.000000
0.000000
0.000000
0.000000
0.000000
0.000000
0.000000
0.000000
0.000000
0.000000
0.000000
0.000000
0.000000
0.000000
0.000000
0.000000
0.000000
0.000000
