0.131566
0.376564
-0.008738
0.176454
0.598041
0.370249
-0.161444
-0.422461
-0.067983
-0.400264
-0.666514
-0.170940
-0.438543
0.152578
0.037081
0.196614
0.190825
0.266496
0.260172
0.279205
-0.049588
-0.181386
0.087403
-0.011509
0.115065
0.221258
0.209597
-0.218826
0.042469
-0.086639
-0.092261
0.014995
-0.127315
0.072551
-0.042448
-0.063797
0.082316
-0.046183
-0.284453
0.035454
-0.045251
0.167065
0.014476
-0.111660
-0.156140
-0.033588
-0.306009
-0.165053
-0.049200
0.219151
-0.194634
-0.061181
0.090849
-0.119765
0.098394
0.003709
-0.036272
-0.240856
-0.329251
-0.333105
-0.550413
-0.097297
-0.025311
-0.258762
-0.156016
0.022779
-0.089125
-0.191720
-0.327413
-0.179346
-0.263391
0.170710
-0.299579
0.325677
0.715138
0.345222
0.109137
0.140374
0.014784
-0.185931
-0.239414
-0.175221
-0.116572
0.238677
0.020654
-0.041200
0.166809
-0.134436
-0.162519
-0.099914
0.062304
-0.138228
-0.128258
-0.009793
0.040813
0.095028
-0.154901
-0.092447
0.035981
0.076554
-0.116506
0.076033
0.299006
0.191497
0.135869
0.006593
0.069474
-0.005688
0.112452
0.047785
0.009925
-0.039908
-0.039698
0.075648
0.109739
-0.129424
-0.026019
-0.078288
-0.026437
-0.022242
0.035156
0.335781
0.334849
0.832450
0.413643
-0.004497
0.317851
0.563504
0.248388
0.104914
0.032786
0.411984
0.406351
0.132826
-0.036088
0.307560
0.232889
-0.332742
-0.645006
-0.824125
-0.147418
-0.081495
-0.181034
0.073009
0.275222
-0.058122
0.194982
0.184469
-0.135433
0.017762
-0.115039
0.095090
-0.126302
-0.005849
0.085788
0.243830
0.107657
0.005477
0.021340
-0.142805
-0.002802
-0.154748
0.081836
0.012897
-0.013293
-0.049529
-0.222310
-0.106071
-0.175878
0.003922
-0.192895
0.018928
0.124129
0.063405
-0.003474
0.157317
0.177120
0.064209
0.048030
0.100850
0.098001
-0.054857
-0.064396
-0.056970
0.027057
-0.465414
-0.295737
-0.536123
-0.604849
-0.204348
-0.256020
-0.229218
-0.180967
-0.168834
-0.144952
0.048486
-0.212547
-0.082972
-0.221263
-0.078360
-0.178399
0.201857
0.457823
0.564651
0.481368
0.310277
0.063648
-0.225443
-0.251876
-0.105980
0.021548
-0.178694
0.032084
0.012788
0.206097
0.192971
-0.208133
-0.000534
0.093063
-0.150687
-0.132028
-0.091215
-0.005994
0.074457
-0.102370
-0.112131
0.006338
-0.036683
-0.144242
-0.070170
-0.118612
-0.019140
-0.129353
-0.156696
0.151009
-0.005300
0.147940
0.025016
0.116807
0.161445
-0.059220
0.070173
-0.011266
0.206968
0.081117
0.054677
0.084031
-0.084450
0.373867
0.371792
0.415005
0.603201
0.729243
0.433137
0.297320
0.531261
0.240171
0.340269
0.461810
0.238884
0.286701
-0.099630
0.489676
0.388771
0.057629
-0.409671
-0.622403
-0.345972
-0.569491
-1.102501
-0.241571
0.047295
0.007109
0.146843
0.177218
0.149451
0.041613
0.059922
0.054439
0.074331
0.086754
-0.149710
-0.023323
0.139837
0.082303
-0.153620
0.213795
0.148550
-0.009789
0.170450
0.344101
0.065271
0.244356
0.027735
0.075323
-0.043369
0.154736
0.095731
-0.185888
-0.049617
-0.012819
-0.086725
0.081630
-0.012696
0.141195
0.244777
-0.249986
0.099591
-0.182513
0.138279
0.068537
-0.003553
0.120605
-0.053374
-0.489419
-0.343654
-0.716839
-0.465676
-0.777279
-0.005709
-0.379792
-0.595747
-0.473380
-0.387447
-0.116410
0.050094
0.040072
-0.068906
-0.152276
0.081214
-0.173081
0.418342
0.566672
0.606816
0.484572
-0.080780
0.051941
0.254105
0.051529
-0.168411
0.055142
-0.058980
0.057841
0.163624
-0.442703
0.367369
-0.092319
-0.045029
0.031533
-0.070298
-0.009837
0.009541
0.099110
0.376711
-0.009957
-0.209033
-0.220951
-0.040264
-0.215645
-0.003686
0.156909
-0.011267
0.113923
-0.065542
0.025743
-0.077616
0.022858
-0.082104
-0.015733
0.101837
-0.009324
-0.105078
-0.228631
-0.049846
0.013821
0.261425
0.169496
0.073415
0.223913
0.532163
0.194173
0.580323
0.253443
0.391746
0.704037
0.135342
0.372458
0.189525
0.313289
0.377124
0.520899
-0.079599
0.051288
-0.578255
0.188567
-0.176771
-0.274463
-0.449026
-0.191870
-0.002270
0.042210
-0.029599
-0.034221
0.065868
0.006051
-0.021546
-0.107139
-0.043977
0.035408
0.067245
0.042409
-0.119904
0.149039
-0.296923
-0.160793
-0.041781
-0.124815
-0.034041
0.070458
0.169024
0.012263
0.204833
0.188373
0.022447
0.154003
0.035637
-0.007447
-0.150868
0.311835
0.146652
-0.103839
-0.034673
-0.052869
0.044131
-0.024857
0.041712
-0.048423
-0.136297
0.077152
0.002053
0.076015
-0.066508
-0.275033
-0.452755
-0.553970
-0.268292
-0.320324
-0.321156
-0.529221
-0.271813
-0.191781
0.231253
0.531217
0.262874
0.531291
0.194275
-0.055545
-0.158009
-0.240231
0.068715
0.054796
0.006343
0.121873
-0.028477
0.058970
0.174972
0.192760
0.004027
-0.047401
-0.096744
0.017326
-0.046893
0.124116
-0.047167
-0.109319
-0.031198
0.068942
0.151162
-0.024821
-0.037646
-0.047539
0.035153
-0.090440
-0.173507
0.031987
0.003865
0.076620
0.103812
-0.122838
0.076580
-0.014610
-0.094813
0.034130
0.177485
0.016910
-0.023373
-0.036285
-0.092850
-0.182935
0.014516
0.060010
-0.088731
-0.263111
0.060465
-0.080012
0.000746
0.006554
-0.032902
0.096203
0.038902
0.153335
0.285547
0.259082
0.085601
0.270568
0.068446
-0.015613
0.183741
0.038463
-0.099805
0.249007
0.056217
0.197746
-0.135143
-0.008761
0.070545
0.137153
-0.078879
0.143610
0.181845
-0.236878
-0.064987
-0.289517
0.301894
0.040491
-0.134270
-0.174163
-0.122838
-0.167030
-0.083096
-0.231604
0.100346
-0.155977
0.053060
-0.027111
-0.019021
-0.217522
-0.023665
0.006645
0.098726
0.068682
0.209636
0.006118
-0.097405
0.018832
-0.024351
0.049383
0.275374
0.027590
0.269646
0.045824
-0.027330
0.036747
0.201055
-0.060550
0.057415
-0.127684
-0.013769
-0.144582
-0.035521
-0.107900
-0.183307
-0.070429
-0.107998
-0.044736
-0.169733
0.062364
0.050838
-0.006266
0.099334
-0.128936
-0.170657
-0.041467
-0.185507
-0.161672
-0.009231
-0.226812
-0.001981
0.078126
0.015963
-0.225981
-0.117146
-0.104324
0.033537
0.049777
-0.220401
-0.145263
-0.158666
-0.053735
0.253444
0.032018
0.298583
-0.057961
-0.026011
0.061419
0.198862
0.085199
0.057024
-0.042265
-0.040974
0.153996
-0.107126
-0.008877
-0.044933
0.066291
0.058686
-0.117694
-0.014236
-0.085729
-0.163832
0.046557
-0.210289
-0.086571
0.031314
-0.008886
0.025530
-0.134276
-0.036422
-0.129731
-0.223037
0.004628
-0.085350
-0.204458
0.035016
-0.377276
-0.104249
-0.145159
0.216180
0.006538
-0.053800
-0.137115
0.051449
-0.020691
-0.056785
0.151709
0.015160
0.240867
0.046480
0.064877
-0.002157
0.059989
0.122331
0.066316
0.105085
0.005747
-0.035756
0.045425
0.073437
0.108655
0.012564
-0.060036
-0.021346
0.135087
-0.077077
-0.223075
0.042938
0.161450
-0.054333
0.074389
0.014654
-0.072491
0.070835
-0.033176
-0.185240
0.053705
0.021929
-0.067707
-0.155704
-0.168445
-0.066785
0.036961
-0.274984
-0.087644
-0.109230
-0.087590
0.096658
0.138229
-0.064594
-0.094768
0.113511
0.053937
0.036650
-0.077428
-0.014477
-0.038932
-0.035824
0.114796
0.171770
-0.114259
0.059066
-0.205638
0.125208
0.025035
0.120737
-0.034938
0.210894
-0.152635
0.006121
-0.085068
0.053599
0.011977
-0.156505
-0.222911
-0.020679
-0.007913
0.039467
-0.078044
-0.390186
-0.067277
-0.157949
-0.078102
0.113316
-0.004900
-0.013077
0.033971
-0.077209
-0.124410
-0.055271
-0.026400
-0.058362
-0.037283
-0.171693
-0.187154
-0.140559
-0.113404
-0.258675
0.072931
-0.045570
-0.141582
0.045084
0.158069
0.098745
-0.130123
-0.113214
-0.094023
-0.169535
-0.030674
-0.003333
-0.129962
-0.020811
0.035873
-0.145158
0.064384
-0.178429
-0.053708
-0.128759
0.019326
-0.014097
-0.173462
0.160169
-0.033675
-0.082283
0.058957
-0.011693
-0.253566
-0.204996
-0.068965
-0.169957
-0.216404
-0.074104
-0.235989
-0.142217
-0.160978
-0.062167
-0.122787
0.063212
-0.132499
-0.181032
-0.011234
0.157505
0.043510
-0.129102
-0.008628
0.235614
0.092428
0.012148
0.087046
-0.060735
0.201842
0.139660
0.150810
0.104274
0.260615
-0.101453
0.035572
0.058676
0.021366
-0.020485
-0.048916
0.103538
0.250517
-0.157782
0.024294
-0.052142
-0.002993
-0.166851
-0.160328
-0.051975
-0.070180
-0.095000
0.065925
-0.160763
-0.168817
-0.383754
-0.082996
0.061800
-0.130303
-0.063102
0.083580
-0.114862
0.040335
-0.209681
0.189186
-0.251135
0.161166
0.140463
-0.053039
0.261102
0.050334
0.059165
-0.030827
0.087598
0.303041
0.035477
0.045640
0.098724
0.203754
-0.143225
-0.457816
-0.426512
-0.421982
-0.274162
-0.553346
-0.118324
-0.406337
0.155353
-0.337326
0.165065
0.611649
0.251990
0.459846
-0.218459
-0.070101
-0.422207
-0.533002
-0.711176
-0.352049
-0.308994
-0.151882
-0.101941
-0.304063
0.021061
0.334205
0.489267
0.146180
0.271787
-0.016816
0.296353
0.011561
-0.054545
-0.218109
-0.175080
0.298172
0.059475
0.405490
-0.096615
-0.099204
-0.114397
0.059688
0.416113
0.526650
0.527470
0.572611
0.587479
0.116856
0.154151
0.062150
0.260694
0.137964
-0.347948
-0.392236
-0.113478
-0.162378
-0.324665
0.046084
0.042325
-0.011009
-0.079306
-0.121526
-0.155207
-0.156730
-0.028341
-0.315308
0.351164
0.067007
-0.005216
-0.260367
-0.042299
0.029690
0.130337
-0.028111
-0.401883
0.281725
-0.095160
-0.022941
0.091001
0.039153
0.037669
-0.011823
-0.007929
0.063861
-0.131270
0.036342
0.109248
0.104402
0.059783
-0.014764
-0.286315
-0.460701
-0.531770
-0.376641
-0.013436
-0.268135
-0.321819
-0.268730
-0.277567
-0.022936
-0.142952
-0.134747
-0.196123
-0.221593
-0.142614
-0.240875
0.124881
0.595745
0.436495
0.781650
0.151973
0.066102
0.020115
-0.180107
-0.421614
-0.170194
-0.069048
-0.180860
-0.118672
-0.129896
-0.160101
0.626462
-0.275821
0.014820
0.250824
0.078036
0.079081
-0.169686
0.141165
0.233845
0.268884
-0.122303
-0.142097
0.008860
-0.114787
0.005409
0.028516
0.171516
0.018695
0.100971
-0.178467
0.010444
-0.147154
0.124115
-0.074424
-0.129439
-0.042240
0.100595
-0.184395
-0.114139
-0.037472
-0.157182
0.022169
-0.026420
-0.016505
0.343279
0.479339
0.326318
0.514983
-0.118204
0.303552
0.099884
0.064143
