0.056473
-0.163686
-0.072780
-0.038752
-0.013995
-0.052828
0.126371
-0.061325
0.010004
-0.110647
-0.048620
0.096551
-0.046395
-0.120795
0.110040
0.119903
0.151519
0.117693
0.071879
0.041487
-0.104725
0.131749
0.112541
0.105351
0.206186
-0.222964
-0.002021
-0.218438
0.223433
0.092893
-0.017183
-0.161829
-0.149340
-0.157808
-0.021042
-0.076509
0.029281
-0.017555
-0.258121
-0.114091
-0.227899
0.070361
-0.243923
0.120194
-0.022294
0.055024
0.053935
-0.016830
-0.108197
-0.075881
-0.146739
0.078109
0.245687
-0.011809
0.296145
-0.119187
0.334098
0.073673
-0.159706
0.103260
-0.017998
-0.182576
-0.066236
-0.246784
-0.082685
0.233738
-0.113303
0.099797
-0.142884
0.091562
-0.117731
-0.135929
-0.028688
-0.054296
-0.194650
0.287651
-0.218409
-0.024878
-0.023194
0.078344
0.013817
-0.078241
0.065370
-0.220763
0.756485
0.084860
0.140941
0.177090
0.369489
0.552413
0.588550
0.529207
0.018046
0.100915
-0.072961
0.256206
0.677914
0.165647
0.330101
0.554636
0.622057
-0.088633
-0.510082
-0.741177
-0.982143
-0.914695
-0.483906
0.056071
-0.282675
-0.087513
-0.194441
-0.253465
-0.211765
-0.256118
-0.500613
-0.544996
-0.337811
0.135633
0.192501
-0.014538
-0.208909
-0.197553
-0.380665
-0.721465
-0.394669
0.367687
0.940914
2.710205
1.340453
0.421980
0.299533
-0.022597
0.195697
0.134595
0.815199
1.125100
-0.063085
-0.410537
-0.064594
0.102229
0.892604
0.158434
-0.028823
0.344294
0.282114
-0.170653
-0.259123
0.354081
0.064399
-0.347431
-1.486177
-0.282780
-0.239266
-0.106851
0.014340
-0.135090
0.188001
0.097251
-0.036419
-0.323474
-0.384575
-0.416807
-0.023845
-0.181272
-0.144038
0.062727
0.056432
-0.133611
-0.282917
-0.351895
-0.368813
-0.293290
0.117233
-0.084081
-0.267574
-0.200700
0.106824
0.097524
0.325339
0.054188
-0.070099
0.093465
-0.148719
0.202386
-0.048970
-0.029029
-0.137128
0.226361
0.263919
0.172499
0.062687
-0.002263
0.136099
0.154449
-0.158216
0.093258
-0.024439
0.008770
-0.020526
0.024911
0.080360
0.074604
-0.167493
0.045889
-0.049372
-0.124243
0.037353
0.230283
0.008656
0.187849
0.557926
0.704336
-0.140626
-0.861987
0.093365
-0.373359
0.370651
0.053085
0.629130
0.149851
-0.158261
-0.087035
-0.259833
-0.124397
-0.013711
0.162733
0.103242
-0.193980
-0.000751
0.252468
0.260531
0.464839
-0.300610
0.482701
0.271684
-0.393955
0.280364
-0.129059
-0.101960
-0.286314
-0.340014
-0.035425
-0.171811
0.014317
-0.183553
0.189002
0.124299
0.110961
-0.197065
-0.000703
0.075848
-0.147560
-0.220691
0.068485
-0.114984
-0.118408
-0.333411
-0.332759
-0.114072
-0.255116
0.104685
0.121256
-0.087644
-0.194767
0.086865
-0.429958
-0.499846
-0.424175
-0.484279
-0.336573
0.110712
-0.140661
-0.191014
-0.389027
0.198892
0.302757
0.474489
0.268290
0.016298
-0.185941
-0.381612
-0.550483
-0.870613
-0.230410
-0.194019
-0.242929
-0.338220
0.073392
-0.090889
0.278326
0.561302
0.416668
0.455770
0.074791
-0.029549
-0.006348
-0.357862
-0.331594
-0.177228
0.104378
0.180900
0.009892
-0.018488
0.113382
-0.082983
-0.113569
-0.178119
0.366798
0.254373
0.155626
0.293341
0.750144
-0.025094
-0.016501
0.362701
-0.040489
0.694556
-0.093815
-0.230611
-0.355344
-0.133679
-0.005525
0.264495
0.216520
0.306501
0.203437
-0.197871
0.032372
-0.160142
0.093441
0.128122
0.358158
-0.397932
0.413087
0.041039
0.297678
-0.125680
0.027662
-0.294755
-0.122983
0.227708
-0.774611
-0.226172
-0.061330
0.160371
-0.005399
0.067854
-0.300539
0.063522
-0.131514
-0.159666
0.063341
-0.150941
-0.140327
-0.679126
-0.120672
-0.737628
-0.160564
-0.357621
-0.162650
-0.186056
-0.287914
-0.245093
-0.269994
-0.297174
-0.221086
-0.384573
-0.037021
0.042762
0.173975
-0.015970
0.149166
0.659815
0.500946
0.549063
0.157813
0.136552
-0.018602
-0.363131
-0.224040
-0.040463
-0.150332
0.054563
0.174294
-0.032620
0.518239
-0.128772
-0.109539
-0.142809
-0.208701
0.040436
-0.212075
0.038640
-0.187754
-0.050503
0.193555
-0.466466
-0.147404
-0.173886
0.011390
0.206187
0.191831
0.002901
-0.130833
0.036951
-0.115228
-0.175674
0.073823
0.138519
0.001828
0.014150
0.007494
-0.070321
0.113427
0.038381
-0.089145
0.296365
0.322785
0.615042
0.374517
0.319346
-0.056388
0.491273
0.120709
0.398472
0.199439
0.365745
1.868473
0.074012
-0.222378
-0.202805
0.086996
-0.101958
0.213899
-0.412886
-0.610874
-0.547612
-0.055511
-0.031739
-0.126710
-0.203695
0.048888
0.178222
-0.039878
0.111313
-0.259074
-0.127651
-0.098721
0.009320
-0.209046
-0.026467
-0.014241
-0.085606
0.080592
-0.003919
-0.036856
-0.171371
0.105877
0.011163
0.287286
0.006087
0.085439
-0.170095
0.115951
-0.072330
-0.260889
0.302931
-0.022497
-0.253355
0.127515
0.195365
-0.004596
-0.142287
0.114956
-0.016766
0.029439
-0.125694
0.019612
0.102185
-0.360479
-0.362624
-0.519229
-0.355425
-0.245141
-0.133415
-0.115993
-0.400062
-0.182475
-0.384512
-0.791534
-0.780036
-0.121751
0.044400
0.039346
0.473850
-0.066768
0.301170
0.540877
0.982509
0.271160
0.008953
-0.052412
-0.014310
-0.076043
0.043823
-0.165461
0.186298
0.299446
0.010764
0.184530
-0.038502
0.178647
-0.084610
0.100398
0.041444
-0.129109
0.180788
-0.045105
-0.223982
-0.106605
-0.005430
-0.121515
-0.050003
-0.191570
-0.107174
-0.066116
-0.127713
0.111656
-0.102293
0.167996
-0.238687
-0.017901
0.035591
0.027707
-0.107938
-0.081411
-0.128674
-0.120550
-0.025993
0.048532
-0.004767
-0.046942
-0.091069
0.263501
0.427556
0.401821
0.266438
-0.006744
0.299410
0.313831
0.370009
0.066867
1.078943
0.460291
0.666195
-0.114582
-0.018502
0.351732
0.593077
-0.337018
-0.201835
-0.170424
-0.331679
-0.069506
0.138868
0.110588
-0.066905
-0.088523
0.059700
-0.234310
-0.352951
-0.241917
-0.060040
0.104634
-0.200238
-0.080192
-0.020121
-0.289787
0.037073
0.023309
-0.190759
0.075930
0.096650
-0.544760
-0.307621
-0.349013
0.034134
-0.004851
-0.042748
-0.022180
-0.235961
-0.202369
0.012833
0.034531
-0.032959
-0.083795
0.046196
0.043384
-0.074603
-0.215199
0.227460
0.076877
0.131093
-0.543112
-0.376130
-0.389062
-0.341165
-0.035624
-0.079549
-0.177043
-0.129412
-0.302629
-0.407925
-0.262489
-0.403050
-0.603772
-0.154565
0.087125
0.299077
-0.028550
0.270773
0.347015
0.500280
0.379726
-0.120025
-0.296552
-0.240617
-0.076269
-0.150595
-0.149665
0.030935
0.086310
0.006614
0.080475
-0.048445
0.458245
-0.116838
-0.028315
-0.098126
-0.083825
-0.003965
-0.183326
0.199165
0.072178
0.093985
0.196760
-0.027851
0.029843
0.024420
0.043264
0.142522
-0.057679
-0.116780
-0.077045
0.003191
0.031528
0.069694
0.152840
-0.088641
0.111938
0.008901
0.070575
-0.036563
0.049238
-0.187073
-0.091341
0.068759
0.546694
0.230053
0.196514
0.248095
-0.025123
0.137050
0.222932
0.131550
0.104014
0.690758
0.941864
0.439908
0.211667
0.004456
-0.539764
-0.159182
0.079440
-0.757313
-0.248497
-0.353110
-0.355819
0.057303
-0.072287
0.086328
0.326171
0.255320
-0.192032
-0.076169
-0.072470
0.009126
-0.041633
-0.034573
-0.062286
-0.149520
-0.037591
-0.091443
-0.185069
0.069171
0.075507
-0.030550
0.096660
0.215701
0.089645
-0.083517
0.417283
0.157129
0.029754
0.078303
0.330217
0.014719
0.039429
-0.300994
0.165315
-0.105094
-0.260830
0.138853
0.199183
0.003873
-0.166637
-0.179495
0.102384
-0.176866
-0.248582
-0.423410
-0.470098
-0.055177
-0.225562
-0.003057
0.024607
-0.239167
-0.285333
0.056754
-0.214135
-0.188339
-0.291370
-0.262345
-0.005312
-0.218994
-0.035397
0.234525
0.641464
0.505997
0.460632
0.223780
-0.021948
-0.147083
-0.123939
-0.293171
0.030528
0.134371
-0.265164
0.048141
0.070457
-0.532983
0.035270
0.008599
-0.126773
-0.184943
0.137977
-0.066799
-0.111520
-0.203026
-0.189231
-0.312645
-0.199129
-0.221549
-0.137532
0.026753
0.156008
0.162185
0.348819
-0.248861
0.025230
-0.254034
0.328600
-0.052142
0.109510
-0.116972
0.266223
-0.034616
0.279655
0.042057
-0.160263
0.497738
0.327600
0.479758
0.501222
0.196220
-0.014191
0.178419
0.256879
-0.063314
0.094591
0.145484
1.188146
0.154139
-0.176919
-0.030448
-0.075188
-0.213332
0.040444
-0.438809
-0.672368
-0.407875
-0.647871
0.076905
-0.131393
0.131717
0.332067
0.363941
0.030874
-0.130932
-0.213418
-0.143467
-0.192942
0.057354
-0.008285
0.164066
0.312290
0.080857
-0.020938
-0.098815
0.220940
0.042502
0.134836
-0.133357
0.260733
0.340981
0.101063
0.123231
0.053642
-0.225762
0.109878
0.071127
-0.193093
-0.000080
-0.164113
-0.029254
-0.039025
0.050953
0.150074
0.083656
0.148105
0.052937
-0.077144
-0.247432
-0.390896
-0.329542
-0.411370
-0.199388
-0.276039
-0.345966
-0.101845
-0.066774
-0.197157
0.038176
0.116906
0.153526
0.116377
0.216146
-0.093926
-0.010070
-0.000526
0.132045
-0.092235
0.092449
0.187593
0.150244
0.154484
0.040165
-0.044349
0.000040
-0.276141
-0.077223
0.143921
0.067967
-0.610133
-0.116796
0.199787
-0.011437
-0.163778
0.027849
0.066261
0.280963
-0.108143
-0.031572
0.011585
-0.483623
-0.248614
-0.194602
0.315430
0.454235
0.211825
-0.057385
-0.231131
0.104069
0.027470
-0.325081
-0.203025
-0.349021
0.142206
-0.075619
0.136078
-0.594576
0.619245
0.280825
-0.210065
-0.334535
0.155324
-0.030062
-0.124982
-0.384288
0.313918
-0.501835
-0.318819
0.468162
-0.019636
-0.090486
0.201069
0.028002
0.159089
0.147432
-0.000679
0.006460
-0.174271
0.511979
0.070133
-0.125896
0.371996
0.330959
0.289079
0.375123
0.057755
-0.434071
0.237180
0.265018
0.465580
0.066088
-0.372005
-0.300904
0.429846
0.208674
-0.632653
-0.074915
0.223943
0.339109
-0.177707
-0.580099
-0.194360
0.083098
0.456930
-0.326160
0.356301
-0.394653
0.132859
-0.021094
0.081981
-0.122292
-0.037092
0.097192
0.289449
0.123131
-0.025540
-0.154298
-0.202583
0.211645
0.397338
0.099789
0.111569
-0.499139
0.176662
0.001267
-0.107418
0.070196
-0.015835
-0.252302
-0.092225
-0.055638
-0.059766
-0.329974
-0.148969
-0.037529
-0.170459
-0.135276
-0.090367
0.149299
-0.071070
-0.107915
0.022899
0.239174
-0.089234
0.099836
-0.107439
