0.033191
0.000703
-0.144496
0.207547
-0.028929
0.145772
0.070202
0.100457
-0.168192
-0.234095
-0.020953
-0.221985
-0.053559
0.035301
0.198806
-0.270423
-0.112870
-0.086053
-0.225684
0.116657
-0.049791
-0.277859
-0.040254
0.028207
-0.027637
0.215269
1.404705
0.072165
0.053377
0.464481
0.542205
0.154477
0.748018
-0.066094
0.178103
0.299772
0.352235
0.080066
-0.294562
-0.123833
-0.304080
0.515340
1.026534
-0.056526
0.308999
0.925521
0.043965
-0.676481
-0.473552
0.268524
-0.104846
0.014451
0.174611
0.820673
0.334463
0.085061
-0.507525
-0.185419
0.162391
-0.641427
0.092801
0.136533
0.463096
-0.472299
-0.450471
-0.066014
0.140409
-0.253990
-0.109445
-0.684110
-0.089263
0.066089
-0.060185
0.124549
0.297489
-0.027486
-0.449229
-0.132836
0.078115
0.065407
0.156186
-0.115012
-0.153540
-0.201827
0.004882
0.027345
0.303255
0.282630
-0.065313
-0.007509
0.501806
0.339533
0.061613
0.423759
0.237757
0.046975
-0.353002
0.558119
0.112182
-0.296404
0.042206
-0.099031
-0.550240
-0.470734
-0.523806
0.747008
-0.615402
-0.199098
0.277944
0.095108
0.115654
-0.485561
-0.452251
0.358320
0.356262
-0.194947
-0.414218
0.395145
-0.037055
0.160568
-0.310128
0.212867
-0.003002
-0.042026
-0.112677
-0.049784
0.031110
-0.031671
-0.198589
-0.008270
-0.294188
-0.560393
-1.004652
-0.902307
-1.115148
-0.782220
0.127280
0.382339
0.548328
2.840312
1.049922
-0.068771
0.383973
0.111509
-0.007322
-0.360335
-0.762121
-0.714876
-0.744567
-0.211530
-0.312252
-0.512888
-0.604488
-0.096152
0.192538
-0.068379
-0.049535
0.371105
0.089242
-0.082318
-0.392440
-0.142446
-0.260075
-0.286645
0.774969
0.083062
0.454395
0.238083
0.084639
-0.292565
-0.027070
0.696454
-0.354147
0.184303
0.355137
0.074158
0.135219
0.290196
-0.121601
0.249312
-0.803138
-0.393192
-0.176694
0.313746
0.722376
-0.203276
-0.628234
-0.589930
-0.366065
0.097526
-0.138793
-0.148068
-0.332746
-0.700151
-0.360603
-0.358503
-0.563195
-0.120326
-0.088688
-1.208436
-0.131839
0.225672
0.416629
0.089023
0.304922
-0.234480
-0.133229
-0.481303
0.047564
-0.082111
-0.283593
-0.077928
0.267463
0.612106
0.098726
-0.059625
-0.317181
0.284654
0.084134
0.159387
-0.161361
0.311742
-0.207599
0.332012
0.332605
-0.279378
-0.071241
0.344474
-0.034971
-0.245102
0.330313
-0.116732
0.847104
0.554551
-0.009644
0.747862
-0.279900
0.020857
0.269642
-0.197525
0.026786
-0.150921
-0.505260
0.535094
0.338883
-0.446119
-0.662515
-0.661390
0.126584
-0.176664
0.487558
-0.585266
-0.029072
-0.205136
0.311811
-0.186811
0.488367
0.844509
0.384549
-0.058605
-0.105276
0.054237
-0.136507
-0.170282
-0.234602
-0.081393
-0.107300
0.117844
-0.054628
-0.170204
-0.170659
0.029356
-0.205525
-0.555442
-0.344667
-0.042824
0.999104
1.333509
-0.260586
-0.897439
-0.687223
-0.478228
-0.190287
-0.770711
-0.381178
0.002279
1.402486
0.899396
0.589190
-0.453020
-0.825864
0.036089
-0.636223
-0.503575
-0.570548
0.080987
0.860666
0.474818
0.294465
-0.117468
-0.742486
-0.350757
-0.212876
-0.052645
0.099321
-0.023870
0.118613
0.091409
0.161813
-0.123177
-0.285490
0.066148
0.272650
0.170864
-0.101565
-0.190430
0.006396
-0.198505
0.233088
0.344052
0.245202
0.090996
0.244611
-0.105131
0.065387
-0.388280
0.020316
0.085992
-0.067821
-0.074015
0.154835
-0.100518
0.281372
0.131496
-0.058888
0.065418
-0.155119
0.182738
-0.067469
0.053493
-0.214864
-0.003073
0.153646
0.109343
0.098623
-0.102015
0.270487
-0.039741
0.227959
0.127545
0.112208
0.147796
0.006567
-0.155034
0.012759
0.241651
-0.128283
-0.252170
-0.176582
0.274378
-0.113040
-0.052507
-0.031642
-0.054680
0.332571
0.207566
0.227230
-0.158743
0.122115
-0.065283
0.078960
-0.262763
0.169236
0.048215
0.221634
-0.129905
0.093243
-0.115550
-0.239815
0.095981
0.155584
0.016484
-0.133019
0.056556
0.176537
-0.076588
0.221865
0.597203
-0.399591
0.039940
0.059916
-0.142599
-0.023786
-0.465558
-0.056720
-0.084526
0.088189
0.668396
0.293742
-0.077437
0.590676
-0.518084
-0.731663
0.122887
0.277548
-0.283745
0.044419
0.283721
-0.799961
-0.119632
-0.134380
-0.699151
0.554370
-0.089652
0.021550
-0.082520
0.141641
0.011745
-0.118270
-0.669109
0.330580
-0.110314
0.997304
-0.306101
0.048058
-0.047290
0.145367
-0.482497
0.477870
-0.047037
0.200650
0.530954
-0.176160
-0.499278
0.684880
-0.318057
0.119528
-0.771511
0.141145
0.657964
0.214744
-0.215992
0.348454
0.015072
0.306174
0.018114
-0.070105
-0.189069
-0.175615
-0.272578
-0.251051
-0.123190
0.156030
-0.042975
0.027360
-0.049087
0.089563
-0.247293
0.306230
-0.198554
-0.204480
0.244207
0.056641
0.112825
0.918487
0.605829
0.639924
2.250122
-0.373845
-0.203493
-0.737343
-0.357505
-0.140473
-0.025556
0.731417
0.797511
-0.062085
0.429959
-0.229425
4.989838
1.135792
0.179055
0.999151
0.601551
-0.154189
-0.377209
0.302031
0.020526
-0.056846
-2.076031
0.439332
1.081263
1.082561
0.000000
0.000000
0.000000
0.000000
0.000000
0.000000
0.000000
0.000000
0.000000
0.000000
0.000000
0.000000
0.000000
0.000000
0.000000
0.000000
0.000000
0.000000
0.000000
0.000000
0.000000
0.000000
0.000000
0.000000
0.000000
0.000000
0.000000
0.000000
0.000000
0.000000
0.000000
0.000000
0.000000
0.000000
0.000000
0.000000
0.000000
0.000000
0.000000
0.000000
0.000000
0.000000
0.000000
0.000000
0.000000
0.000000
0.000000
0.000000
0.000000
0.000000
0.000000
0.000000
0.000000
0.000000
0.000000
0.000000
0.000000
0.000000
0.000000
0.000000
0.000000
0.000000
0.000000
0.000000
0.000000
0.000000
0.000000
0.000000
0.000000
0.000000
0.000000
0.000000
0.000000
0.000000
0.000000
0.000000
0.000000
0.000000
0.000000
0.000000
0.000000
0.000000
0.000000
0.000000
0.000000
0.000000
0.000000
0.000000
0.000000
0.000000
0.000000
0.000000
0.000000
0.000000
0.000000
0.000000
0.000000
0.000000
0.000000
0.000000
0.000000
0.000000
0.000000
0.000000
0.000000
0.000000
0.000000
0.000000
0.000000
0.000000
0.000000
0.000000
0.000000
0.000000
0.000000
0.000000
0.000000
0.000000
0.000000
0.000000
0.000000
0.000000
0.000000
0.000000
0.000000
0.000000
0.000000
0.000000
0.000000
0.000000
0.000000
0.000000
0.000000
0.000000
0.000000
0.000000
0.000000
0.000000
0.000000
0.000000
0.000000
0.000000
0.000000
0.000000
0.000000
0.000000
0.000000
0.000000
0.000000
0.000000
0.000000
0.000000
0.000000
0.000000
0.000000
0.000000
0.000000
0.000000
0.000000
0.000000
0.000000
0.000000
0.000000
0.000000
0.000000
0.000000
0.000000
0.000000
0.000000
0.000000
0.000000
0.000000
0.000000
0.000000
0.000000
0.000000
0.000000
0.000000
0.000000
0.000000
0.000000
0.000000
0.000000
0.000000
0.000000
0.000000
0.000000
0.000000
0.000000
0.000000
0.000000
0.000000
0.000000
0.000000
0.000000
0.000000
0.000000
0.000000
0.000000
0.000000
0.000000
0.000000
0.000000
0.000000
0.000000
0.000000
0.000000
0.000000
0.000000
0.000000
0.000000
0.000000
0.000000
0.000000
0.000000
0.000000
0.000000
0.000000
0.000000
0.000000
0.000000
0.000000
0.000000
0.000000
0.000000
0.000000
0.000000
0.000000
0.000000
0.000000
0.000000
0.000000
0.000000
0.000000
0.000000
0.000000
0.000000
0.000000
0.000000
0.000000
0.000000
0.000000
0.000000
0.000000
0.000000
0.000000
0.000000
0.000000
0.000000
0.000000
0.000000
0.000000
0.000000
0.000000
0.000000
0.000000
0.000000
0.000000
0.000000
0.000000
0.000000
0.000000
0.000000
0.000000
0.000000
0.000000
0.000000
0.000000
0.000000
0.000000
0.000000
0.000000
0.000000
0.000000
0.000000
0.000000
0.000000
0.000000
0.000000
0.000000
0.000000
0.000000
0.000000
0.000000
0.000000
0.000000
0.000000
0.000000
0.000000
0.000000
0.000000
0.000000
0.000000
0.000000
0.000000
0.000000
0.000000
0.000000
0.000000
0.000000
0.000000
0.000000
0.000000
0.000000
0.000000
0.000000
0.000000
0.000000
0.000000
0.000000
0.000000
0.000000
0.000000
0.000000
0.000000
0.000000
0.000000
0.000000
0.000000
0.000000
0.000000
0.000000
0.000000
0.000000
0.000000
0.000000
0.000000
0.000000
0.000000
0.000000
0.000000
0.000000
0.000000
0.000000
0.000000
0.000000
0.000000
0.000000
0.000000
0.000000
0.000000
0.000000
0.000000
0.000000
0.000000
0.000000
0.000000
0.000000
0.000000
0.000000
0.000000
0.000000
0.000000
0.000000
0.000000
0.000000
0.000000
0.000000
0.000000
0.000000
0.000000
0.000000
0.000000
0.000000
0.000000
0.000000
0.000000
0.000000
0.000000
0.000000
0.000000
0.000000
0.000000
0.000000
0.000000
0.000000
0.000000
0.000000
0.000000
0.000000
0.000000
0.000000
0.000000
0.000000
0.000000
0.000000
0.000000
0.000000
0.000000
0.000000
0.000000
0.000000
0.000000
0.000000
0.000000
0.000000
0.000000
0.000000
0.000000
0.000000
0.000000
0.000000
0.000000
0.000000
0.000000
0.000000
0.000000
0.000000
0.000000
0.000000
0.000000
0.000000
0.000000
0.000000
0.000000
0.000000
0.000000
0.000000
0.000000
0.000000
0.000000
0.000000
0.000000
0.000000
0.000000
0.000000
0.000000
0.000000
0.000000
0.000000
0.000000
0.000000
0.000000
0.000000
0.000000
0.000000
0.000000
0.000000
0.000000
0.000000
0.000000
0.000000
0.000000
0.000000
0.000000
0.000000
0.000000
0.000000
0.000000
0.000000
0.000000
0.000000
0.000000
0.000000
0.000000
0.000000
0.000000
0.000000
0.000000
0.000000
0.000000
0.000000
0.000000
0.000000
0.000000
0.000000
0.000000
0.000000
0.000000
0.000000
0.000000
0.000000
0.000000
0.000000
0.000000
0.000000
0.000000
0.000000
0.000000
0.000000
0.000000
0.000000
0.000000
0.000000
0.000000
0.000000
0.000000
0.000000
0.000000
0.000000
0.000000
0.000000
0.000000
0.000000
0.000000
0.000000
0.000000
0.000000
0.000000
0.000000
0.000000
0.000000
0.000000
0.000000
0.000000
0.000000
0.000000
