0.259037
-0.042587
-0.242700
-0.207680
-0.000384
0.272065
-0.147126
-0.153006
0.101203
-0.018622
0.245481
0.126768
0.176155
0.082803
-0.068675
0.130022
-0.028950
0.165880
0.222846
0.117488
-0.198840
0.263082
0.036576
-0.087192
-0.259484
0.149771
-0.068056
-0.123623
-0.013933
0.113717
0.187222
0.066445
-0.020775
-0.189003
-0.084575
0.369111
-0.214986
0.541125
-0.197472
-0.310212
-0.027316
-0.287517
-0.517187
-0.798565
-1.193107
-0.432782
-0.862508
-0.116378
0.507343
0.438852
-0.344005
-0.386678
-0.160809
0.029850
0.160564
0.402364
-0.229792
-0.267752
0.189392
-0.026349
-0.066374
-0.037980
-0.064282
0.041675
1.136169
0.386598
-0.212023
-0.083742
-0.157865
-0.097312
0.262777
-0.251591
0.208503
0.065255
-0.015753
-0.187423
0.192170
-0.103993
-0.187970
-0.075069
0.328078
-0.428520
0.272960
-0.168660
-0.188730
0.256918
-0.426680
-0.314941
0.142398
0.018151
-0.307847
0.082981
0.096512
0.353632
-0.193349
-0.314892
-0.156034
-0.107785
-0.105526
0.358246
-0.181241
-0.407921
-0.082916
0.618765
-0.520653
-0.584270
0.188511
0.210393
0.060027
-0.172710
0.176869
-0.219732
0.549943
0.225656
-0.023376
-0.643987
-0.392530
0.532075
-0.086476
0.219835
-0.166704
0.202766
-0.570307
0.001206
0.117686
-0.246609
-0.354889
-0.194681
0.072180
0.160102
0.115923
-0.223703
0.068113
-0.265846
-0.045608
0.279110
-0.059958
-0.081604
-0.288020
0.138997
0.111535
0.042700
-0.232433
-0.527442
-0.489822
-0.150068
-0.141881
0.013945
-0.036077
-0.354294
0.065803
-0.182639
-0.291467
-0.178874
-0.434107
-0.132628
0.241860
0.122745
0.277677
0.383016
0.245530
0.275155
0.119810
-0.243046
-0.175208
-0.137091
-0.259392
-0.327691
0.158343
0.176051
-0.078584
-0.015546
-0.183689
-0.046743
0.031510
-0.203292
0.033352
0.096239
-0.008073
-0.081448
-0.102561
0.051990
-0.082324
0.123930
-0.159494
0.071891
-0.436413
0.309895
0.541213
0.081337
-0.025909
-0.284752
-0.058029
0.159654
-0.222880
0.861542
-0.520594
0.375274
0.381546
0.215550
0.107302
0.297985
0.794285
-0.285484
0.109637
-0.110131
-0.050749
0.616023
0.451969
-0.146663
-0.151966
0.190254
-0.024911
0.392245
-0.034347
-0.150064
0.256927
-0.176370
0.422310
-0.032609
-0.390704
0.242375
-0.045492
0.484521
0.779766
-0.230231
-0.360095
0.003316
-0.279949
-0.077317
-0.400306
-0.377396
0.250656
-0.239381
-0.200373
0.159848
-0.371557
0.308422
1.426339
0.210801
0.143390
0.172642
-0.188233
-0.111604
0.083031
0.502230
0.482620
0.687835
-0.082896
0.226358
-0.469070
0.059509
-0.015755
-0.444086
-0.227020
-0.417011
0.363389
-0.475269
-0.374863
0.213061
-0.884978
0.243158
0.095840
0.065370
0.302975
-0.326642
0.069432
0.509508
-0.077241
-0.700670
-0.393041
-1.328448
-0.787044
-0.329179
0.021680
0.025496
-0.642041
0.146384
-0.271113
0.003779
0.411397
0.145284
0.346406
-0.200162
-0.406662
0.081082
-0.312948
-0.917875
-0.026049
-0.071172
-0.086451
0.187279
1.521881
0.277965
-0.140239
-0.061622
-0.156113
0.149337
0.076780
-0.059569
-0.131693
-0.271780
0.696957
-0.386898
-0.169035
-0.038715
-0.141191
0.654379
-0.248075
-0.276918
-0.496501
1.953612
1.719368
-0.166809
-0.738061
-0.134196
-0.524241
-0.749914
-0.655504
0.005484
-0.168419
-0.316557
-0.149164
0.001547
0.199065
0.439129
0.496956
-0.127076
0.286200
-0.157919
0.261979
0.364248
-0.046219
-0.201403
0.781285
0.100471
-0.155801
0.187854
-0.065408
0.109592
0.216920
-0.137133
-0.052805
-0.161990
0.143881
-0.554787
0.250687
0.114819
-0.159726
0.033729
-0.180652
-0.100102
0.263372
-0.224366
0.142923
-0.068137
-0.463766
-0.406479
-0.085542
-0.633318
0.181956
-0.405164
0.030390
0.268317
0.171406
-0.017792
-0.108025
-0.034587
-0.419094
0.313576
0.033814
-0.100175
0.385509
-0.211563
-0.089787
-0.268510
-0.526378
0.000763
-0.333124
0.074182
0.403686
-0.208771
0.348309
0.301580
0.088296
0.686096
-0.081748
-0.596583
0.318899
0.186986
1.034235
-0.009873
-0.160797
0.004141
-0.272495
-0.296245
0.164305
-0.310748
0.336865
-0.252709
0.369099
-0.220112
-0.363365
-0.211818
-0.125110
-0.057020
-0.321858
-0.694388
0.127236
0.151270
0.351843
-0.195959
-0.148834
-0.220297
-0.044227
-0.125536
-0.449258
0.050763
-0.233640
0.861099
0.250108
-0.040449
-0.311061
-0.077479
0.097622
0.364536
0.192964
0.107428
0.123029
-0.125866
0.103996
0.294842
0.067518
0.149806
0.028570
0.077192
0.051732
-0.238588
-0.236094
0.244277
0.192791
0.171589
0.697620
0.343889
0.531245
0.005326
-0.066021
-0.477936
-0.726418
-0.837215
-0.694306
-0.496661
-0.392039
0.180127
-0.303356
0.048661
0.035040
0.198263
0.123854
0.021575
0.011989
0.339571
-0.036863
-0.090401
-0.089402
0.109630
-0.298266
-0.343978
-0.083348
0.346458
-0.514186
-0.017719
0.073088
0.596172
1.768538
0.915614
-0.128968
-0.055327
-0.654543
-1.005749
4.163514
0.376725
0.462109
0.158643
-0.176339
1.579661
0.399504
0.088394
-0.301364
-0.318787
0.373862
-0.296055
-0.439104
0.322866
-0.186219
0.130195
0.076503
-0.396020
-0.230614
-0.225746
-0.098223
-0.157934
0.010459
0.136347
0.372291
-1.340960
0.132791
0.212618
-0.348771
-0.224282
-0.310285
-0.170096
-0.068452
0.019755
0.803872
0.250265
0.021573
0.264224
-0.234760
0.399621
-0.309510
-0.156440
0.045668
1.758822
1.419856
2.028843
1.837335
1.069917
-0.287782
-1.067782
-0.851856
-1.630247
-0.595101
-0.626201
0.136302
-0.262052
0.619814
0.392104
0.272021
-0.061686
0.041199
0.563010
1.353054
-0.341245
0.247021
0.279220
0.458331
0.619392
-0.808053
-1.300300
-1.195822
-1.142233
-0.845065
-0.645773
0.552775
0.184354
0.117814
0.016570
0.453769
-0.035732
0.066048
0.120167
0.175979
0.196544
0.099501
0.408097
0.054659
0.004527
0.104208
0.114442
0.007274
-0.251795
-0.166718
0.298494
0.342997
-0.334435
-0.160463
-0.389691
1.105253
-0.201329
0.229136
-0.699387
-1.346888
-0.095342
0.119972
-0.501421
-0.127936
0.288027
-0.060841
0.138221
-0.114488
0.535251
0.006043
-0.109456
-0.031377
-0.117820
-0.307400
-0.249124
-0.439753
-0.538024
0.451744
0.348524
2.556690
0.455485
-0.062847
-0.766299
-0.127391
-0.815444
-0.373400
0.073472
0.072109
-1.042417
0.374178
0.371556
-0.102691
-0.223871
0.186776
-0.620258
-0.152108
-0.043423
-0.323154
-0.107595
0.383366
0.547968
0.275600
-0.430054
-0.332973
0.210637
-0.058609
-0.396582
-0.008520
0.325306
-0.428742
-0.131920
-0.320925
-0.584316
-0.212842
0.709806
-0.283961
0.462298
-0.456146
-0.247689
-0.894017
-0.707061
1.403048
3.490696
2.849366
1.705319
-0.287017
0.080971
-0.202138
-0.014883
0.998446
0.000000
0.000000
0.000000
0.000000
0.000000
0.000000
0.000000
0.000000
0.000000
0.000000
0.000000
0.000000
0.000000
0.000000
0.000000
0.000000
0.000000
0.000000
0.000000
0.000000
0.000000
0.000000
0.000000
0.000000
0.000000
0.000000
0.000000
0.000000
0.000000
0.000000
0.000000
0.000000
0.000000
0.000000
0.000000
0.000000
0.000000
0.000000
0.000000
0.000000
0.000000
0.000000
0.000000
0.000000
0.000000
0.000000
0.000000
0.000000
0.000000
0.000000
0.000000
0.000000
0.000000
0.000000
0.000000
0.000000
0.000000
0.000000
0.000000
0.000000
0.000000
0.000000
0.000000
0.000000
0.000000
0.000000
0.000000
0.000000
0.000000
0.000000
0.000000
0.000000
0.000000
0.000000
0.000000
0.000000
0.000000
0.000000
0.000000
0.000000
0.000000
0.000000
0.000000
0.000000
0.000000
0.000000
0.000000
0.000000
0.000000
0.000000
0.000000
0.000000
0.000000
0.000000
0.000000
0.000000
0.000000
0.000000
0.000000
0.000000
0.000000
0.000000
0.000000
0.000000
0.000000
0.000000
0.000000
0.000000
0.000000
0.000000
0.000000
0.000000
0.000000
0.000000
0.000000
0.000000
0.000000
0.000000
0.000000
0.000000
0.000000
0.000000
0.000000
0.000000
0.000000
0.000000
0.000000
0.000000
0.000000
0.000000
0.000000
0.000000
0.000000
0.000000
0.000000
0.000000
0.000000
0.000000
0.000000
0.000000
0.000000
0.000000
0.000000
0.000000
0.000000
0.000000
0.000000
0.000000
0.000000
0.000000
0.000000
0.000000
0.000000
0.000000
0.000000
0.000000
0.000000
0.000000
0.000000
0.000000
0.000000
0.000000
0.000000
0.000000
0.000000
0.000000
0.000000
0.000000
0.000000
0.000000
0.000000
0.000000
0.000000
0.000000
0.000000
0.000000
0.000000
0.000000
0.000000
0.000000
0.000000
0.000000
0.000000
0.000000
0.000000
0.000000
0.000000
0.000000
0.000000
0.000000
0.000000
0.000000
0.000000
0.000000
0.000000
0.000000
0.000000
0.000000
0.000000
0.000000
0.000000
0.000000
0.000000
0.000000
0.000000
0.000000
0.000000
0.000000
0.000000
0.000000
0.000000
0.000000
0.000000
0.000000
0.000000
0.000000
0.000000
0.000000
0.000000
0.000000
0.000000
0.000000
0.000000
0.000000
0.000000
0.000000
0.000000
0.000000
0.000000
0.000000
0.000000
0.000000
0.000000
0.000000
0.000000
0.000000
0.000000
0.000000
0.000000
0.000000
0.000000
0.000000
0.000000
0.000000
0.000000
0.000000
0.000000
0.000000
0.000000
0.000000
0.000000
0.000000
0.000000
0.000000
0.000000
0.000000
0.000000
0.000000
0.000000
0.000000
0.000000
0.000000
0.000000
0.000000
0.000000
0.000000
0.000000
0.000000
0.000000
0.000000
0.000000
0.000000
0.000000
0.000000
0.000000
0.000000
0.000000
0.000000
0.000000
0.000000
0.000000
0.000000
0.000000
0.000000
0.000000
0.000000
0.000000
0.000000
0.000000
0.000000
0.000000
0.000000
0.000000
0.000000
0.000000
0.000000
0.000000
0.000000
0.000000
0.000000
0.000000
0.000000
0.000000
0.000000
0.000000
0.000000
0.000000
0.000000
0.000000
0.000000
0.000000
0.000000
0.000000
0.000000
0.000000
0.000000
0.000000
0.000000
0.000000
0.000000
0.000000
0.000000
0.000000
0.000000
0.000000
0.000000
0.000000
0.000000
0.000000
0.000000
0.000000
0.000000
0.000000
0.000000
0.000000
0.000000
0.000000
0.000000
0.000000
0.000000
0.000000
0.000000
0.000000
0.000000
0.000000
0.000000
0.000000
