-0.030173
-0.160466
0.531823
0.288124
-0.033589
-0.188223
-0.204460
0.207276
0.403331
0.434527
-0.342197
0.112026
-0.097118
-0.495843
0.298676
-0.052099
-0.417046
-0.040178
-0.114892
-0.466043
-0.139640
0.034861
-0.246280
-0.997045
-0.458531
0.209418
0.129485
0.251080
-0.061403
0.060567
0.300761
0.107889
-0.291512
-0.138457
-0.129352
-0.172084
-0.378787
0.033929
-0.096646
-0.179656
-0.007231
0.290547
0.023476
0.066863
-0.167661
0.044512
0.142221
-0.033051
0.081438
-0.260671
0.314640
-0.109227
-0.186586
-0.075462
0.121009
0.209645
0.010274
0.111013
-0.065649
0.060859
-0.079773
-0.001587
-0.376706
-0.109416
-0.080598
0.234131
-0.200505
-0.201062
-0.215576
-0.165846
0.130166
-0.093885
-0.115632
0.192587
-0.154800
-0.350544
0.107533
-0.237391
-0.079960
0.187321
-0.073706
-0.088176
0.070750
-0.039651
0.031211
-0.379145
0.040167
0.225118
0.158038
-0.291941
-0.227871
-0.052961
0.036917
-0.152620
0.275501
0.042112
0.338234
0.063504
0.049065
-0.011263
-0.103442
-0.227988
0.094845
-0.026233
0.095540
-0.181391
-0.155350
-0.226133
-0.251892
0.153880
-0.241732
-0.016035
0.084456
-0.208796
-0.070628
-0.127044
-0.499698
-0.069805
0.232254
-0.179641
-0.323999
0.070986
0.040758
-0.191887
-0.002114
-0.109811
-0.323086
0.008148
0.192866
0.057624
0.010345
-0.155851
-0.007917
-0.057715
0.012155
0.006650
0.118542
0.252469
-0.267194
0.038799
-0.019200
-0.094805
-0.023441
-0.063835
0.091627
0.134447
-0.035391
-0.091335
-0.174426
0.012310
0.200752
-0.143168
-0.269895
-0.176076
0.081010
-0.269044
-0.013499
0.115188
0.156138
-0.112084
-0.017644
0.248563
1.891644
0.871531
0.350708
-0.486017
-0.163734
0.578714
0.613449
0.178276
0.347352
0.611354
0.177372
1.244728
-0.495942
0.234101
0.312556
0.301400
0.172216
0.177950
0.271374
0.514151
0.933065
0.154652
-0.457654
-1.035796
-1.066769
-1.227632
-1.330315
-1.008786
0.342877
0.469019
0.236587
-0.032057
-0.647134
-0.773547
-0.640506
-0.618506
-1.051131
-1.567268
0.035542
-0.024703
0.166520
0.239064
-0.422461
-0.393582
0.074109
-0.386569
-0.611888
0.143225
0.239303
0.387465
2.503033
0.616323
0.758159
-0.680515
-0.527796
-0.055594
0.242980
0.805639
0.504232
0.427157
-0.097429
1.565535
0.148068
1.505629
-0.630664
-0.282308
-0.145934
-0.302283
0.236994
-0.445828
0.779079
-0.240882
-0.354249
-0.705011
-0.030766
-0.013293
0.178468
0.304762
-0.011322
-0.382865
-0.420101
-0.269328
-0.520251
-0.623838
-0.247788
0.485910
-0.036523
-0.504440
0.207629
-0.141993
-0.042895
-0.435487
0.110448
0.048192
0.029726
-0.169456
-0.061563
0.196034
0.208631
0.353282
0.232555
0.055084
-0.169706
-0.028720
-0.171516
0.206162
0.174792
0.132560
0.314887
0.163635
-0.105395
-0.273511
-0.008995
0.197586
0.416925
0.040847
0.196218
-0.085943
0.062884
-0.253183
-0.004675
0.244756
-0.175139
0.227572
0.072284
-0.167396
-0.485696
-0.105331
-0.101972
0.116734
0.049032
-0.268596
-0.050875
-0.715509
0.368988
-0.169537
0.277104
-0.142406
0.030010
-0.034105
-0.068144
-0.553110
0.207791
0.013084
0.141027
-0.105441
-0.401532
-0.139965
0.045318
0.015233
-0.197594
-0.109038
-0.031300
0.254136
0.106050
0.115193
0.052090
0.139587
-0.203556
-0.039680
0.230640
0.100970
-0.049300
0.072164
0.051409
0.162335
-0.889391
-0.024689
-0.093422
0.529816
-0.214026
-0.181188
0.012728
-0.002269
0.403153
-0.310193
0.134679
-0.030689
-0.228884
-0.202420
0.172224
0.056119
-0.014085
0.148117
-0.114550
0.455777
-0.851166
-0.919145
-1.034143
-0.356853
-0.475463
0.243845
0.519968
0.253388
0.413705
0.616564
0.328381
1.659055
-0.802698
-0.909397
-0.515121
-0.414695
-0.228272
-0.245663
-0.756382
-0.280813
-0.427124
-0.008055
0.019093
-0.213011
0.581908
0.449739
0.481594
0.752622
-0.089661
-0.558736
-0.400936
-0.215249
-0.091759
-0.079614
0.108037
0.041056
-0.016165
-0.162377
-0.035737
0.052141
0.008918
0.460327
0.730250
0.825320
0.394417
0.333279
-0.334492
1.273690
0.879706
-0.519590
-0.918540
-0.801559
-0.634561
-0.810243
-0.260012
-0.048563
0.199056
0.591049
0.827936
-0.065436
0.057717
-0.217606
-0.025346
0.203955
-0.397993
0.363514
0.063388
0.205369
0.096036
-0.221348
-0.103884
0.082931
-0.232811
0.464173
-0.280197
-0.298150
0.020636
-0.078792
-0.053891
-0.089927
-0.258246
0.060658
0.264289
-0.008690
-1.062736
-1.148718
-1.085557
-1.189636
0.059154
0.145109
0.424072
0.115805
-0.141704
-0.044034
-0.170295
-0.492108
-0.595533
-0.508242
0.496971
-0.352603
0.408724
1.989044
0.568973
1.266365
-0.078276
-0.045449
-0.221266
-0.080973
-0.246604
0.171330
0.223051
0.305834
0.163636
0.213775
-0.105721
0.728397
-0.700682
-0.260199
0.370596
0.039370
0.153853
0.255752
0.165089
0.467830
-0.521511
-0.415929
0.012047
0.052696
-0.032747
0.106717
-0.663319
0.208711
0.015423
-0.033544
-0.169111
0.435027
0.080241
-0.408156
0.069815
-0.078052
-0.265205
-0.318376
1.149858
1.435025
1.017958
0.571638
-0.259519
-0.256916
0.277478
0.412710
-0.219427
-0.036913
0.166957
0.864992
0.322942
-0.281546
0.042380
0.761307
0.063557
-0.399702
-0.393829
-0.397529
-0.128286
-0.082648
0.045107
0.122682
0.161251
0.070736
-0.100283
-0.195909
0.030501
-0.046544
0.059968
-0.527997
-0.163844
-0.101282
0.150777
-0.074956
-0.125198
-0.200207
0.020547
0.183600
0.130705
0.349534
-0.028676
-0.135170
0.532823
0.226892
0.352694
-0.122526
-0.270760
-0.225382
0.047705
0.004008
0.095687
0.071813
-0.082494
0.090746
-0.115054
-0.963569
-1.086155
-0.575168
-0.576256
0.388474
0.003413
0.463547
-0.078816
0.012152
-0.193624
-0.462922
-0.219053
-0.361827
0.159926
0.077840
0.509150
0.982470
0.435774
0.250515
-0.011551
-0.251666
-0.066047
-0.279991
-0.097967
-0.041257
0.260139
0.072749
0.147027
0.272966
-0.476975
-0.322508
-0.437057
-0.372023
0.047289
0.041928
-0.235989
-0.041281
-0.193317
0.081952
0.058471
0.010423
0.150798
0.292851
0.443944
0.448954
0.394109
-0.108384
0.031470
-0.165529
0.175132
0.312403
0.066573
-0.342089
0.214345
0.287348
0.260996
0.867557
0.913651
0.477780
1.165151
0.033561
-0.235003
-0.457288
-0.271557
0.123006
0.024740
0.097817
0.107019
0.500465
0.526587
0.523823
-0.035922
-0.348246
-0.342963
-0.584539
-0.536090
0.267026
0.321541
0.325490
0.313826
-0.157990
-0.122836
-0.372705
0.011533
-0.027227
0.156057
0.120568
0.054991
0.012141
-0.207387
-0.176422
0.265513
0.110734
-0.177800
0.188812
0.298822
-0.160352
-0.189354
-0.129287
0.062813
-0.208666
0.267892
-0.087152
0.210054
-0.037849
-0.338850
-0.093923
-0.134216
-0.215320
0.329505
-0.314335
0.052810
-0.927831
-1.148914
-1.028083
-0.986539
-0.163502
-0.182560
0.448780
0.111216
0.191161
0.138009
-0.325081
-0.131550
-0.355298
-0.525063
0.370408
-0.124095
0.163543
1.003935
0.358284
0.311127
0.312551
0.206103
-0.088336
0.045120
-0.102925
-0.011821
0.060240
0.146470
-0.069606
-0.743594
1.090789
-0.275883
-0.315255
-0.249858
-0.171313
-0.154055
0.217338
-0.198881
0.157966
0.075486
0.314530
-0.070706
-0.026172
-0.242472
0.189840
-0.228952
0.145843
-0.049096
0.057530
-0.066371
-0.187351
0.011883
-0.049448
-0.250353
0.111706
0.145867
0.342217
0.774898
1.189316
0.315902
0.820688
0.093743
0.202377
-0.297462
0.014400
-0.146516
-0.076829
0.394834
0.276678
0.453240
0.707576
0.384720
0.475214
-0.632491
-0.466352
-1.041417
-0.113572
-0.325196
-0.074376
0.137779
0.670586
0.366889
0.409597
-0.033324
-0.299012
-0.438336
-0.351405
-0.202018
0.092919
0.062346
0.061854
0.000742
-0.055170
-0.323254
-0.269617
0.225974
-0.088261
-0.311395
0.055541
-0.389486
-0.134707
-0.421478
-0.265838
-0.039031
0.120381
-0.211141
0.023155
-0.142620
-0.387260
-0.059197
-0.101953
0.360005
-0.068275
-0.130063
-0.738425
-0.703846
-1.237836
-0.463449
-0.056561
-0.255193
0.249548
-0.091904
-0.256921
-0.016940
-0.057120
-0.464169
-0.133198
-0.280969
-0.233074
-0.502506
0.646728
0.640133
1.220433
0.412905
0.124479
-0.249423
-0.005003
-0.022211
-0.026898
-0.090143
0.023666
-0.188179
0.037649
-0.048915
-0.387011
0.115109
-0.491613
-0.257997
-0.030811
-0.016169
0.114666
0.113338
-0.064884
-1.088465
-0.144368
0.145708
-0.052297
0.057926
-0.127210
-0.102239
-0.328037
0.211398
0.152000
0.067173
0.271498
-0.075422
-0.104542
0.164771
-0.120326
-0.103653
0.061600
-0.167084
0.208199
0.718947
1.805109
-0.305039
-0.074111
0.035694
-0.060766
0.082209
-0.216906
0.251475
-0.088967
0.245834
0.244650
0.400513
-0.178248
0.346051
-0.484457
-0.797619
-0.903689
-0.289284
-0.342889
-0.324359
0.231846
-0.025546
0.119003
0.182732
-0.320074
0.217715
-0.094514
-0.214811
0.021459
-0.189933
-0.128237
-0.228922
0.091987
0.203719
-0.049523
0.185886
-0.770352
-0.413248
-0.026287
0.188147
0.126026
0.264834
0.197435
0.277792
-0.212394
0.104231
0.070152
0.156370
0.026684
-0.125810
-0.189019
-0.287568
-0.260046
0.270064
-0.072759
-0.690968
-0.992746
-1.544478
-1.000634
-0.743884
0.554731
0.745794
0.004670
0.242815
0.133174
0.380922
0.249150
-0.019740
-0.392665
-0.301078
-0.045458
0.042162
0.376960
0.104679
-0.124027
-0.083168
0.252648
0.130403
0.092809
0.270483
0.011304
-0.021269
-0.022351
-0.050147
0.099377
0.022542
-0.340407
0.049858
0.183566
0.151739
0.114082
0.070377
0.568000
0.043396
-0.168875
0.262072
-0.207033
-0.087269
-0.472029
-0.073480
0.307751
-0.362733
-0.024239
-0.603371
-0.322795
0.357813
0.152249
-0.055440
-0.277858
0.117582
0.015644
-0.358924
-0.312739
-0.496535
0.227385
0.049553
-0.183855
0.171078
-0.141160
0.116706
-0.068983
0.295082
0.208137
0.086246
0.219176
-0.246285
-0.307159
0.183192
-0.526943
0.187218
0.395439
-0.404382
-0.169104
0.195423
0.030074
-0.339823
0.048719
-0.229529
-0.269091
-0.013413
0.027671
-0.088803
-0.009467
-0.219527
0.248273
-0.218154
-0.309557
-0.062050
-0.159649
-0.505752
0.123392
-0.163030
-0.143608
0.447673
0.076615
-0.122242
-0.216813
-0.116713
0.146861
-0.276644
-0.303727
0.162654
0.440016
0.111211
0.115131
0.162109
-0.005597
