-0.343909
0.466224
0.599048
0.695485
0.951154
0.194518
-0.005853
0.250188
0.326743
0.927600
1.689618
-0.091022
0.150219
0.062681
0.682599
1.028080
0.413998
0.079526
0.485783
-0.092135
-0.207932
1.081091
2.337247
2.845770
2.572060
-0.578452
-2.057830
-0.795571
-0.594287
-0.251806
-0.019718
0.060985
0.481761
0.057716
-0.002169
0.398614
0.269579
-0.229935
0.044392
-0.211360
-0.157402
0.000000
0.000000
0.000000
0.000000
0.000000
0.000000
0.000000
0.000000
0.000000
0.000000
0.000000
0.000000
0.000000
0.000000
0.000000
0.000000
0.000000
0.000000
0.000000
0.000000
0.000000
0.000000
0.000000
0.000000
0.000000
0.000000
0.000000
0.000000
0.000000
0.000000
0.000000
0.000000
0.000000
0.000000
0.000000
0.000000
0.000000
0.000000
0.000000
0.000000
0.000000
0.000000
0.000000
0.000000
0.000000
0.000000
0.000000
0.000000
0.000000
0.000000
0.000000
0.000000
0.000000
0.000000
0.000000
0.000000
0.000000
0.000000
0.000000
0.000000
0.000000
0.000000
0.000000
0.000000
0.000000
0.000000
0.000000
0.000000
0.000000
0.000000
0.000000
0.000000
0.000000
0.000000
0.000000
0.000000
0.000000
0.000000
0.000000
0.000000
0.000000
0.000000
0.000000
0.000000
0.000000
0.000000
0.000000
0.000000
0.000000
0.000000
0.000000
0.000000
0.000000
0.000000
0.000000
0.000000
0.000000
0.000000
0.000000
0.000000
0.000000
0.000000
0.000000
0.000000
0.000000
0.000000
0.000000
0.000000
0.000000
0.000000
0.000000
0.000000
0.000000
0.000000
0.000000
0.000000
0.000000
0.000000
0.000000
0.000000
0.000000
0.000000
0.000000
0.000000
0.000000
0.000000
0.000000
0.000000
0.000000
0.000000
0.000000
0.000000
0.000000
0.000000
0.000000
0.000000
0.000000
0.000000
0.000000
0.000000
0.000000
0.000000
0.000000
0.000000
0.000000
0.000000
0.000000
0.000000
0.000000
0.000000
0.000000
0.000000
0.000000
0.000000
0.000000
0.000000
0.000000
0.000000
0.000000
0.000000
0.000000
0.000000
0.000000
0.000000
0.000000
0.000000
0.000000
0.000000
0.000000
0.000000
0.000000
0.000000
0.000000
0.000000
0.000000
0.000000
0.000000
0.000000
0.000000
0.000000
0.000000
0.000000
0.000000
0.000000
0.000000
0.000000
0.000000
0.000000
0.000000
0.000000
0.000000
0.000000
0.000000
0.000000
0.000000
0.000000
0.000000
0.000000
0.000000
0.000000
0.000000
0.000000
0.000000
0.000000
0.000000
0.000000
0.000000
0.000000
0.000000
0.000000
0.000000
0.000000
0.000000
0.000000
0.000000
0.000000
0.000000
0.000000
0.000000
0.000000
0.000000
0.000000
0.000000
0.000000
0.000000
0.000000
0.000000
0.000000
0.000000
0.000000
0.000000
0.000000
0.000000
0.000000
0.000000
0.000000
0.000000
0.000000
0.000000
0.000000
0.000000
0.000000
0.000000
0.000000
0.000000
0.000000
0.000000
0.000000
0.000000
0.000000
0.000000
0.000000
0.000000
0.000000
0.000000
0.000000
0.000000
0.000000
0.000000
0.000000
0.000000
0.000000
0.000000
0.000000
0.000000
0.000000
0.000000
0.000000
0.000000
0.000000
0.000000
0.000000
0.000000
0.000000
0.000000
0.000000
0.000000
0.000000
0.000000
0.000000
0.000000
0.000000
0.000000
0.000000
0.000000
0.000000
0.000000
0.000000
0.000000
0.000000
0.000000
0.000000
0.000000
0.000000
0.000000
0.000000
0.000000
0.000000
0.000000
0.000000
0.000000
0.000000
0.000000
0.000000
0.000000
0.000000
0.000000
0.000000
0.000000
0.000000
0.000000
0.000000
0.000000
0.000000
0.000000
0.000000
0.000000
0.000000
0.000000
0.000000
0.000000
0.000000
0.000000
0.000000
0.000000
0.000000
0.000000
0.000000
0.000000
0.000000
0.000000
0.000000
0.000000
0.000000
0.000000
0.000000
0.000000
0.000000
0.000000
0.000000
0.000000
0.000000
0.000000
0.000000
0.000000
0.000000
0.000000
0.000000
0.000000
0.000000
0.000000
0.000000
0.000000
0.000000
0.000000
0.000000
0.000000
0.000000
0.000000
0.000000
0.000000
0.000000
0.000000
0.000000
0.000000
0.000000
0.000000
0.000000
0.000000
0.000000
0.000000
0.000000
0.000000
0.000000
0.000000
0.000000
0.000000
0.000000
0.000000
0.000000
0.000000
0.000000
0.000000
0.000000
0.000000
0.000000
0.000000
0.000000
0.000000
0.000000
0.000000
0.000000
0.000000
0.000000
0.000000
0.000000
0.000000
0.000000
0.000000
0.000000
0.000000
0.000000
0.000000
0.000000
0.000000
0.000000
0.000000
0.000000
0.000000
0.000000
0.000000
0.000000
0.000000
0.000000
0.000000
0.000000
0.000000
0.000000
0.000000
0.000000
0.000000
0.000000
0.000000
0.000000
0.000000
0.000000
0.000000
0.000000
0.000000
0.000000
0.000000
0.000000
0.000000
0.000000
0.000000
0.000000
0.000000
0.000000
0.000000
0.000000
0.000000
0.000000
0.000000
0.000000
0.000000
0.000000
0.000000
0.000000
0.000000
0.000000
0.000000
0.000000
0.000000
0.000000
0.000000
0.000000
0.000000
0.000000
0.000000
0.000000
0.000000
0.000000
0.000000
0.000000
0.000000
0.000000
0.000000
0.000000
0.000000
0.000000
0.000000
0.000000
0.000000
0.000000
0.000000
0.000000
0.000000
0.000000
0.000000
0.000000
0.000000
0.000000
0.000000
0.000000
0.000000
0.000000
0.000000
0.000000
0.000000
0.000000
0.000000
0.000000
0.000000
0.000000
0.000000
0.000000
0.000000
0.000000
0.000000
0.000000
0.000000
0.000000
0.000000
0.000000
0.000000
0.000000
0.000000
0.000000
0.000000
0.000000
0.000000
0.000000
0.000000
0.000000
0.000000
0.000000
0.000000
0.000000
0.000000
0.000000
0.000000
0.000000
0.000000
0.000000
0.000000
0.000000
0.000000
0.000000
0.000000
0.000000
0.000000
0.000000
0.000000
0.000000
0.000000
0.000000
0.000000
0.000000
0.000000
0.000000
0.000000
0.000000
0.000000
-0.437148
0.132430
-0.348726
0.728864
0.029276
0.836596
0.090781
1.936025
0.498604
-1.448425
-1.419978
-1.779390
-1.331758
-1.058166
-1.147441
0.032408
-0.062936
0.215854
0.258834
1.097163
-0.050771
-0.263728
-0.176369
-0.058508
-0.068213
0.047728
0.512896
0.119347
0.255051
0.480515
-0.321720
-0.016856
0.015455
0.393893
0.302390
-0.254707
-0.521383
-0.572412
-0.309306
-0.038402
-0.129993
0.090541
-0.058932
-0.013850
-0.065403
0.638369
0.426038
-0.316698
0.149210
0.014156
-0.319880
-0.875395
-0.288328
0.673166
-0.219316
0.814304
-0.471539
-0.220211
-0.816079
0.169158
-0.921800
0.329868
1.313407
0.790154
0.766296
0.435804
-0.004613
-0.118159
-0.605500
-0.511981
-0.187179
0.077653
0.135002
0.408478
1.025048
-0.014684
-0.319036
-0.572339
-0.163813
0.109006
-0.268873
0.541924
0.560797
-0.022290
0.454829
-0.193234
-0.273123
0.143907
0.767375
0.073316
0.073617
0.464519
-0.001714
-0.245780
0.316520
0.346999
-0.331117
-0.246482
-0.512236
-0.153644
-0.061562
0.091842
0.263868
-0.014176
-0.243690
-0.143733
-0.137899
-0.188007
-0.340820
-0.171272
-0.231946
0.696463
0.714937
0.285360
0.466567
0.366149
0.323807
0.087043
0.109279
0.094339
0.181519
-0.150467
-0.607702
-0.449814
-0.391452
-0.446584
-0.085965
-0.349242
-0.146774
-0.566167
-0.275385
-0.159613
-0.209549
0.596993
0.483786
0.210116
0.296726
0.448963
-0.063886
0.098528
0.102747
0.131270
-0.196006
0.131033
-0.290187
-0.684782
-0.348568
-0.054814
-0.136837
-0.194395
-0.216121
-0.255349
-0.318763
-0.172168
-0.171385
0.744434
0.618577
0.473268
0.673556
0.403026
0.155851
0.178564
0.341042
0.221185
0.292219
0.331676
-0.185252
-0.561076
-0.852476
-0.439992
-0.034979
-0.082100
0.040631
-0.418714
0.077395
-0.129878
-0.008548
0.273000
0.355270
0.361424
0.175221
0.212314
-0.220457
0.043085
-0.266909
0.086387
0.365717
0.067921
-0.284001
-0.657524
-0.069685
-0.483106
0.156033
0.276200
-0.200242
-0.057146
-0.672501
0.251241
0.231995
0.187848
0.645422
0.695047
0.797989
0.049320
0.039474
0.111059
0.096116
0.749358
-0.008898
0.095682
-0.280443
-0.481079
-0.545352
-0.512249
0.073538
-0.007400
-0.396999
-0.253197
-0.252257
0.074301
0.095116
-0.054366
0.089908
-0.114553
0.003838
-0.254138
-0.227410
-0.093330
-0.149563
0.121452
0.039102
-0.115340
0.015579
-0.128756
-0.274634
-0.120821
-0.041266
-0.022954
-0.112189
-0.005840
0.328447
-0.180307
-0.225826
0.048493
0.162256
-0.448076
-0.684216
-1.194452
-1.239818
-0.926144
-0.901514
0.021219
0.635184
0.683704
1.844412
-0.225707
0.201666
-0.114730
0.336284
0.178935
0.394681
0.384144
0.418750
0.224711
-0.023376
0.036372
-0.251370
-0.223347
0.048397
0.028985
-0.157037
0.265718
-0.062789
-0.253763
-0.215512
-0.079661
0.113135
0.046754
0.019887
0.010808
-0.022641
0.019362
-0.119376
0.268124
1.279714
3.098999
2.039526
1.831605
0.268735
-0.658369
-0.656921
-0.841186
-0.591779
-0.325131
0.464798
0.344593
-0.051038
-0.089051
-0.097602
0.200253
0.759535
0.251902
-0.426574
-0.106054
-0.121566
-0.043399
-0.232170
-0.181611
-0.395620
0.034496
-0.259995
-0.601475
-1.161027
-1.112564
-1.483879
-1.027814
-1.430452
-0.159707
0.964176
2.637009
3.871650
0.470441
1.543963
1.605215
-1.166134
-0.166443
-0.036097
-0.401229
-0.545059
-1.055131
-0.678133
-0.736731
0.885208
-0.037475
1.064704
0.071092
-0.219746
0.097062
-0.212834
0.422425
-0.243209
-0.080887
-0.474432
0.631339
-0.349919
-0.324683
0.523872
0.517058
0.456440
-0.430399
0.027245
-0.339597
-0.363366
-0.040073
0.232487
0.219612
-0.054716
-0.542087
0.589525
0.082516
-0.008292
-0.037645
0.544797
0.129230
0.217266
0.024231
-0.207891
-0.244089
-0.292108
-0.254973
-0.310976
0.041213
0.057244
-0.038756
-0.245538
0.028369
0.363432
0.268917
0.210921
0.026318
0.345631
-0.037132
0.170382
-0.121903
-0.012719
-0.134140
-0.186234
-0.190752
0.196220
0.151379
0.313382
-0.065422
-0.190072
0.215799
0.276734
0.448124
0.552361
-0.278324
0.044453
-0.034874
-0.380025
-0.129661
-0.144598
-0.255901
-0.242907
-0.688552
-0.800081
-0.323369
-0.159490
-0.168339
-0.505904
-0.542842
-0.391610
-0.496285
-0.371215
-0.477682
