-0.029002
0.115026
0.347327
0.350018
-0.143848
0.262478
0.124301
-0.105618
-0.100410
-0.025095
-0.221652
-0.575424
-0.172415
-0.222145
-0.408870
0.038920
0.078724
0.157601
0.265098
0.006567
-0.159101
-0.012747
-0.104818
-0.048774
-0.130093
0.152283
-0.098796
-0.168258
0.036128
0.030791
-0.031741
-0.106544
-0.038735
-0.031571
-0.291722
0.361993
0.110108
-0.046288
0.110928
0.001939
0.054454
0.071878
-0.157058
-0.033637
-0.017857
0.076424
-0.055615
-0.019200
0.102196
-0.062235
0.091940
-0.020958
0.054571
-0.063524
-0.026453
-0.016223
-0.052455
0.074967
-0.211817
-0.251522
-0.276400
-0.384617
-0.610677
-0.351410
-0.181163
-0.282578
-0.215798
-0.133197
-0.202739
-0.086001
-0.280108
-0.167993
-0.309654
-0.247207
-0.025338
0.122913
0.411004
0.587952
0.136794
0.134757
0.163661
-0.208600
-0.150210
-0.209885
-0.205578
-0.067780
0.121307
0.044399
-0.110870
0.067513
0.210166
0.098863
0.033243
-0.074097
0.182901
-0.188237
0.109171
-0.018333
-0.144976
0.101310
-0.014084
0.148616
0.028562
0.181754
-0.051405
0.067791
0.092491
-0.031441
0.071533
-0.271731
-0.134492
0.085453
-0.044009
-0.011758
0.041440
0.100062
0.013903
0.102456
-0.176792
0.166196
0.031656
-0.040176
-0.233634
0.108708
0.154385
0.479508
0.598821
0.321581
-0.058846
0.192001
0.350186
0.364326
0.135174
0.102588
-0.096806
0.161465
-0.147594
0.186012
0.010103
0.616753
0.059882
-0.057984
-0.585667
-0.043770
-0.134817
-0.338707
0.163174
0.045326
0.289024
0.065904
0.281577
0.116062
0.018532
-0.320949
-0.110837
0.003875
-0.013874
0.004085
0.297634
0.025370
-0.121883
-0.025295
-0.006915
-0.097003
0.033259
-0.363285
-0.175603
-0.169957
0.111281
0.063199
0.153299
-0.100642
-0.121464
-0.123904
-0.042613
-0.120771
-0.071235
-0.132292
-0.120522
0.064235
-0.007136
-0.007996
-0.124404
-0.174887
0.042043
-0.003067
0.185175
-0.047629
0.129794
-0.216845
-0.392780
-0.431494
-0.319807
-0.390672
-0.002801
-0.177216
-0.240071
0.066694
-0.264137
-0.072172
-0.248634
-0.194110
-0.192414
-0.117530
-0.054192
0.214727
0.214594
0.688692
0.213074
0.339261
0.593922
-0.115739
-0.195788
-0.455432
-0.182799
-0.152318
-0.134482
0.116976
-0.097721
0.118513
-0.217293
0.114478
-0.178226
-0.281128
-0.175810
0.002185
-0.286411
0.086802
0.106059
0.014662
-0.110760
-0.061084
0.031641
-0.026502
-0.079397
0.271507
-0.003464
-0.051451
0.121585
0.008549
0.023223
0.019678
-0.099857
-0.154355
0.204148
0.046190
-0.241479
-0.070729
0.074430
-0.230934
-0.014916
0.257766
-0.136629
0.088894
0.247733
0.453807
0.808752
0.221982
0.010981
-0.048439
0.424058
0.205339
0.131165
0.250467
0.186125
0.354940
0.256585
0.067301
0.168236
-0.318864
-0.094287
-0.529888
-0.406143
-0.526665
0.017109
-0.039026
-0.005153
0.179598
0.192822
0.183466
0.279845
0.088125
-0.049362
0.118830
-0.104263
-0.171325
-0.065731
-0.014372
0.063658
0.114578
-0.010288
0.075782
-0.231202
-0.119671
-0.118530
0.236250
-0.551502
0.061358
-0.010477
-0.178214
-0.196253
-0.097226
0.194157
-0.109014
0.472695
-0.059588
0.162254
-0.235206
-0.049697
-0.134056
-0.145071
0.216259
0.055050
-0.261463
-0.151084
-0.109274
0.067532
0.036762
0.052737
0.112606
0.103465
-0.102802
-0.619162
-0.364515
-0.223387
-0.052537
-0.307749
-0.092275
-0.395310
0.252100
0.165360
-0.224271
0.131247
-0.201783
-0.216551
0.040757
-0.299713
0.417258
0.327193
0.395879
0.025418
0.388928
0.018188
-0.167319
0.083889
-0.170433
-0.032436
0.093803
-0.082923
-0.223365
0.123131
-0.198323
0.048549
-0.079588
0.141711
0.056728
-0.065845
0.062561
0.192987
-0.019182
-0.210392
-0.095395
-0.117328
0.013334
0.236849
0.013458
0.199716
0.039067
0.045357
0.066593
0.045441
-0.055381
-0.149305
-0.029307
-0.043722
0.053515
0.139627
-0.024725
-0.111680
-0.040640
0.054569
-0.225201
-0.112523
-0.041925
-0.200270
-0.326696
-0.063624
0.318670
0.419005
0.824939
0.422465
0.271747
0.154710
0.464369
-0.205274
-0.057413
-0.045278
0.109713
0.137345
0.034372
0.266567
0.050485
-0.465992
0.110302
-0.198296
-0.480553
-0.457866
-0.143512
0.009266
-0.018296
0.023628
0.001422
0.218858
0.172966
-0.003853
-0.034428
0.022573
0.111528
-0.075659
0.407285
0.183296
0.185246
-0.020632
0.181606
-0.030132
0.076740
0.041391
0.220482
-0.460012
-0.114542
-0.040659
-0.094910
-0.123131
0.240152
-0.017933
-0.046749
-0.014840
-0.107128
0.122107
0.137660
-0.076218
0.088365
-0.142423
-0.181743
-0.092481
-0.183760
-0.071612
-0.180126
-0.090020
0.028006
0.100416
-0.080172
-0.239897
-0.436478
-0.631786
-0.654540
-0.290942
-0.229277
-0.259927
-0.148707
-0.275025
0.452727
0.420785
0.599595
0.466287
0.245004
-0.005640
0.237535
0.018652
-0.034176
-0.084209
-0.124464
0.003724
0.026508
0.152739
-0.072602
0.080113
-0.064497
-0.064767
-0.030974
-0.035685
-0.826038
-0.028557
-0.149733
0.023959
-0.158361
0.272403
-0.030483
0.035521
-0.099514
0.010515
-0.080620
0.092386
-0.186000
0.101904
0.091234
-0.008582
0.094596
0.065145
0.048692
-0.021429
0.120003
0.063627
0.118225
0.104418
-0.009084
0.136918
0.080634
0.080660
0.062500
-0.076065
0.091683
0.198513
0.017701
0.073397
-0.002751
0.235297
0.013615
-0.036365
-0.080363
-0.323022
-0.059002
-0.092877
-0.178948
0.104369
-0.219223
0.063228
-0.149673
-0.001803
0.112224
0.003052
0.142228
-0.070206
-0.052611
-0.084151
0.023385
-0.082656
-0.244211
-0.308474
0.019872
-0.042956
0.186390
-0.063034
-0.096418
0.065375
0.152666
0.024610
-0.007969
0.235376
0.058581
-0.151067
0.086364
-0.013657
-0.034894
0.014970
0.153719
0.241763
0.002825
-0.120267
0.069600
0.119717
0.166596
0.034725
-0.066766
-0.113456
-0.037659
0.027404
0.090344
0.058345
0.079537
0.076296
-0.050215
-0.041229
0.056768
-0.148790
-0.237795
0.005691
-0.076113
-0.143542
-0.214413
-0.025924
-0.257052
-0.124698
-0.163476
-0.237570
-0.040632
0.019975
0.018581
0.009619
-0.137101
-0.128142
0.048944
-0.019907
-0.030434
0.099109
-0.021462
0.082351
0.130697
0.066385
0.090486
-0.182950
0.221659
-0.041547
-0.027814
0.076494
0.050891
0.231430
0.077420
0.017777
-0.132530
-0.047022
0.257494
-0.107037
-0.028692
0.067506
0.023304
0.319046
-0.051024
-0.088061
-0.040660
-0.095325
0.068242
-0.019307
-0.037833
-0.170786
0.059350
-0.111833
-0.281993
-0.090208
-0.248022
-0.014412
0.069036
0.054159
-0.000885
0.032129
-0.132664
-0.190836
0.071311
0.210305
-0.064571
-0.124753
0.154879
0.223224
0.120923
0.119697
0.018985
-0.010589
0.166776
0.047827
0.137059
0.173488
0.120911
-0.100987
-0.028508
-0.219802
0.172302
0.261487
-0.016293
-0.044257
-0.122163
0.162884
0.036057
0.020178
0.068921
-0.003420
0.150527
-0.093063
-0.097952
-0.311734
-0.216067
-0.108564
-0.064921
0.105919
-0.006452
-0.205698
0.008161
0.027739
-0.032078
-0.114079
-0.098661
-0.049321
0.106046
-0.081948
0.059858
0.023366
0.083860
0.073013
-0.003090
-0.071866
-0.174305
0.261956
0.083237
0.137892
-0.060068
0.028207
-0.061591
0.067549
0.020143
0.016097
0.102763
-0.075288
-0.024910
-0.222276
0.041466
-0.064442
-0.121442
-0.181046
0.115188
0.055208
-0.032864
0.024358
0.064382
-0.015890
0.003024
0.010400
-0.143523
-0.015973
-0.134779
-0.240664
0.076103
0.018791
-0.210454
-0.240342
-0.134470
-0.210563
-0.087928
-0.012586
0.021077
0.000790
-0.099962
0.023962
0.026911
-0.074130
-0.162138
-0.112825
0.114028
0.082215
-0.013334
0.140727
-0.090011
0.133368
0.054347
-0.132298
-0.101377
0.020090
0.126189
-0.201591
0.031058
0.028488
-0.022762
-0.028439
0.050022
-0.113722
-0.176887
0.000249
-0.098787
0.064257
-0.062321
-0.155771
0.011773
-0.010878
-0.064939
-0.197656
-0.250492
-0.118880
-0.132435
-0.034454
0.049353
-0.074183
0.018032
-0.106268
0.036277
-0.191327
0.151442
0.080785
-0.038030
0.060686
0.017974
0.055831
-0.015881
0.046489
0.087826
-0.068613
-0.076456
0.027094
0.194506
-0.046486
0.249929
-0.009145
0.224621
-0.027617
0.239716
-0.175552
0.094313
0.016461
-0.178803
0.094736
-0.038361
0.028948
-0.036786
-0.014760
0.058755
-0.128474
0.073714
-0.028562
-0.080367
0.000677
-0.134368
0.017506
-0.082953
-0.137778
0.007460
0.025884
-0.052826
-0.000555
-0.054125
-0.325516
0.124504
0.239121
0.097416
-0.032675
-0.056172
0.253861
0.041297
0.199168
0.144067
0.194930
0.071158
0.015869
0.038794
-0.146896
-0.045428
0.022618
0.021037
0.120580
0.013980
0.136478
-0.336919
-0.390840
-0.386186
-0.283481
-0.484943
-0.150250
-0.252442
-0.422581
-0.178791
0.111226
0.476386
0.709220
0.279324
-0.193949
0.162235
-0.283574
-0.566579
-0.402775
-0.689940
-0.434984
-0.554131
0.048040
-0.046226
-0.355135
0.303790
0.446579
0.446739
0.091558
0.376283
0.078767
0.046689
-0.012490
-0.028213
-0.012732
-0.002576
0.018395
0.127542
-0.011327
0.081911
0.037159
-0.095112
0.018686
0.046188
0.384706
0.156513
0.620389
0.295017
0.159321
0.245076
0.180150
0.165278
0.013852
-0.312593
-0.406885
-0.408079
-0.281998
-0.267517
0.041410
0.102083
-0.153639
-0.267171
-0.222645
-0.217706
0.023812
-0.276517
0.187287
-0.804912
-0.071983
-0.041418
0.020893
-0.091895
0.007833
-0.055382
-0.073039
0.147409
-0.262045
-0.128300
0.085265
0.274594
0.239520
0.186014
0.060676
-0.043787
0.071298
0.092936
-0.035183
0.052050
-0.032397
-0.015340
-0.121440
-0.403185
-0.246393
-0.349024
-0.560667
-0.139096
-0.351061
-0.374597
-0.133265
-0.243051
-0.272086
-0.105426
-0.089352
-0.312329
-0.205630
-0.288486
0.417627
-0.197602
0.242594
0.495930
1.355321
0.443075
0.196985
0.037606
0.175623
-0.237766
-0.117362
-0.150242
-0.011947
0.211960
-0.125304
0.128046
-0.077841
0.157019
-0.309367
0.104384
0.248927
0.157647
0.090761
0.085043
0.146049
0.612476
0.008563
0.023240
0.249766
0.174869
-0.082951
0.122735
-0.060374
-0.037502
0.040208
-0.066598
-0.115672
-0.019511
0.077708
0.080978
0.097714
-0.074239
-0.167163
-0.267326
-0.108739
-0.188271
0.051284
0.057114
0.050833
-0.181321
-0.012323
0.320717
0.381729
0.414345
0.153183
0.175366
-0.173475
0.077434
