0.271934
0.126270
-0.062584
0.060518
0.217420
0.239996
0.148771
0.140630
-0.070294
-0.329410
-0.066626
-0.187307
-0.010848
-0.082976
0.002948
0.112036
-0.065109
0.008372
-0.230902
-0.153203
0.097177
0.196534
0.148759
0.082083
-0.255915
-0.128451
0.222921
-0.170603
-0.070359
-0.046744
-0.013731
0.079406
-0.143727
0.084293
-0.063918
-0.071333
-0.080929
0.244000
-0.205206
0.143889
0.081937
0.082824
0.252033
0.063808
-0.241785
0.517160
0.318478
0.174026
-0.023838
0.080975
0.162070
0.647952
-0.294031
-0.304480
-0.665096
-0.442506
0.502185
-0.278793
-0.056703
0.807193
-0.212651
0.190730
-0.277072
-0.281161
0.495896
-0.522298
0.430060
0.443317
-0.557401
-0.061423
-0.487533
-0.079478
0.065608
-0.196434
-0.501980
0.233212
-0.380613
0.165612
0.009192
-0.667623
-0.116111
-0.311945
0.665466
-0.166503
0.151672
0.025814
-0.196971
-0.199256
0.292932
0.238475
-0.001365
-0.099390
0.343525
-0.029681
0.776605
0.054622
0.173258
-0.469435
0.233880
-0.340705
0.390841
0.778010
-0.684499
0.182070
0.094228
-0.117110
0.630969
-0.044080
0.053380
0.179067
0.040090
0.346285
-0.631514
-0.533146
0.049975
0.956399
-0.362024
0.031006
0.281486
-0.128318
0.070897
0.069960
-0.235591
-0.156669
0.315485
0.279997
-0.423642
-0.010367
0.341961
-0.024209
0.112157
-0.026277
0.302866
-0.383442
-0.030315
-0.140325
0.040279
0.034819
0.196665
0.005599
0.024794
-0.084950
-0.284840
0.158296
0.018702
-0.279794
-0.105036
-0.241245
-0.315569
0.084243
0.029765
-0.355305
-0.036302
-0.093603
-0.017946
-0.022023
-0.050472
0.114316
-0.277995
0.008231
-0.086775
-0.071729
0.194369
-0.348351
-0.270032
-0.406681
-0.511957
-0.416407
-0.162755
-0.266964
-0.391309
-0.618546
-0.040369
-0.076891
0.131335
0.095508
0.381513
0.375790
-0.253576
0.651891
0.339219
0.130428
1.170355
0.225561
0.159929
-0.020677
0.197086
0.141428
0.069137
-0.044156
0.221475
0.548989
0.074737
-0.074011
0.026166
-0.121580
-0.000883
0.010406
0.080837
0.478991
-0.211196
-0.016770
0.023768
-0.364396
0.071184
-0.352568
-0.558374
0.848205
-0.083030
0.435023
-0.140735
0.365134
-0.468792
-0.432966
0.565834
-0.307200
-0.121784
0.202133
0.870690
0.330592
0.387699
-0.228752
0.364602
0.116268
-0.322723
0.082660
-0.248776
-0.158119
-0.036957
1.070427
-0.491526
0.071462
0.407099
-0.183742
-0.142739
-0.228158
0.145437
0.688200
0.826202
-0.351667
0.326202
-0.566937
-0.358935
-0.586967
0.129450
-0.099502
0.120596
-0.390201
0.225402
-0.022787
0.121967
-0.522910
-0.311326
-0.064674
-0.192388
0.238745
-0.585566
-0.453019
-0.689481
-0.264740
0.456806
-0.455158
0.003670
0.602465
-0.139569
-0.032131
0.149349
0.011207
0.728770
-0.288692
0.938310
0.253455
-0.049223
-0.604936
0.707565
-0.094270
-0.294486
-0.437645
-0.122315
0.444247
-0.695966
-0.620643
0.199762
-0.240926
-0.240009
0.186881
0.097564
-0.006468
0.126390
0.119830
0.047676
-0.481479
-0.069499
-0.026385
-0.129908
-0.142478
0.081231
-0.421481
-0.128754
-0.339487
-0.147698
-0.141238
0.165850
-0.049180
0.015948
-0.347442
-0.146906
0.105439
0.205714
-0.044294
0.042737
0.125816
0.218300
0.446750
0.379205
0.114962
0.106804
0.075575
-0.398745
0.994727
0.310367
-0.346991
-0.113179
-0.038493
-0.242750
-0.037029
1.128921
0.525441
0.218003
-0.535144
0.095301
0.145170
-0.206164
-0.627244
-0.084445
0.036655
-0.043169
-0.038161
-0.342366
-0.641738
0.217864
-0.243088
0.054559
-0.192734
0.504108
0.066423
-0.001052
-0.011494
-0.202928
0.144256
0.081227
-0.624913
0.789594
1.256107
-0.024811
0.204164
-0.216165
-0.282668
0.198652
-0.090280
0.308432
-0.482850
-0.112131
0.184181
-0.065151
-0.124575
0.275263
0.195871
0.252503
0.147581
0.209951
0.431843
-0.015151
0.270864
0.138813
0.013550
0.037591
0.095710
-0.174966
-0.020039
0.120072
-0.341860
0.232624
0.019674
0.132868
-0.041408
-0.035145
0.241345
-0.092447
0.031534
0.120914
0.166984
-0.156780
-0.059900
-0.028952
-0.267898
-0.033634
0.161877
-0.136389
-0.136918
0.098949
0.178138
0.063824
-0.002020
-0.011933
-0.028105
0.202033
0.298792
0.119904
0.130643
-0.163102
0.032118
0.043958
0.269227
0.321204
0.090938
-0.009412
0.222983
0.046817
0.019513
-0.217631
-0.357441
-0.102583
-0.217548
0.252143
-0.030838
-0.114878
-0.045535
-0.184065
0.055273
-0.277691
-0.085956
-0.242863
0.063286
0.200432
-0.038681
-0.202787
-0.078661
-0.278096
0.101886
-0.056808
-0.163666
-0.029631
0.104003
0.121747
-0.039253
-0.435436
-0.209945
-0.003584
0.246131
0.551034
0.084330
0.113877
-0.081405
0.681565
0.019690
-0.009397
0.363576
0.620151
-0.036389
0.081549
-0.188604
-0.228695
0.350653
-0.090996
-0.270002
0.053856
0.718336
0.336314
0.393019
-0.810662
-0.272829
0.591934
0.062789
-0.125400
-0.231370
0.041685
-0.106449
-0.101753
-0.449442
0.250348
0.209103
0.105292
1.012807
-0.253187
-0.515943
-0.125398
-0.243321
0.239642
-0.441310
-0.108659
0.088205
-0.276538
0.601598
0.454267
0.104422
0.573446
-0.222389
0.310964
-0.007307
-0.416873
0.053447
0.311430
0.229992
0.495923
-0.059734
0.002425
0.215321
-0.324768
0.159554
-0.143461
0.087406
-0.219292
0.117460
0.448301
-0.110259
0.065186
0.109897
0.197332
0.225968
-0.110599
0.110957
0.116675
0.079144
-0.119277
0.002048
0.349178
0.261078
0.210817
-0.169691
-0.067994
-0.157979
-0.083875
-0.163868
-0.233155
-0.572794
-0.183489
0.338151
0.082008
0.025037
0.109155
0.007151
0.068097
-0.000577
0.298556
0.113870
0.175056
0.192676
0.253202
0.385693
0.155403
-0.081001
0.208384
0.113851
-0.179912
0.005946
-0.271709
-0.022746
0.499869
-0.239634
0.061526
0.195964
0.499834
-0.058084
0.047612
0.114686
-0.648178
-0.541385
-0.375231
-0.395450
-0.082965
-0.495614
1.610116
0.133220
-0.638885
0.399375
0.636221
-0.318923
-0.527237
0.319653
-0.155457
0.380826
0.460226
1.057662
-0.314453
-0.353859
0.411480
1.001555
0.148205
-0.145325
0.461586
-0.073263
1.338439
-0.069956
-0.060659
0.554279
-0.029984
0.344774
0.034276
-0.238575
0.518886
0.560222
-0.232054
0.242608
-0.249285
0.664028
-0.551897
-0.075183
-0.389888
0.102610
0.120469
-0.184762
0.135412
0.019731
0.105591
-0.164142
-0.081869
0.028102
-0.008036
0.069919
-0.035476
0.301665
0.386533
0.231884
0.800511
1.379283
0.258013
0.471690
-0.096062
0.386519
0.520803
0.904185
0.160278
-0.434889
-0.140798
-0.173287
0.694932
0.099914
0.174074
-0.040561
0.104526
0.197321
0.925501
-0.106640
-0.511492
-0.603403
-1.062321
0.006587
-0.420610
0.247146
0.053352
-0.162357
0.324967
0.214591
-0.065039
-0.334422
0.218100
-0.126028
-0.146381
-0.120706
0.123660
0.327090
-0.318280
-0.501598
0.053409
-0.082759
0.425090
-0.005766
-0.829547
-0.484446
0.357330
0.710029
0.184335
0.026505
-1.109974
-0.496453
-0.225886
0.429129
0.697228
0.939446
0.110031
-0.559756
0.152140
-0.006902
0.217332
0.020580
1.036496
-0.352088
0.023124
0.143926
0.274705
0.212706
-0.170731
-0.117411
-0.357548
-0.288718
-0.118114
0.159145
0.115388
-0.077915
-0.051731
0.287752
0.273712
0.869327
-0.274315
-0.065296
0.095846
-0.085671
-0.224241
-0.633274
-0.368936
-0.223989
-0.021273
-0.019785
-0.222249
-0.270225
-0.812289
0.244829
0.042844
-0.257359
1.016907
0.762006
-0.318902
1.215859
0.275047
0.397132
0.018614
-0.311500
0.681292
0.378327
0.454606
-0.100645
0.116004
0.266143
-0.072448
0.056107
-0.028296
-0.258620
-0.035137
-0.061062
0.021149
-0.296498
0.046615
-0.245100
-0.163129
-0.356264
-0.166174
-0.204788
-0.026599
0.705732
0.460349
0.742231
0.500077
-0.146969
0.375336
0.282388
-0.243447
0.294937
0.070100
0.053746
-0.385196
-0.720507
-0.328332
-0.126528
-0.220855
0.089746
0.031253
-0.379143
-0.376166
-0.173962
-0.122686
0.094838
0.771172
0.390658
0.873171
0.860077
-0.150983
0.293755
0.604987
0.196623
0.071284
0.215821
0.231156
-0.424521
-0.458934
-0.678982
-0.440132
-0.164937
-0.220310
-0.317015
-0.200425
-0.363080
0.099278
-0.002755
0.472033
0.351948
0.742571
0.519032
-0.197996
0.252459
0.199299
-0.018685
0.189789
0.055860
0.013810
-0.331197
-0.554035
-0.817539
-0.385507
-0.080355
-0.030360
-0.024820
-0.497016
0.477342
0.127748
0.230976
0.323885
1.080484
0.747934
0.325541
0.370054
0.367618
0.558222
-0.284865
0.124536
0.122758
0.176932
-0.326285
-0.166835
-0.374500
-0.304552
-0.250714
-0.226683
-0.342377
-0.339968
0.002068
-0.027283
0.232708
0.428773
1.000566
0.142016
0.263073
0.061264
0.109561
0.297870
0.221227
-0.121006
0.076027
-0.226485
-0.234674
-0.734535
-0.154951
-0.354698
-0.158042
-0.342642
-0.573440
0.242882
0.346121
0.351508
0.177134
0.010530
-0.391272
-0.100666
-0.174176
-0.086097
-0.087538
0.061392
-0.218369
0.259401
0.063172
0.265743
0.105119
0.104609
-0.055462
0.101329
-0.041908
-0.328642
0.003663
0.026306
-0.071624
-0.285493
-0.129483
-0.023264
-0.039276
-0.597232
-0.988206
-1.535763
-0.957957
-0.996752
-0.854251
-0.598908
-0.695197
1.785647
2.686650
1.746260
0.237203
-0.948556
0.035307
-0.405193
-0.238369
-0.043229
-1.158350
-0.020371
4.344213
3.214796
2.309565
0.000000
0.000000
0.000000
0.000000
0.000000
0.000000
0.000000
0.000000
0.000000
0.000000
0.000000
0.000000
0.000000
0.000000
0.000000
0.000000
0.000000
0.000000
0.000000
0.000000
0.000000
0.000000
0.000000
0.000000
0.000000
0.000000
0.000000
0.000000
0.000000
0.000000
0.000000
0.000000
0.000000
0.000000
0.000000
0.000000
0.000000
0.000000
0.000000
0.000000
0.000000
0.000000
0.000000
0.000000
0.000000
0.000000
0.000000
0.000000
0.000000
0.000000
0.000000
0.000000
0.000000
0.000000
0.000000
0.000000
0.000000
0.000000
0.000000
0.000000
0.000000
0.000000
0.000000
0.000000
0.000000
0.000000
0.000000
0.000000
0.000000
0.000000
0.000000
0.000000
0.000000
0.000000
0.000000
0.000000
0.000000
0.000000
0.000000
0.000000
0.000000
0.000000
0.000000
0.000000
0.000000
0.000000
0.000000
0.000000
0.000000
0.000000
0.000000
0.000000
0.000000
0.000000
