0.037241
0.974514
-1.023464
-0.365016
0.174775
-0.143943
0.352404
-0.074061
-0.233082
0.249950
-0.116961
-0.092857
0.397602
0.344319
0.035619
0.335216
0.110310
0.169054
0.122497
0.068898
-0.101207
-0.187559
0.035181
0.027943
0.254786
0.106085
0.444682
-0.158470
0.193310
-0.035940
0.014397
0.175773
0.041666
0.423739
0.413473
0.801348
0.305332
0.341301
0.128383
0.092513
0.760909
0.441186
0.407597
-0.248936
0.599458
-0.194611
0.231979
0.687736
0.116642
-0.416709
-0.755394
-0.517163
-1.112899
-0.795022
-0.570438
-0.121973
0.488446
0.637012
0.452400
0.362485
0.564246
0.057668
-0.507920
-0.083489
0.092829
0.173857
-0.102012
0.215570
-0.043732
-0.344872
-0.164962
0.049323
0.406049
-0.025595
-0.007197
-0.111774
0.188218
0.181369
0.035047
-0.227220
0.009674
0.003735
-0.453161
0.072219
-0.291488
-0.227677
-0.153487
-0.242403
-0.238036
-0.173091
0.004187
0.060267
-0.332275
0.349013
0.230124
-0.099321
-0.736855
-0.904449
-1.238415
-0.682200
-0.623674
0.036074
-0.072714
-0.227015
-0.548662
-0.369139
-0.229750
-0.404509
-0.138598
-0.053639
-0.036652
-0.033521
0.021289
0.850122
0.760672
1.033316
0.207579
0.217548
0.186527
-0.031629
-0.255870
-0.109525
0.011518
0.009960
0.166765
0.154938
-0.406021
0.265077
-0.218032
-0.066830
-0.467622
-0.328983
0.267003
-0.226870
-0.045910
-0.065556
-0.247241
-0.094473
-0.257933
-0.074775
0.065709
-0.161524
0.032223
0.159416
0.018209
-0.023653
-0.034436
-0.179038
0.265243
0.140782
-0.150276
-0.118975
-0.042581
-0.032335
0.346705
0.010904
0.202034
-0.273382
0.273193
0.561691
0.938793
0.512676
0.244593
0.079385
0.943505
0.401017
1.006301
0.260377
-0.507240
0.101842
0.081590
0.025814
-0.803212
-0.413581
-0.027140
-0.575382
-0.279373
-0.578364
-0.521067
-0.977039
-0.443590
-0.143203
0.036053
0.147296
-0.023033
0.362804
0.033236
-0.227691
-0.571898
-0.022719
0.055146
0.036727
0.232568
0.017286
0.053066
-0.010525
-0.147414
-0.000362
0.293165
-0.658545
0.067381
0.118514
0.224772
-0.024807
0.435242
0.311983
0.576404
0.015862
-0.390945
-0.069590
-0.016901
0.115910
0.125747
-0.007977
0.059698
0.020757
0.083765
-0.131698
-0.022289
-0.303714
-0.383984
-0.205800
-0.608506
-0.473213
-0.665793
-0.934412
-1.522804
-0.231296
-0.328504
-0.194961
-0.472653
-0.188243
-0.089106
-0.215242
-0.816070
-0.673704
-0.135089
0.138635
-0.348500
0.901905
0.657410
0.919705
0.019348
-0.386534
-0.004124
0.065024
0.112326
0.097147
-0.047659
-0.038016
0.080882
0.052769
0.229358
0.065168
0.294484
-0.757156
0.029333
-0.089636
-0.135694
0.061114
-0.204632
0.163592
0.202270
0.122624
0.027774
-0.179765
0.070681
-0.237167
0.067368
0.006223
0.069339
-0.049223
-0.196651
-0.181109
0.157253
0.039747
0.204030
-0.221471
-0.106473
0.203462
-0.403855
0.147191
0.064765
0.103601
-0.064827
0.309015
0.648791
0.415461
0.363891
0.390369
-0.000385
0.543363
0.401469
0.597199
0.083583
0.129032
0.338152
0.131809
-0.135100
0.458663
0.326646
-0.640733
0.393320
-0.055122
-0.421381
-0.636696
-0.639857
-0.297968
-0.434720
-0.356861
0.187710
0.134453
0.093703
0.167736
-0.311280
-0.156396
-0.177757
-0.120567
-0.140715
-0.162031
0.049160
0.094865
0.228420
-0.369017
-0.182595
0.110709
-0.459252
-0.172172
0.355289
0.206467
-0.079731
-0.109572
0.055907
-0.128823
0.434006
-0.530729
-0.051961
0.145673
0.063049
-0.045739
-0.047218
0.243423
-0.150510
0.195829
-0.234147
0.171113
-0.043349
0.251456
-0.211875
-0.333381
-0.723984
-0.803445
-0.899209
-0.773483
-0.288614
0.063194
-0.205833
-0.284003
0.272407
0.348091
1.511710
0.763885
0.421512
-0.098810
-0.401587
-0.004400
-0.062482
-0.199612
-0.225672
-0.249887
0.270042
0.092706
0.073972
0.052347
-0.078268
0.080049
-0.232449
-0.099626
-0.132164
0.273357
0.168689
-0.031560
-0.047232
-0.060931
0.101045
-0.169897
0.129326
0.118348
0.152791
0.163867
0.366963
-0.018313
-0.165707
-0.261443
-0.142790
0.361556
0.217153
-0.308842
0.222328
0.224251
0.148676
-0.368632
0.264974
-0.390581
0.084887
-0.225472
-0.364110
0.242410
-0.334606
-0.151571
-0.278191
0.095321
-0.173951
-0.029384
-0.094374
-0.089134
0.155148
-0.000763
-0.034668
-0.227733
0.237814
0.053525
-0.044700
0.047505
0.164335
-0.139666
-0.152484
0.026322
-0.406914
-0.304608
-0.167464
0.135196
-0.173181
-0.180992
-0.069839
0.167532
-0.314677
-0.000795
-0.011102
-0.255643
0.324653
-0.022695
0.008230
-0.060519
0.160901
-0.169944
0.045710
-0.183742
-0.021073
-0.263244
0.068779
-0.324536
0.037410
-0.059254
-0.093500
-0.239101
-0.186415
-0.249741
0.054169
-0.076092
0.067667
0.007320
-0.215752
0.156476
0.127894
-0.346737
0.100452
0.227544
0.067500
-0.259236
-0.050740
-0.125266
-0.063497
-0.226427
-0.052102
-0.083833
0.064903
0.005989
0.148204
-0.018248
-0.133520
0.071851
0.189680
0.183921
0.003456
0.020029
0.251726
-0.051932
-0.143959
-0.023817
0.255258
0.101149
-0.122650
0.033664
-0.439162
-0.091438
-0.088195
-0.258424
-0.175504
-0.045276
0.103814
-0.097645
0.010659
0.077359
0.220409
-0.065489
-0.085195
-0.250033
-0.036964
-0.098578
-0.200649
0.258203
-0.207861
0.019626
-0.087174
0.097409
-0.018097
0.131678
-0.180789
0.331738
-0.017463
-0.150476
0.129667
0.157357
0.279291
0.049302
-0.274711
-0.520405
0.047040
-0.140459
-0.023926
-0.096556
-0.235815
0.188071
-0.326112
0.075499
-0.134541
0.087760
0.005995
-0.081695
0.224909
-0.179751
0.007507
-0.237657
-0.241143
0.137214
-0.024929
-0.327060
-0.117273
-0.099259
-0.042024
0.094795
0.230181
-0.040720
-0.160387
0.178047
-0.107428
-0.145029
0.046514
0.055117
0.105844
0.139199
-0.578161
0.179754
0.171998
-0.113152
0.039781
-0.062728
-0.129859
0.329034
0.091105
-0.065756
0.223291
-0.059715
0.187854
-0.019680
0.135304
0.085950
-0.107539
0.044947
-0.239489
-0.399394
0.143766
-0.291715
0.125110
-0.110753
0.075255
-0.200802
-0.173481
-0.145561
0.060177
-0.011854
-0.103504
-0.048133
0.048482
-0.117042
0.107899
0.039551
-0.099480
-0.287129
-0.258715
-0.392990
0.098605
-0.262821
0.091431
-0.384066
0.095350
-0.340532
-0.107912
-0.272818
0.112340
-0.179682
0.207545
0.032176
-0.091425
-0.123965
0.170612
-0.012727
0.006544
-0.041729
0.025058
-0.140362
0.114595
-0.012340
0.065184
-0.039373
-0.075366
-0.384884
0.003458
0.006460
0.121817
0.138690
0.040325
-0.252176
-0.020373
0.239504
0.048660
-0.033716
-0.413904
0.130291
-0.136927
-0.269259
-0.225371
0.065802
0.211426
-0.112951
0.003229
-0.256895
-0.047916
-0.290508
-0.031025
0.007421
0.024155
-0.353340
0.268231
-0.004933
-0.161555
0.055712
0.177711
0.207643
0.069843
-0.081047
0.018216
0.141947
-0.078842
0.054045
-0.334073
-0.395279
0.259841
0.105646
0.293153
0.087024
0.019475
-0.008191
-0.231377
0.257766
0.046870
0.065045
-0.107989
-0.098713
-0.362847
-0.035269
0.107803
0.164677
0.057269
-0.045694
-0.073384
-0.151251
-0.142998
-0.031241
0.120860
-0.041420
0.190896
-0.000491
-0.101796
-0.112047
-0.164766
-0.185975
-0.077787
-0.026358
-0.205380
0.096780
-0.137607
0.178068
0.176933
-0.047630
0.215506
-0.283344
0.251888
-0.069076
-0.203100
-0.468490
-0.037670
-0.189454
0.088617
-0.084436
0.157247
0.102998
0.069369
0.137294
-0.080952
-0.102644
-0.042732
-0.011612
-0.374103
0.292531
0.014384
0.069709
-0.013636
0.068393
0.162103
0.018022
-0.323680
-0.081007
0.052667
-0.050114
0.027687
0.074352
-0.058790
-0.038774
0.072291
-0.033286
0.070941
-0.125566
0.004068
0.040081
0.017265
-0.047790
-0.016233
0.006429
-0.130595
-0.136340
0.129996
0.078088
-0.000198
-0.296413
-0.629582
-0.819523
-0.290453
-0.389158
-0.238126
-0.279058
-0.077444
-0.026557
0.441314
0.663710
1.314972
0.946553
-0.499357
-0.240300
-0.297077
-0.509877
-0.935622
-1.638824
-0.778460
-1.687131
-0.711956
0.954126
0.560151
1.479045
0.648765
0.338464
0.343459
0.041954
0.228146
-0.055552
0.073082
-0.213431
-0.624700
0.231398
-0.096710
0.250795
0.265187
0.237906
0.043044
-0.127808
-0.278381
1.053782
1.134146
0.850194
0.877643
-0.030639
0.086809
0.321351
0.157201
-0.281094
-1.260265
-0.727235
-0.891329
-0.879774
-0.237019
-0.109236
0.239946
0.074087
0.269635
0.198472
-0.256631
-0.323424
-0.204098
-0.001372
-0.284344
-0.152231
-0.183592
0.545291
-0.000013
-0.111226
0.044669
0.139455
0.067877
0.025136
-0.107941
-0.121029
0.275827
-0.062999
0.082849
-0.287750
-0.049309
0.422472
-0.143076
0.217306
-0.038606
0.248426
-0.152633
-0.857925
-0.505619
-0.583185
-0.962872
-0.399553
-0.214510
-0.342760
-0.465975
-0.505820
-0.318352
-0.188027
-0.114975
-0.212453
-0.183649
0.034141
0.402634
-0.345354
-0.162256
0.300317
0.550531
0.235069
-0.129282
0.085570
0.141589
-0.175765
-0.125362
-0.524296
-0.015677
0.383039
-0.186665
0.022778
1.974851
-1.162467
-0.352031
-0.012216
-0.045068
0.542063
0.029748
0.056240
1.874279
-0.282343
-0.131770
-0.172931
0.148411
0.164753
0.092400
0.090728
0.021679
-0.109991
-0.094229
-0.141705
0.153074
0.142979
-0.022742
0.095152
-0.051904
-0.011729
-0.063318
-0.195808
0.006592
-0.138993
0.130503
0.057223
0.216625
0.417675
1.229647
0.662686
0.164471
0.919912
0.100903
0.260594
-0.042960
0.118535
0.650544
0.203755
0.229434
0.281510
-0.382082
-0.367526
-0.063512
0.027729
-0.540699
-0.462906
-0.623757
-0.466760
-0.079493
0.046019
0.306337
0.232944
0.568858
-0.214145
-0.150445
0.094982
-0.265417
-0.249153
-0.374043
0.116130
0.006763
0.036590
0.042070
-0.322256
-0.207186
0.050088
0.007534
-0.144629
-0.070978
0.021302
-0.013551
-0.148144
-0.019956
-0.319741
0.440821
-0.406715
-0.069149
-0.176774
0.110567
-0.113516
-0.255113
0.246058
-0.093809
0.042793
-0.103733
-0.092114
-0.039220
0.017290
-0.455631
-0.098265
-0.456937
-0.765746
-0.855411
-0.586339
-0.132007
-0.174578
-0.264660
-0.565963
-0.584374
-0.087587
-0.292496
-0.325419
-0.433574
-0.147273
1.050275
0.060219
0.963391
0.228691
0.737147
0.053825
0.002186
-0.254317
-0.171493
-0.276837
-0.135004
-0.219788
-0.269864
-0.113983
0.072124
-0.140034
