-0.014184
-0.042870
0.001248
-0.032986
-0.140686
-0.084207
-0.128183
-0.045721
0.024308
0.057118
0.070874
-0.027387
0.081307
0.041320
-0.034509
0.075736
0.116319
0.004854
0.084749
0.079294
0.179196
-0.005615
-0.024032
-0.029380
0.094623
0.040755
-0.031916
0.011776
-0.062225
-0.058230
-0.243071
-0.034982
-0.110188
0.018880
0.035858
-0.066827
0.027197
-0.037800
-0.000963
0.031900
0.040871
-0.183227
0.046544
-0.128150
-0.201640
-0.115183
-0.181305
-0.040163
0.044929
-0.068286
-0.026693
-0.198959
-0.068303
-0.055675
-0.031779
0.075127
-0.028253
-0.043516
-0.033219
0.184903
0.015434
0.060831
0.063360
-0.042538
0.106854
-0.036981
-0.007152
-0.146853
0.024368
0.074065
-0.057176
0.144956
0.060956
-0.058499
-0.013791
-0.012159
-0.141310
0.079729
-0.147794
0.014808
0.035304
-0.022153
-0.278072
-0.019462
-0.011897
-0.236827
0.074212
0.013439
0.024233
-0.027128
-0.101601
-0.119311
-0.088346
0.055319
0.078866
-0.178290
-0.060859
-0.091520
-0.060688
-0.121015
-0.015672
-0.017506
0.068789
0.113199
-0.057823
-0.195172
0.065018
0.002008
-0.004006
-0.345915
0.092576
0.039673
-0.026910
0.036778
-0.097225
0.011038
0.027030
-0.083202
-0.039211
-0.067679
-0.102154
0.050551
-0.038318
-0.085928
0.056707
-0.126860
-0.081060
-0.031972
-0.073603
0.037204
0.116828
-0.011746
-0.003355
-0.061524
-0.151548
-0.036175
-0.050708
-0.112497
-0.138571
-0.038930
-0.018939
-0.136248
-0.032545
0.047366
-0.067337
0.044312
-0.066028
0.043514
0.116620
0.066079
-0.081968
0.006327
0.107946
-0.073297
0.003467
-0.082890
0.009719
0.023627
0.030937
-0.047366
0.004678
-0.080675
0.005150
0.083882
-0.026546
0.033662
-0.151783
-0.158361
-0.056759
-0.104709
0.171120
-0.077092
-0.167533
-0.057014
-0.093756
-0.039226
-0.258464
-0.171417
-0.009181
-0.152978
-0.037320
-0.085252
0.052564
-0.079515
-0.129178
-0.172874
-0.055066
-0.020665
-0.123842
-0.087847
-0.031489
-0.138184
0.068368
-0.041581
-0.032693
0.050636
-0.012512
-0.003913
0.013921
0.052919
-0.059444
-0.090524
-0.122883
0.121164
0.026878
0.035798
0.079553
0.076981
-0.095729
0.059812
-0.016594
-0.050646
-0.131725
0.030884
-0.210355
-0.055969
-0.082075
-0.023683
-0.012027
-0.032756
0.123551
0.025527
0.003554
-0.145964
-0.099451
-0.072708
-0.049268
-0.144484
0.062455
-0.082335
-0.138059
-0.148601
-0.013975
0.004888
-0.051159
0.141692
0.094571
-0.126097
-0.057857
-0.180823
-0.026962
0.058349
0.037762
-0.072821
0.001401
0.040097
0.097971
-0.055071
0.095346
0.158607
0.082451
0.014218
-0.028063
0.141516
-0.077261
-0.102437
-0.008044
-0.120468
0.020477
0.041251
-0.012516
-0.120006
-0.050815
-0.109405
-0.048260
0.027278
-0.055780
-0.084659
-0.079235
-0.108948
-0.149019
-0.005442
-0.209825
0.049836
-0.056285
-0.163644
-0.084182
-0.055887
0.039404
-0.118979
0.072649
-0.156165
-0.009860
-0.086570
0.016422
0.115977
0.058521
0.009034
0.127191
0.142395
0.049408
0.019906
-0.033743
0.053009
-0.052778
0.033402
0.106115
-0.057037
0.002824
-0.006381
-0.033099
-0.018336
0.066752
-0.106029
-0.056301
-0.096182
0.022992
-0.109302
0.124433
-0.026720
-0.014788
-0.061882
-0.020563
-0.110804
-0.153939
-0.101148
0.007826
-0.055299
0.033075
-0.031717
0.017026
-0.379253
-0.160414
-0.149111
-0.036684
-0.105702
0.121784
0.095358
0.017410
0.153040
0.085513
0.069874
0.097030
0.328241
0.468680
0.561194
0.407623
0.698502
0.305484
0.221329
-0.020411
-0.071507
-0.452968
-0.621021
-0.538253
-0.425794
-0.228492
0.008662
0.057027
0.105392
0.361211
0.097998
0.001706
-0.092406
-0.045090
-0.156862
0.301249
-0.708511
-0.107564
-0.030258
0.130626
0.141401
0.102121
-0.058569
-0.078442
0.179373
-0.383030
-0.077192
-0.003506
-0.003303
0.043613
-0.083316
0.079383
0.100154
-0.016155
0.091972
-0.069065
0.094173
0.061551
-0.019508
0.149125
-0.173635
-0.290896
-0.393595
-0.541873
-0.587345
-0.269327
-0.110119
-0.278798
-0.009084
-0.090073
-0.111863
-0.142039
-0.384131
-0.055614
-0.242577
-0.061219
-0.269968
0.171989
0.475637
0.410453
0.424366
-0.032971
0.382336
0.164145
-0.161287
-0.251374
0.009515
-0.312095
-0.366835
-0.136565
-0.006476
0.073751
0.271394
0.120030
0.194057
0.105936
-0.125539
-0.016062
-0.098260
0.025603
-0.104050
0.363846
-0.280311
0.066544
0.178829
0.000667
0.055435
0.035522
0.056636
0.093502
0.017634
-0.147110
-0.074867
-0.048213
-0.041242
-0.020356
0.147106
0.009613
-0.095558
-0.182119
-0.041188
0.032057
-0.032271
-0.092992
-0.035590
0.099520
0.191846
0.466346
0.419068
0.449377
0.357966
0.143857
0.284636
-0.075927
-0.075456
-0.000537
0.029467
0.116605
0.375846
0.336227
0.394247
-0.004884
-0.007909
-0.073108
-0.356010
-0.338079
-0.341202
-0.410021
-0.212814
0.054315
0.028426
0.214052
0.110295
0.209994
0.161612
0.077065
-0.117483
-0.109997
-0.120425
-0.154521
-0.151001
0.146048
0.057346
-0.032552
0.042683
-0.136182
-0.107012
-0.241681
-0.206248
0.002931
-0.014684
0.090041
0.136694
-0.081176
-0.128718
-0.180201
-0.150647
-0.057163
-0.044575
-0.011056
-0.268082
0.046561
-0.018434
0.093844
-0.002228
-0.057360
-0.005361
0.006230
-0.083449
-0.185860
0.048268
-0.033580
-0.208138
-0.384113
-0.212942
-0.434734
-0.592272
-0.185673
-0.191476
-0.228578
0.219911
-0.059000
-0.179998
-0.250963
-0.426838
-0.229282
-0.189588
-0.112624
0.185471
0.485777
0.449001
0.416831
0.485153
0.671382
0.600923
-0.144572
-0.276818
-0.356642
-0.368958
-0.312730
0.041319
0.040237
0.285389
0.190605
-0.146497
0.321148
0.090255
-0.108284
-0.240117
-0.257608
-0.027087
-0.003746
0.100165
-0.139102
0.198678
0.079738
0.130538
0.131851
0.114341
0.060876
-0.096500
0.079090
-0.143340
-0.038001
0.135202
0.219377
0.013509
0.085627
-0.173593
-0.050881
0.061181
-0.023038
-0.259259
0.040420
-0.028629
-0.077190
-0.071956
0.151514
0.198667
0.338263
0.525540
0.367169
0.371096
0.290365
-0.012383
-0.219094
-0.085318
0.072796
0.306892
0.122581
0.104696
0.103890
0.222171
-0.093349
0.030190
-0.334319
-0.287453
-0.538589
-0.487830
-0.550490
-0.079922
-0.005013
0.162954
0.224112
0.351855
0.219965
0.326851
0.102189
-0.058925
-0.235689
-0.370055
-0.080573
0.091418
0.024454
-0.045547
0.068903
0.183441
0.010806
0.047265
-0.139048
0.015161
-0.034223
-0.104734
-0.057532
0.074883
-0.063012
-0.085485
0.018597
0.134971
0.003924
0.011775
-0.168569
-0.013342
0.015941
0.088433
-0.071855
-0.011274
0.088077
0.035449
-0.108753
-0.113734
-0.087004
0.031032
-0.239616
-0.335762
-0.539148
-0.488647
-0.563818
-0.303017
-0.183677
-0.105714
0.023123
0.043742
-0.086986
-0.040600
-0.161006
-0.169064
-0.274315
0.327680
-0.070452
0.330842
0.550416
0.550092
0.403464
0.354714
0.552237
0.211283
-0.067665
-0.304801
-0.186102
-0.251898
-0.319904
-0.145056
0.099975
0.134320
0.284850
0.508725
0.249364
-0.046077
-0.172109
-0.033551
-0.376304
-0.373127
0.359426
-0.239062
-0.075179
0.158958
0.149393
-0.005620
0.087774
-0.177299
-0.030378
-0.197634
0.073706
0.058130
0.045745
0.003710
-0.049652
0.043608
-0.063508
0.040389
0.002917
-0.062146
-0.091196
0.036047
-0.053972
0.034461
0.164381
0.196711
0.390322
0.616542
0.785684
0.570404
0.069212
0.417876
0.041843
0.101747
0.077441
0.032214
0.361130
0.087826
0.173951
-0.072228
-0.190162
0.086698
-0.510554
-0.521580
-0.482224
-0.713416
-0.235313
-0.371241
-0.151570
-0.120006
0.037792
0.278200
0.397600
0.108874
0.054341
-0.028549
-0.121667
-0.317326
-0.012722
-0.184362
0.074783
0.092195
-0.052364
0.071971
0.134246
0.073815
0.035109
-0.194668
-0.082935
-0.032858
-0.156426
-0.065568
0.171428
0.024845
0.007683
-0.125755
-0.118506
-0.025162
0.020012
-0.115308
0.097869
0.013195
0.016016
-0.106181
0.061255
-0.114154
-0.039461
-0.014044
-0.092022
0.053426
-0.002575
-0.164731
-0.443404
-0.387697
-0.589514
-0.708980
-0.257811
-0.298485
-0.127561
-0.147606
-0.086186
0.001149
-0.201951
-0.144330
-0.189987
-0.335469
-0.247867
-0.097251
0.203522
0.457202
0.654205
0.486489
0.518263
0.404743
0.427137
-0.126683
-0.180266
-0.244852
-0.210669
-0.160841
0.039845
-0.000918
-0.015787
-0.118604
0.045047
0.287488
0.092306
0.006164
-0.205796
-0.184805
-0.158948
-0.153761
0.030604
-0.125373
-0.094439
0.013891
-0.145841
0.090499
-0.057815
-0.132607
-0.049668
-0.025785
-0.045897
0.135530
-0.049775
0.024728
-0.046646
0.204527
0.078038
0.066412
0.136427
0.094696
0.056227
-0.048088
0.101208
-0.005529
0.019809
0.326071
0.183817
0.531174
0.339452
0.604246
0.182894
0.251554
0.250177
0.167346
0.430217
-0.013414
-0.037084
0.042802
0.216348
0.353727
0.119733
0.442922
-0.111738
-0.377950
-0.431140
-0.371413
-0.355134
-0.275838
-0.079465
-0.124387
0.152063
0.143078
0.258140
-0.004652
0.074803
-0.001069
-0.041123
-0.168494
-0.174376
-0.061489
0.098826
0.060630
0.240653
0.105689
0.083075
-0.120097
0.212463
-0.042990
-0.094176
-0.038114
0.156016
0.022808
0.047567
0.055467
0.154216
0.037879
-0.013916
0.013498
-0.051024
0.016484
0.030575
-0.020728
-0.083609
-0.132386
-0.056319
0.024489
-0.160724
-0.166321
-0.078698
-0.171136
-0.325385
-0.266357
-0.583967
-0.539384
-0.655029
-0.274052
-0.261765
-0.235269
-0.131101
0.250089
0.361414
0.478010
0.446469
0.262331
-0.068470
0.114017
-0.178135
-0.019045
-0.217680
0.048098
0.015736
0.167399
0.179555
0.233373
-0.004713
0.030461
-0.013765
-0.143512
-0.133858
0.380851
0.055296
0.025017
0.113149
-0.127923
0.043993
-0.043386
0.037253
0.144573
0.117212
0.050603
0.107138
-0.174754
0.034028
0.098318
-0.061768
-0.004882
-0.104538
-0.120988
0.103440
-0.018356
0.039930
0.059734
-0.064933
0.134531
-0.098625
-0.072952
0.008021
-0.076783
0.020434
-0.029816
0.006463
0.035655
0.149467
0.209566
0.034118
0.126216
-0.026386
-0.060507
0.116773
0.038739
-0.096546
0.108456
0.114711
0.045611
-0.111820
0.239690
0.029398
0.197289
-0.127008
0.028132
-0.080668
-0.008668
0.111995
0.062450
0.022952
0.090941
0.039384
0.073637
-0.109212
0.098394
-0.160023
-0.021741
-0.078057
-0.009410
