-0.452522
-0.118345
-0.236547
-0.060622
-0.272422
-0.218694
-0.121127
-0.363731
-0.155538
-0.046676
-0.008707
0.047486
0.018849
0.076950
0.120954
0.080139
-0.023137
0.111793
0.395667
0.076921
0.101224
-0.091897
0.065812
0.022692
-0.182758
0.123818
0.142605
0.000913
0.049166
0.136868
0.033996
-0.118253
0.118717
0.003036
0.027342
0.419529
-0.175423
-0.602512
-0.438465
-0.032187
0.312871
-0.461724
-0.210065
-0.105214
-0.471275
0.522561
-0.025721
0.101082
0.055168
0.125554
-0.307597
-0.375516
-0.124584
-0.360577
-0.296391
-0.238269
0.176708
-0.221162
0.316847
0.295848
-0.698854
0.286824
0.417545
1.110586
0.335652
-0.367501
-0.782871
0.554938
-0.394170
0.324304
0.148649
0.145595
-0.300620
-0.419206
0.278359
0.142031
0.180030
-0.232527
0.831482
-0.479002
0.018719
0.061839
-0.363091
-0.007228
-0.244084
-0.013145
-0.022452
0.050933
1.003464
-0.608004
0.472677
0.025745
-0.099768
-0.168584
-0.143288
-0.112285
0.280345
0.441280
-0.050917
0.307293
0.383564
0.388369
1.175972
0.037887
-0.532175
-0.114461
0.258041
-0.858169
-0.007578
-0.169354
0.245322
0.062968
0.381914
-0.299194
0.006748
0.802881
0.160130
0.057912
-0.513518
-0.177619
0.073249
0.375282
0.522044
0.041001
-0.066773
-0.367890
0.328424
0.251441
-0.221547
0.530561
0.061491
-0.298709
-0.063577
-0.049684
-0.081420
-0.065584
-0.388202
0.044070
0.025425
-0.380483
-0.018937
0.201552
0.099111
-0.278083
-0.072812
0.236638
-0.702784
-0.825522
-0.913626
-1.074858
-0.427943
-0.200626
-0.376872
-0.395680
-0.053484
1.755890
2.080143
1.555345
1.321414
0.126454
1.352088
0.340412
0.093071
1.618576
-0.025639
-0.078974
-0.330554
-0.142762
-0.463921
-0.892453
-0.951516
-0.333777
-0.061690
0.178602
0.310693
0.648509
0.673803
0.260867
-0.145781
-0.145169
-0.667629
-0.688703
-0.402976
-0.260211
0.003376
0.202967
-0.122439
-0.467221
-0.493262
-1.080509
-0.645990
-0.706913
-0.342451
-0.632056
0.226380
0.069304
0.856819
0.033712
-0.507477
-0.169112
-0.719889
-0.597438
0.439856
0.152407
0.345002
-0.009340
0.453743
0.035495
-0.044187
0.005993
-0.370218
-0.064162
-0.107954
0.126622
-0.625492
0.024291
0.161880
-0.477856
-0.484444
0.427687
-0.031931
-0.026964
-0.211217
1.049401
-0.189517
0.229937
-0.536731
0.371998
-0.037282
-0.727230
-0.347196
-0.353283
-0.127044
0.023353
0.175091
-0.042362
0.683971
-0.347038
-0.027949
0.179157
-0.464150
-0.047715
-0.492432
-0.209790
0.222621
0.187451
0.220928
0.642764
-0.720490
0.790229
0.583813
0.261057
-0.169487
-0.125336
0.080350
-0.139397
0.035397
0.337383
0.038149
0.477402
0.397835
0.269098
-0.005863
0.131843
-0.238133
0.420634
0.028313
-0.151924
-0.391424
-0.012386
0.114356
-0.234542
-0.320434
-0.169287
0.590931
-0.154821
-0.189357
0.256784
-0.194526
-0.282180
-0.434848
-0.555654
0.061528
-0.151472
-0.019515
0.038368
0.076051
0.025002
0.156318
-0.391549
-0.100315
0.281201
1.830818
1.314394
0.671856
0.449578
-0.204763
-0.788661
-0.195353
-0.183842
0.148884
-0.332437
-0.444139
1.941326
0.757847
0.404199
-0.146138
0.579289
-0.319774
-0.410497
-0.460806
-0.134142
-0.252733
0.770685
0.663242
0.372403
0.320119
-0.465764
-0.442608
-0.249752
-0.212646
0.114757
-0.081184
0.279710
-0.039813
-0.359335
-0.149389
0.024347
-0.075428
0.309460
0.339275
0.224517
0.249218
0.165586
0.327761
0.453461
0.117549
-0.058372
0.332921
-0.029064
0.229469
0.303774
0.056926
-0.162381
0.242364
0.457712
0.435820
-0.139413
-0.023855
0.229626
-0.076692
0.149829
-0.015552
0.242614
0.069018
-0.138925
0.010985
-0.041088
-0.025734
0.186332
0.064737
0.079423
-0.007355
-0.136417
-0.442258
0.310012
0.105707
-0.275078
0.031752
-0.187247
-0.189920
0.070180
0.114856
0.209541
0.144920
-0.038180
-0.093145
-0.126814
-0.153201
0.054303
-0.191976
0.102343
0.121433
-0.112979
-0.081001
0.047945
0.179110
0.040403
0.275460
0.351988
0.033893
-0.192646
0.106459
0.073142
-0.141048
0.108399
0.010904
-0.209890
0.092472
0.216253
0.462304
0.345295
-0.354163
-0.473030
-0.623899
-0.053759
-0.394487
0.109009
-0.557607
0.930129
0.538857
0.240211
0.294477
-0.476451
0.054565
0.588489
-0.326949
-0.596557
-0.319758
0.185111
0.208634
-0.853656
-0.605604
-0.320117
0.093595
0.087283
0.287479
-0.330267
0.088239
-0.147421
-0.365701
-0.030734
-0.374872
-0.333582
0.365847
-0.001150
-0.053488
0.071158
-0.446534
-0.078227
0.073172
0.373350
-0.520694
-0.465829
0.315501
-0.238722
-0.420291
-0.122406
0.019373
-0.199231
0.030853
0.037893
-0.074627
-0.213423
-0.378135
0.095843
-0.238687
0.081327
0.182257
-0.208288
0.065624
-0.176284
-0.083486
0.147591
0.206980
-0.127275
-0.234246
-0.009494
0.057123
0.246038
-0.031798
0.007494
0.000285
-0.309957
0.024035
0.232698
0.191736
0.171704
0.034146
1.125575
0.328417
0.362146
0.633207
0.441540
0.990462
-0.335862
-1.069859
-0.834848
-0.544080
0.202672
-0.747366
-0.458838
-0.395017
0.130587
-0.353019
0.843390
-0.209707
1.225948
-0.421470
0.826691
0.433501
-0.177979
1.086468
0.000000
0.000000
0.000000
0.000000
0.000000
0.000000
0.000000
0.000000
0.000000
0.000000
0.000000
0.000000
0.000000
0.000000
0.000000
0.000000
0.000000
0.000000
0.000000
0.000000
0.000000
0.000000
0.000000
0.000000
0.000000
0.000000
0.000000
0.000000
0.000000
0.000000
0.000000
0.000000
0.000000
0.000000
0.000000
0.000000
0.000000
0.000000
0.000000
0.000000
0.000000
0.000000
0.000000
0.000000
0.000000
0.000000
0.000000
0.000000
0.000000
0.000000
0.000000
0.000000
0.000000
0.000000
0.000000
0.000000
0.000000
0.000000
0.000000
0.000000
0.000000
0.000000
0.000000
0.000000
0.000000
0.000000
0.000000
0.000000
0.000000
0.000000
0.000000
0.000000
0.000000
0.000000
0.000000
0.000000
0.000000
0.000000
0.000000
0.000000
0.000000
0.000000
0.000000
0.000000
0.000000
0.000000
0.000000
0.000000
0.000000
0.000000
0.000000
0.000000
0.000000
0.000000
0.000000
0.000000
0.000000
0.000000
0.000000
0.000000
0.000000
0.000000
0.000000
0.000000
0.000000
0.000000
0.000000
0.000000
0.000000
0.000000
0.000000
0.000000
0.000000
0.000000
0.000000
0.000000
0.000000
0.000000
0.000000
0.000000
0.000000
0.000000
0.000000
0.000000
0.000000
0.000000
0.000000
0.000000
0.000000
0.000000
0.000000
0.000000
0.000000
0.000000
0.000000
0.000000
0.000000
0.000000
0.000000
0.000000
0.000000
0.000000
0.000000
0.000000
0.000000
0.000000
0.000000
0.000000
0.000000
0.000000
0.000000
0.000000
0.000000
0.000000
0.000000
0.000000
0.000000
0.000000
0.000000
0.000000
0.000000
0.000000
0.000000
0.000000
0.000000
0.000000
0.000000
0.000000
0.000000
0.000000
0.000000
0.000000
0.000000
0.000000
0.000000
0.000000
0.000000
0.000000
0.000000
0.000000
0.000000
0.000000
0.000000
0.000000
0.000000
0.000000
0.000000
0.000000
0.000000
0.000000
0.000000
0.000000
0.000000
0.000000
0.000000
0.000000
0.000000
0.000000
0.000000
0.000000
0.000000
0.000000
0.000000
0.000000
0.000000
0.000000
0.000000
0.000000
0.000000
0.000000
0.000000
0.000000
0.000000
0.000000
0.000000
0.000000
0.000000
0.000000
0.000000
0.000000
0.000000
0.000000
0.000000
0.000000
0.000000
0.000000
0.000000
0.000000
0.000000
0.000000
0.000000
0.000000
0.000000
0.000000
0.000000
0.000000
0.000000
0.000000
0.000000
0.000000
0.000000
0.000000
0.000000
0.000000
0.000000
0.000000
0.000000
0.000000
0.000000
0.000000
0.000000
0.000000
0.000000
0.000000
0.000000
0.000000
0.000000
0.000000
0.000000
0.000000
0.000000
0.000000
0.000000
0.000000
0.000000
0.000000
0.000000
0.000000
0.000000
0.000000
0.000000
0.000000
0.000000
0.000000
0.000000
0.000000
0.000000
0.000000
0.000000
0.000000
0.000000
0.000000
0.000000
0.000000
0.000000
0.000000
0.000000
0.000000
0.000000
0.000000
0.000000
0.000000
0.000000
0.000000
0.000000
0.000000
0.000000
0.000000
0.000000
0.000000
0.000000
0.000000
0.000000
0.000000
0.000000
0.000000
0.000000
0.000000
0.000000
0.000000
0.000000
0.000000
0.000000
0.000000
0.000000
0.000000
0.000000
0.000000
0.000000
0.000000
0.000000
0.000000
0.000000
0.000000
0.000000
0.000000
0.000000
0.000000
0.000000
0.000000
0.000000
0.000000
0.000000
0.000000
0.000000
0.000000
0.000000
0.000000
0.000000
0.000000
0.000000
0.000000
0.000000
0.000000
0.000000
0.000000
0.000000
0.000000
0.000000
0.000000
0.000000
0.000000
0.000000
0.000000
0.000000
0.000000
0.000000
0.000000
0.000000
0.000000
0.000000
0.000000
0.000000
0.000000
0.000000
0.000000
0.000000
0.000000
0.000000
0.000000
0.000000
0.000000
0.000000
0.000000
0.000000
0.000000
0.000000
0.000000
0.000000
0.000000
0.000000
0.000000
0.000000
0.000000
0.000000
0.000000
0.000000
0.000000
0.000000
0.000000
0.000000
0.000000
0.000000
0.000000
0.000000
0.000000
0.000000
0.000000
0.000000
0.000000
0.000000
0.000000
0.000000
0.000000
0.000000
0.000000
0.000000
0.000000
0.000000
0.000000
0.000000
0.000000
0.000000
0.000000
0.000000
0.000000
0.000000
0.000000
0.000000
0.000000
0.000000
0.000000
0.000000
0.000000
0.000000
0.000000
0.000000
0.000000
0.000000
0.000000
0.000000
0.000000
0.000000
0.000000
0.000000
0.000000
0.000000
0.000000
0.000000
0.000000
0.000000
0.000000
0.000000
0.000000
0.000000
0.000000
0.000000
0.000000
0.000000
0.000000
0.000000
0.000000
0.000000
0.000000
0.000000
0.000000
0.000000
0.000000
0.000000
0.000000
0.000000
0.000000
0.000000
0.000000
0.000000
0.000000
0.000000
0.000000
0.000000
0.000000
0.000000
0.000000
0.000000
0.000000
0.000000
0.000000
0.000000
0.000000
0.000000
0.000000
0.000000
0.000000
0.000000
0.000000
0.000000
0.000000
0.000000
0.000000
0.000000
0.000000
0.000000
0.000000
0.000000
0.000000
0.000000
0.000000
0.000000
