-0.015904
-0.027169
0.011924
0.075188
0.107404
0.151316
-0.067059
-0.081950
0.077267
0.085613
0.035301
-0.047115
0.032470
0.065749
0.025758
0.012454
-0.038558
-0.065323
0.057824
-0.027390
-0.067383
-0.053710
-0.098694
-0.142516
0.071111
0.137450
0.043883
-0.083112
-0.111584
0.043352
-0.006288
-0.219921
-0.018125
0.108329
-0.149679
-0.167504
-0.023596
-0.220185
-0.014477
0.097318
-0.096631
-0.012675
-0.170770
-0.023464
-0.079042
-0.042699
0.081412
0.051512
0.111927
0.033021
0.146121
-0.061251
0.167175
0.042329
0.113604
0.096016
0.065469
0.120862
-0.017780
0.002841
-0.015051
-0.058589
-0.035245
0.096559
-0.040140
0.021631
-0.032066
-0.138792
0.135503
-0.040240
-0.031546
0.062167
0.141514
-0.107889
0.036453
0.024739
-0.075866
-0.035305
0.062193
0.065666
-0.014982
-0.028191
0.005587
0.004094
-0.035994
0.058596
0.065136
-0.128240
-0.151045
0.169436
0.011283
0.117732
0.034690
-0.013405
0.014665
0.062748
0.232175
0.021636
-0.089261
-0.038263
0.095517
0.114092
0.001062
-0.045740
0.040374
0.017321
-0.140721
-0.103819
-0.107122
-0.004118
-0.047509
-0.164477
-0.118506
-0.043126
-0.099389
-0.238721
0.093670
-0.036216
-0.038859
-0.093802
-0.069408
-0.089673
-0.020201
-0.077342
-0.178291
-0.043805
0.032863
-0.203090
-0.042095
-0.063804
-0.067028
0.040578
-0.063690
-0.070564
-0.155282
-0.089934
-0.110249
-0.082684
-0.079043
-0.004209
0.159840
-0.027027
0.005636
-0.006292
0.068821
-0.075936
0.039034
-0.032130
-0.094479
0.008829
0.000311
-0.131961
-0.126778
-0.005231
0.060731
0.042631
-0.022107
-0.069618
-0.112230
-0.019200
0.043253
0.127050
0.070412
-0.016263
-0.062783
-0.040383
-0.003568
-0.089815
-0.180821
-0.042616
-0.068061
-0.017417
-0.003375
-0.118121
-0.120257
0.016191
-0.025471
-0.025382
0.031413
-0.021947
-0.094068
0.058990
-0.038655
-0.042499
-0.073362
0.030889
-0.018986
0.114176
-0.029151
-0.086966
-0.094222
-0.017921
-0.069320
0.082903
0.132733
0.088811
-0.060061
-0.014483
-0.056045
-0.033959
-0.052942
0.106007
-0.022801
0.101988
0.007020
-0.148364
-0.068071
0.079219
-0.026192
-0.009194
-0.001758
-0.104593
0.019121
-0.148422
0.087815
-0.138478
-0.180732
-0.039247
-0.104232
-0.081200
-0.160895
-0.155314
-0.200151
-0.023870
-0.104324
0.051921
-0.021967
0.011289
0.100254
0.041755
0.087085
-0.036862
0.044872
0.050165
-0.077190
0.116630
0.117275
0.061954
-0.076147
0.058082
-0.065002
0.087784
-0.092844
-0.068677
0.033061
-0.197168
-0.110955
-0.093563
0.013729
-0.016252
0.136875
0.065649
0.110712
0.018004
0.035681
-0.112754
-0.040820
-0.003289
-0.038730
0.110248
0.008001
0.051954
-0.058674
-0.116585
-0.078681
-0.109279
-0.016236
0.048953
0.004398
-0.017090
-0.020344
-0.031071
0.022489
0.136168
0.027834
0.093374
0.116002
-0.004717
0.084249
0.030775
0.131666
0.133598
-0.045715
-0.062644
-0.034067
0.112064
-0.011658
-0.041750
0.016319
-0.053216
-0.048954
-0.120687
0.029398
-0.005458
0.011291
-0.050673
-0.143058
0.074834
-0.221320
0.100751
-0.085025
-0.017016
0.021824
-0.098411
0.008015
0.158288
0.003253
-0.150330
0.110423
-0.005583
-0.159686
-0.175303
-0.109614
-0.121574
-0.023602
0.046800
-0.006241
-0.065654
0.055396
0.071297
-0.059385
-0.081018
0.081323
0.143457
-0.032505
0.088783
0.075159
0.174864
0.128053
0.209190
0.121218
-0.001057
0.063870
0.070997
0.253730
0.633377
0.604072
0.250322
0.322390
0.360402
-0.256129
0.021501
-0.179145
-0.426662
-0.484948
-0.260791
-0.333298
-0.177666
-0.082505
0.035204
0.102350
0.116374
0.058910
0.030717
-0.010979
0.069243
-0.133932
-0.179592
-0.184157
0.072596
-0.061064
0.123688
0.039573
0.060459
-0.137221
0.078201
-0.241232
0.198888
0.004122
0.022534
-0.103787
0.006486
-0.105668
0.025337
-0.065643
0.122693
0.026868
-0.045257
-0.253355
0.000234
0.072684
-0.053104
-0.437823
-0.359481
-0.674837
-0.592126
-0.279126
-0.299161
-0.148114
-0.276608
0.001072
-0.057684
-0.197152
-0.184779
-0.283174
-0.173002
-0.076579
-0.104093
-0.332893
0.098137
0.349797
0.461003
0.199673
0.085399
0.432308
0.464854
-0.154552
-0.227534
-0.263943
-0.103264
-0.286875
0.053595
0.135504
0.308443
0.063234
0.417901
0.270013
-0.006101
-0.092926
-0.084485
-0.050354
-0.038202
-0.073146
0.613669
-0.379755
0.003325
0.015606
0.010726
0.001476
-0.129714
-0.117736
0.053701
0.063030
0.176960
-0.075506
-0.034225
0.082806
-0.042930
-0.027545
-0.044651
-0.096742
0.061317
-0.091504
-0.074750
-0.043036
-0.034019
0.051369
-0.072480
0.144089
0.266567
0.433017
0.588651
0.445325
0.561635
0.660199
-0.010086
0.131748
0.077630
0.078716
-0.044784
0.188682
0.421711
0.147271
0.165987
0.024781
0.104063
0.076958
-0.333867
-0.331634
-0.212259
-0.422717
-0.229368
-0.058843
0.064631
-0.048377
0.115129
0.192221
0.037977
-0.112482
-0.062558
-0.118647
-0.268003
-0.134588
-0.185628
0.064161
0.105140
0.000553
-0.085096
0.110280
-0.042985
0.034742
-0.053210
-0.060297
-0.175596
-0.084637
0.025300
0.041453
-0.057873
-0.220515
0.143351
0.081609
0.165234
0.005593
0.034746
0.011278
-0.036930
-0.040236
-0.008060
-0.007359
0.120409
-0.082302
0.003592
-0.011712
-0.040906
-0.075206
-0.210919
-0.440182
-0.442994
-0.530088
-0.566648
-0.279333
-0.161689
-0.170376
0.055911
-0.112868
-0.133972
-0.165848
-0.259525
-0.286800
-0.314306
0.060055
-0.098066
0.217993
0.447335
0.941497
0.311261
0.108708
0.657161
0.240945
-0.163676
-0.128208
-0.137517
-0.230215
-0.140450
0.117573
0.143509
0.155529
0.125280
0.237934
-0.040505
0.157929
-0.076282
-0.038407
0.016661
0.055041
-0.080328
-0.032587
0.168197
0.255093
0.155488
0.014161
-0.021038
-0.105122
-0.034443
0.087091
-0.125983
-0.067931
-0.201803
0.132932
-0.003361
-0.104486
-0.039454
-0.106447
0.047413
-0.158808
-0.049305
0.061569
-0.008423
-0.119924
-0.087653
-0.123202
0.302026
0.517298
0.684799
0.344623
0.113201
0.238416
0.156145
0.163015
0.154830
-0.131390
0.040941
0.118753
0.352723
0.234509
0.202929
-0.074573
0.558645
0.014597
-0.401849
-0.562891
-0.239209
-0.342928
-0.207239
-0.213583
0.021846
0.062477
0.384908
0.298547
0.004942
0.031565
-0.119065
-0.148816
-0.185339
0.025442
0.055310
0.066032
0.041144
0.034535
-0.041098
-0.156235
-0.089834
0.219950
-0.428719
-0.120472
-0.210495
0.061213
0.051788
0.033603
0.162344
0.115408
-0.107237
-0.168354
-0.004018
0.041411
0.018406
-0.046655
0.095091
-0.030582
0.048704
-0.033990
-0.003704
0.035123
0.066254
0.156353
-0.015003
-0.082260
-0.262213
-0.433123
-0.523391
-0.391714
-0.603960
-0.196530
-0.209120
-0.215211
0.151251
-0.071742
-0.047891
-0.229385
-0.138963
-0.115877
-0.169361
0.092502
-0.282502
0.164852
0.318116
0.363555
0.718963
0.193355
0.199068
0.298786
-0.023870
-0.255608
-0.157679
-0.232411
-0.072545
-0.175684
0.038389
0.133379
0.260069
0.201682
0.222825
0.212624
-0.196926
-0.275192
-0.108333
-0.051046
-0.058150
0.017517
0.180633
0.164457
0.087573
-0.114817
-0.006074
0.064609
0.034016
-0.095466
0.040000
0.144162
0.020514
0.064985
-0.108596
-0.108785
0.062856
-0.247667
0.030523
-0.008417
-0.068446
-0.179074
-0.012473
-0.137966
-0.015255
-0.065585
0.173156
0.325957
0.343628
0.419244
0.231065
0.232588
0.074319
0.076797
0.040841
-0.135713
0.039235
0.150934
0.404757
0.458107
0.316981
-0.408892
0.018623
-0.427996
-0.175623
-0.445327
-0.860262
-0.239271
-0.268563
-0.205278
-0.012634
-0.006914
0.205241
0.230223
0.540535
0.120519
-0.093363
-0.197679
-0.221370
-0.161763
-0.030837
0.030432
0.049218
0.058133
0.015589
-0.088071
-0.140955
0.158899
-0.119764
-0.193752
-0.129008
-0.048055
-0.161467
-0.045563
0.187847
-0.026734
-0.110739
-0.191251
-0.041180
-0.042023
-0.011514
0.136381
-0.211411
0.135895
0.040421
0.065861
0.069672
0.012151
0.068302
0.011461
0.023670
-0.130245
0.086742
-0.163100
-0.311750
-0.921574
-0.433904
-0.351545
-0.298600
0.075865
-0.012164
-0.058255
-0.182316
-0.410402
-0.035387
-0.168611
-0.293795
-0.297157
0.089171
-0.029422
0.396243
0.380223
0.352935
0.654016
0.112399
0.615537
0.159056
-0.194606
-0.148270
-0.168555
-0.311124
-0.258964
0.079150
0.082196
0.102494
-0.025651
0.117128
0.104257
0.062353
-0.080634
-0.058042
0.069744
0.082577
0.096061
0.123344
0.030217
0.055851
0.062420
-0.126916
0.059923
-0.125139
-0.083312
-0.049554
-0.002563
0.108285
-0.001252
-0.097964
-0.014181
0.039246
-0.056185
-0.032924
-0.033076
0.047516
-0.104091
-0.178643
-0.022293
-0.068928
-0.064856
-0.014315
0.161429
0.262475
0.463673
0.335952
0.367813
0.198917
0.495906
0.249345
0.218047
0.011979
-0.018082
0.134371
0.036439
0.098239
0.309806
0.142364
-0.246173
0.022216
-0.019950
-0.437188
-0.227860
-0.152488
-0.108760
-0.235100
-0.078563
0.124638
0.058400
0.142347
0.293078
0.282222
-0.089198
-0.133902
-0.050817
-0.063469
-0.143403
-0.043941
0.048074
-0.083730
0.094771
-0.065589
-0.082866
0.078484
-0.128742
0.055747
0.063808
-0.042844
0.066318
0.105802
0.031259
-0.257609
-0.187519
-0.033534
-0.100259
0.075719
0.042001
-0.060629
-0.025200
0.034555
0.048801
-0.029410
-0.029339
0.035574
-0.106708
-0.032668
0.030933
0.011781
-0.124538
-0.400224
-0.376365
-0.391796
-0.315002
-0.266159
-0.267855
-0.180708
0.102454
0.241105
0.448533
0.590364
0.285890
0.298869
0.037543
0.246193
-0.028664
-0.175249
-0.208749
-0.345615
-0.134478
0.101235
0.145812
0.163919
0.089248
0.056266
0.034754
-0.014312
-0.197715
-0.033388
0.104513
-0.042975
0.012884
-0.043421
-0.119445
-0.075003
-0.010596
-0.024200
-0.187133
0.102836
-0.014361
0.109649
0.110018
0.016846
-0.035736
0.132279
-0.075158
0.082994
-0.016632
0.050196
-0.006373
0.064185
0.173019
-0.013974
0.005146
-0.020046
-0.003559
0.003876
-0.002031
-0.088342
0.152001
0.026740
-0.086967
0.079142
0.045388
0.075497
-0.025744
0.024367
-0.092309
-0.009828
-0.112929
-0.042921
-0.062893
-0.071799
0.044103
-0.111724
0.076038
0.005058
0.097297
0.066704
-0.076367
-0.095477
-0.032851
0.037334
-0.040803
-0.056696
0.062554
0.031002
