-0.012204
0.098573
-0.012466
-0.057065
-0.062540
-0.076116
-0.047996
0.151002
0.015242
-0.010596
-0.054209
0.040444
0.042177
0.074142
-0.053365
0.065566
-0.103785
-0.075669
-0.067146
-0.041277
-0.007488
-0.087703
0.020606
0.051698
-0.085248
-0.155489
-0.043099
0.026536
-0.067910
0.071294
-0.015347
-0.007189
-0.044259
-0.057589
-0.094010
0.011758
0.016481
0.191206
0.151758
0.091550
0.006235
-0.011130
0.037721
-0.054442
-0.237168
0.028763
0.042321
0.068145
0.059672
-0.121254
-0.150742
-0.035575
-0.131080
0.003640
-0.071683
-0.059868
-0.143773
0.124879
-0.128284
0.001844
-0.007198
0.030489
-0.128983
0.043165
0.006089
-0.063257
-0.021319
0.016426
-0.178683
-0.161704
-0.099456
-0.064134
-0.142322
-0.027542
0.016028
-0.107391
0.150919
0.011712
-0.017275
0.092503
0.155426
0.194204
-0.004461
-0.043402
0.026669
-0.036791
0.105523
-0.086358
-0.000935
0.031343
0.167892
0.079776
0.026131
0.001081
0.042589
-0.150125
0.000327
-0.053214
-0.061180
-0.011135
-0.014784
0.028433
-0.125459
-0.012893
-0.158535
-0.187383
-0.004074
-0.148723
0.001629
0.058851
0.033290
-0.104976
0.060948
-0.111186
-0.189879
0.054044
-0.006898
-0.058831
-0.019575
-0.053757
0.025113
-0.119614
-0.069995
0.100287
0.130271
0.065855
0.101999
-0.011323
0.024801
-0.043560
0.042639
-0.092271
-0.052909
-0.037951
0.009050
0.058369
-0.069477
0.009256
-0.003827
-0.136547
-0.021375
-0.093847
-0.208733
-0.087495
0.026769
-0.005223
-0.061290
0.056947
0.012378
0.077740
-0.021847
-0.084919
-0.062190
-0.030244
0.040572
-0.076391
-0.053802
0.044230
0.019652
-0.078804
-0.083680
-0.069859
0.051980
-0.059156
0.005040
-0.039530
0.080222
0.012991
-0.047118
-0.041462
-0.017738
0.073195
-0.010648
-0.029454
-0.019952
0.067066
0.057971
0.000191
-0.059099
0.090738
-0.065988
-0.081863
-0.073569
-0.165558
-0.124658
-0.002963
-0.123836
-0.190190
-0.102631
0.042109
0.012063
-0.073463
-0.053323
-0.161643
-0.094932
-0.082134
-0.037783
-0.054152
-0.066863
0.008275
-0.060907
-0.024028
-0.078532
-0.014144
-0.068925
-0.044225
-0.055972
-0.046453
0.064414
-0.016417
-0.033268
-0.017487
-0.057556
-0.073611
-0.109387
-0.002000
-0.037485
0.116821
-0.016724
-0.101526
0.064109
0.108130
-0.054987
0.064871
0.065111
0.050754
0.023465
-0.134883
-0.001575
-0.033293
-0.151222
-0.080908
0.039969
0.038332
-0.058994
-0.102253
-0.007579
-0.041549
0.022246
-0.010463
0.046251
0.049729
0.036540
-0.042487
-0.223995
-0.129330
-0.062269
-0.012961
0.064506
-0.020185
-0.133887
0.072097
-0.054961
-0.004435
0.067404
-0.173030
-0.100983
-0.045876
0.048032
-0.182388
-0.133675
0.113473
0.258104
0.039578
0.150799
0.069320
0.053102
0.027573
0.026725
-0.056741
0.036475
0.036794
-0.037107
-0.002161
0.092275
-0.077105
-0.057636
0.013139
0.008353
-0.075610
-0.006549
-0.131557
-0.043493
0.008992
-0.050157
-0.008335
-0.167010
-0.132851
0.038079
-0.098601
-0.023885
-0.076475
-0.000922
0.006052
0.024886
0.000036
-0.004073
-0.112436
-0.051770
-0.086052
-0.091656
0.015693
-0.041612
-0.018752
0.009725
-0.023699
-0.028825
0.010151
0.014814
0.096105
-0.031903
0.135569
0.016540
-0.002270
0.006521
0.067760
0.273589
0.312168
0.165789
-0.121126
-0.192984
-0.282784
-0.224296
-0.190826
0.027836
0.065757
0.244479
0.118476
0.029744
0.030819
0.202057
0.151321
0.427160
0.493977
0.395442
0.455673
0.275023
-0.151127
0.005181
-0.075334
-0.388445
-0.495110
-0.424084
-0.260234
-0.070882
-0.057982
0.103826
0.399021
0.181500
-0.047259
-0.088636
-0.117350
-0.110178
-0.255259
0.018736
-0.132102
0.225667
0.097110
0.233648
0.084166
0.136010
0.119350
-0.217054
-0.049997
0.011004
-0.009576
-0.088574
0.027666
0.110924
0.044247
-0.044422
0.032735
0.079877
-0.128789
-0.122837
0.008831
-0.006417
-0.086107
-0.434159
-0.314462
-0.440307
-0.521999
-0.531468
-0.206437
-0.061130
-0.148332
-0.215459
-0.096840
-0.254263
-0.162986
-0.262592
-0.205695
-0.169580
0.033786
-0.106818
0.180826
0.533462
0.386764
0.417559
0.681409
0.250462
0.179390
0.121969
-0.322803
-0.131052
-0.228007
-0.099287
-0.001686
0.093189
0.191212
0.155261
0.027503
-0.012313
-0.172488
-0.068806
-0.111148
0.035872
0.177724
-0.250532
-0.091331
-0.079914
-0.012319
0.042843
0.027200
0.074008
-0.034712
0.002745
-0.124747
-0.196502
-0.087523
-0.133707
-0.140428
-0.147906
-0.185700
-0.094386
0.046089
0.017258
-0.058140
-0.023734
-0.012265
-0.233407
0.047804
0.098312
0.281691
0.384949
0.483071
0.548398
0.555151
0.627829
0.869347
0.326317
0.116510
0.230523
0.131766
-0.204647
-0.088622
0.347450
0.187758
-0.097907
0.058213
-0.219804
-0.428457
-0.517739
-0.486341
-0.344237
-0.336345
-0.271489
0.228650
0.211878
0.181054
0.082105
0.089713
-0.088234
-0.189490
-0.202550
-0.216542
-0.140759
-0.053486
0.088885
0.099782
0.160652
0.068123
-0.019521
-0.214226
-0.127375
-0.082273
-0.161749
0.000593
0.075472
0.083549
0.071098
0.098262
-0.053354
0.136835
0.097444
-0.078404
-0.077828
-0.075300
0.075962
-0.041954
-0.113967
0.140755
-0.066205
0.036868
-0.151872
-0.095802
-0.026696
-0.156596
-0.000362
-0.220508
-0.288046
-0.662468
-0.388385
-0.448817
-0.440216
-0.175289
-0.242592
0.122781
0.001125
-0.236020
-0.176029
-0.319051
-0.364893
-0.094089
-0.308174
0.256282
0.600781
0.433459
0.357952
0.547944
0.904518
0.146359
-0.184337
-0.173932
-0.320688
-0.159791
-0.039653
0.064886
0.224232
0.223947
-0.122026
0.340472
0.257187
0.044411
-0.064475
-0.236102
-0.197043
-0.134768
-0.340758
0.163543
-0.115551
0.026848
0.019153
-0.159755
0.067137
0.010823
-0.111608
-0.037144
-0.106489
-0.112246
-0.109066
-0.058825
0.005953
-0.156115
-0.036208
0.082736
0.029408
0.088840
0.017379
0.021754
0.001741
0.011185
0.018186
0.074534
0.118621
0.534985
0.454491
0.622220
0.562313
0.157810
0.384244
0.165898
0.031868
0.283353
0.328746
0.212256
0.392061
-0.033645
0.257450
0.182899
0.112002
-0.106897
-0.527083
-0.195672
-0.721872
-0.110512
-0.308776
-0.211659
0.120709
0.281263
0.167004
0.299043
0.118845
0.199857
-0.000796
-0.285701
-0.196806
-0.213253
-0.102286
0.042845
0.145634
0.182359
0.138895
0.038120
0.021596
-0.229615
-0.119772
-0.095047
-0.089939
0.185421
-0.049187
0.082829
0.166257
0.022535
0.163084
0.095251
0.134609
-0.020705
-0.070645
0.084577
-0.032282
-0.059774
0.007651
-0.039924
-0.023684
0.014272
-0.030623
0.102552
-0.157704
-0.395143
-0.333193
-0.484295
-0.536508
-0.493479
-0.265729
-0.262204
0.088490
0.053121
-0.222902
-0.287527
-0.330847
-0.257257
-0.144075
-0.123745
-0.168346
0.271713
0.281713
0.521446
0.414054
0.264312
0.316426
-0.097501
-0.179012
-0.267227
-0.210576
-0.108885
-0.139687
-0.034110
0.210236
-0.106950
0.321477
0.487947
-0.067223
-0.051515
-0.069072
-0.193019
-0.101653
-0.000983
0.108234
0.103108
0.148080
0.353117
-0.062451
-0.041830
-0.059975
-0.058590
-0.167043
0.057065
0.085360
0.016487
-0.037352
-0.071917
0.072200
0.140058
-0.162808
-0.071808
-0.059538
-0.108772
-0.030900
-0.117752
-0.014182
-0.078813
-0.054942
0.060057
0.369906
0.436655
0.445290
0.702284
0.116537
0.245256
0.189997
0.171744
0.131444
0.594314
0.378327
0.538067
0.384928
0.479565
-0.312967
0.151982
-0.486200
-0.181919
-0.236773
-0.791372
-0.131110
-0.289930
-0.214299
0.015886
0.140522
0.295099
0.153273
0.633920
0.128417
0.115939
-0.137143
-0.266162
-0.278348
-0.418233
-0.006384
-0.161440
0.182128
0.204653
0.112517
0.114695
0.095682
-0.005174
-0.251365
-0.060921
-0.142828
-0.330229
0.079575
0.096309
0.028515
0.090799
0.062352
-0.085977
0.036243
0.110398
-0.177454
-0.062574
-0.317582
0.096008
0.106922
0.151891
-0.119093
-0.008991
0.090723
-0.009828
-0.107311
0.026657
-0.029567
-0.151767
-0.522201
-0.581925
-0.451939
-0.625435
-0.105875
-0.068461
-0.023233
-0.159970
-0.158902
-0.279562
-0.029659
-0.124740
-0.287704
-0.283352
-0.049382
0.156362
0.440834
0.474640
0.711797
0.272198
0.196506
0.496508
0.056802
-0.221422
-0.275350
-0.343826
-0.204265
-0.142850
0.014741
0.202314
0.173897
0.140380
0.081949
0.142752
-0.205842
-0.215922
-0.050957
-0.096389
0.138418
0.094283
0.166630
0.142854
0.217242
0.048008
0.034830
-0.012958
0.002672
0.206057
-0.061703
-0.225298
-0.045241
0.041094
-0.010256
-0.049967
-0.075856
0.007354
-0.191160
0.032130
-0.094076
0.121777
0.050455
0.048433
-0.076596
-0.073447
0.219209
0.320840
0.368583
0.383988
0.375589
0.327834
0.401132
0.009582
-0.057501
0.054969
0.185105
0.054230
0.182575
0.220015
0.416052
-0.361344
0.055274
-0.410421
-0.294346
-0.633846
-0.057062
-0.327698
-0.564142
0.050400
-0.000461
0.251137
0.400677
0.384104
0.181083
-0.044491
-0.031766
-0.041372
-0.159778
-0.053512
-0.263671
-0.012339
0.162857
0.176501
0.130259
0.085120
-0.004039
-0.090034
-0.118040
0.041155
-0.088850
-0.063872
0.095755
0.016693
0.042880
-0.050899
-0.130508
-0.134120
-0.040776
0.108414
-0.080484
-0.044345
0.023253
0.054418
-0.103057
0.103147
0.074417
0.133835
0.083280
-0.093777
0.021098
-0.030234
-0.340650
-0.558207
-0.423085
-0.493778
-0.544218
-0.271029
-0.173767
0.149932
0.055726
0.380769
0.395382
0.420442
0.097886
0.162544
-0.010767
-0.049190
-0.174066
-0.220789
-0.261988
-0.100880
-0.014090
0.136323
-0.060577
0.048022
0.057229
-0.017851
-0.133567
-0.266599
-0.006755
0.071866
0.033439
0.046036
-0.138590
0.028132
-0.183785
-0.045693
-0.096589
0.153436
0.017994
-0.147241
-0.080306
0.094156
-0.001574
0.094267
0.156524
0.029941
0.114089
-0.008860
0.165225
0.055581
-0.024362
0.114782
0.093463
0.027125
0.000419
-0.058073
0.080424
-0.089140
0.007014
-0.185176
-0.046647
-0.084111
-0.062738
-0.090484
-0.015620
0.052703
0.077494
-0.037328
-0.124646
0.014856
0.041380
-0.051430
-0.037631
-0.113675
-0.046178
-0.101132
-0.122999
-0.045727
-0.081353
-0.092381
0.169506
-0.024592
0.016307
0.116969
0.040666
0.116444
0.115120
0.074647
0.059327
0.018822
0.056884
0.028896
0.045540
0.013577
0.119685
-0.001837
0.063905
-0.089354
