0.044921
-0.014995
-0.024007
0.026594
-0.028794
0.130745
0.049856
0.116520
0.146388
0.028843
0.014961
0.126453
-0.122393
-0.029690
0.109930
-0.078462
-0.068020
-0.017979
0.020440
-0.084245
-0.125569
-0.096007
-0.115298
0.028469
-0.113858
-0.070694
-0.073065
0.083715
-0.043593
0.169983
-0.018126
-0.089166
-0.158899
-0.223869
-0.069713
0.013031
0.096715
-0.133777
0.048695
0.082032
-0.167377
0.079344
-0.005473
-0.116633
-0.119691
-0.067379
-0.026130
0.010380
0.005322
0.032561
0.041541
0.017191
-0.042195
0.052862
-0.135076
0.145614
0.079592
0.086043
0.078098
0.132261
-0.013086
0.127103
0.022855
0.074378
-0.051789
-0.022929
0.073619
-0.095000
0.149476
-0.024616
-0.080200
0.135499
-0.000835
0.071670
-0.048328
-0.070431
0.054420
-0.101143
-0.079505
-0.050201
-0.126433
0.013962
-0.206827
-0.019186
0.005483
-0.178945
-0.086744
0.070595
-0.130353
-0.139845
-0.043615
-0.076196
-0.002570
0.056121
0.005192
0.093113
0.038788
-0.313074
0.048610
0.093018
0.036362
-0.041836
-0.173672
0.139091
-0.094488
-0.052986
-0.090985
-0.034056
-0.094199
0.046881
-0.074551
-0.107031
-0.012156
-0.062094
-0.025625
0.040681
-0.218095
0.118312
0.117845
0.073664
0.018642
-0.421990
-0.092882
-0.129565
-0.091039
0.085437
0.015346
-0.134253
-0.152022
-0.015201
0.019741
0.091943
-0.111326
-0.027038
-0.028710
-0.054672
0.061033
-0.081138
-0.010820
-0.075672
0.035955
-0.080422
0.067763
-0.065235
-0.020015
-0.054245
0.002063
0.030162
0.034567
0.020786
-0.078649
0.034930
0.019066
0.067857
0.002617
-0.030713
-0.040111
-0.099532
0.020871
-0.036660
0.072061
-0.080174
-0.017850
0.029562
-0.110497
0.018225
-0.106188
0.018946
-0.067777
-0.123458
0.068380
-0.110301
0.110198
-0.227331
-0.095820
-0.027036
-0.040360
-0.167993
-0.084270
-0.030354
0.067725
-0.056330
-0.126823
-0.169608
0.006370
0.043352
-0.143297
-0.021378
0.126359
-0.029963
-0.084078
-0.094152
-0.086381
-0.038809
-0.021127
0.031459
0.048353
-0.079492
-0.052011
-0.020368
-0.005883
-0.073513
-0.020708
0.069391
0.060337
0.090036
-0.133703
-0.071259
-0.087962
-0.089208
-0.223666
-0.047377
0.072246
-0.148866
-0.009004
-0.000067
-0.042703
-0.000454
0.019261
-0.000763
-0.004961
-0.119603
0.000176
-0.166452
0.017628
0.053524
-0.117893
0.020198
0.038558
0.009845
-0.029592
0.025144
0.092205
-0.088856
0.081480
-0.019070
-0.075742
-0.017962
0.088582
0.058227
-0.051859
-0.136920
-0.051371
-0.045266
0.086441
-0.071464
-0.141521
-0.106292
0.005491
0.166652
0.008394
0.032002
0.037603
0.022473
0.014749
0.025985
0.071229
-0.082637
-0.069129
0.038475
-0.065539
0.010235
-0.088543
-0.088430
-0.007304
-0.087138
-0.228281
-0.098196
-0.084098
-0.030320
0.085219
0.041408
0.156716
-0.079846
0.109761
0.022544
0.068207
0.164967
0.075117
0.024397
-0.118662
-0.056518
0.180934
0.213851
0.075548
-0.052928
0.042691
-0.063269
-0.022884
0.153751
-0.034336
-0.096910
-0.009538
0.059087
-0.165783
-0.024756
-0.102099
-0.079709
-0.081770
-0.072163
0.179710
0.014410
-0.135658
-0.046241
-0.054310
-0.135826
-0.053043
-0.071105
-0.016997
0.014629
-0.160880
-0.181950
0.146185
0.025624
-0.096120
-0.095875
-0.115087
-0.015107
-0.172960
-0.078995
-0.071792
0.129004
-0.066506
0.098835
0.090350
-0.002253
-0.012512
-0.041647
-0.069012
0.011092
0.093439
0.242471
0.041186
-0.138136
0.164778
0.208443
0.388711
0.418974
0.472614
0.493473
0.190315
0.174220
0.307326
-0.083366
-0.148866
-0.414001
-0.401260
-0.447681
-0.379783
-0.118625
-0.125571
0.004355
0.017127
0.079886
0.201761
0.023204
-0.069038
-0.195168
-0.166789
-0.351984
-0.027807
0.127240
0.125853
0.192921
0.261131
0.042752
0.147940
-0.011801
-0.193327
0.320821
-0.008358
0.122614
-0.018269
-0.049417
0.053866
-0.148745
0.002250
0.112730
-0.058204
0.095086
0.045198
0.002553
0.096582
-0.110430
-0.423900
-0.508804
-0.514559
-0.489222
-0.383250
-0.424701
-0.163695
-0.318398
0.038529
-0.102289
-0.211854
-0.240379
-0.321432
-0.084509
-0.013114
-0.006527
-0.180246
0.178826
0.213969
0.759029
0.133414
0.149475
0.000668
0.115879
-0.014617
-0.155827
-0.183952
0.005101
-0.092932
0.162060
0.185416
0.180952
0.263774
0.412471
0.021292
0.067318
-0.097858
-0.064125
-0.090181
-0.024281
0.035715
0.264919
-0.120959
-0.153128
0.129198
0.046820
-0.116374
-0.134419
0.112173
-0.049878
-0.046972
-0.067192
-0.005007
-0.039371
-0.052843
0.015998
-0.144103
0.025016
-0.033058
-0.032863
0.016725
-0.079793
-0.099231
-0.057788
0.054652
0.049057
0.142578
0.324858
0.534053
0.399173
0.793755
0.363295
0.078443
0.012093
-0.129436
0.078672
0.346031
0.233185
0.352809
0.413047
0.415612
0.178914
-0.034968
0.156919
-0.028667
-0.182903
-0.355274
-0.289510
-0.335535
-0.205031
0.035081
-0.034750
0.220201
0.156949
0.123031
0.016242
-0.169320
-0.057644
-0.175416
-0.189679
-0.158835
0.029493
0.047969
0.112169
-0.112043
-0.003573
-0.193533
-0.183323
0.017468
0.032623
-0.114849
-0.023078
-0.004190
-0.020134
-0.029418
-0.196864
-0.078455
-0.049324
0.014814
0.062479
0.052210
-0.221969
0.198372
-0.086397
0.141927
-0.004211
0.172729
0.125653
-0.083608
-0.022533
-0.017189
-0.016925
0.091076
-0.310928
-0.309208
-0.466141
-0.527473
-0.407761
-0.331619
-0.429670
-0.243834
-0.066167
-0.065985
-0.040673
-0.155717
0.074716
-0.191501
-0.258857
-0.023534
-0.126518
0.105368
0.317995
0.504287
0.255007
0.336567
0.188500
-0.011791
-0.091709
-0.095874
-0.242736
-0.172318
-0.100313
0.046239
0.190467
-0.229357
0.297708
0.189362
-0.047917
0.040353
-0.178762
0.066845
0.009150
-0.040065
0.047705
0.145413
-0.066197
-0.029573
0.189781
0.038163
-0.272355
0.016851
0.018807
-0.028312
-0.110085
0.089412
-0.064405
-0.145201
0.050332
-0.061364
0.010959
-0.058472
-0.014637
0.000599
-0.062507
-0.006399
-0.062897
-0.078740
-0.171927
0.133501
0.230591
0.467145
0.284951
0.547188
0.340624
0.299954
0.254521
0.001621
0.035340
0.510627
0.186719
0.271370
0.031851
0.120179
0.356121
-0.043875
-0.138421
-0.251399
-0.321917
-0.721264
-0.237169
-0.264842
-0.165474
0.128843
0.133638
0.242923
0.215778
0.049724
0.103640
-0.010567
-0.270323
-0.391338
-0.234992
-0.031182
-0.004486
-0.008460
0.109644
0.075185
-0.104998
-0.194457
0.089317
-0.192335
-0.120398
0.068814
-0.032496
0.065976
-0.021570
-0.034994
0.106938
0.101688
-0.242559
0.125508
-0.071155
-0.009955
0.088467
0.242602
0.152472
0.167199
0.084090
0.151591
0.165466
0.139063
0.049485
0.103555
0.113989
-0.135008
-0.366760
-0.477764
-0.626761
-0.457841
-0.438295
-0.283018
-0.080021
-0.090985
-0.023558
-0.005397
-0.173572
-0.207410
-0.113953
-0.161559
-0.094528
-0.302989
0.086627
0.399720
0.400942
0.493212
0.114329
0.174607
0.170778
0.019008
-0.216430
0.045589
-0.269174
-0.119387
-0.247968
0.151368
0.199658
0.286962
0.111511
0.042015
0.032476
0.089743
-0.194558
0.039644
0.055722
-0.101966
0.019805
0.156855
0.118048
-0.044620
0.070442
0.111086
0.053398
0.013532
-0.052289
-0.023228
0.062922
-0.191636
0.042181
0.134318
-0.022971
0.002161
-0.019643
-0.028845
0.031396
0.043111
-0.116630
-0.119184
0.058379
-0.021650
-0.101962
0.232533
0.288627
0.539511
0.764011
-0.023764
0.192414
0.176792
0.011270
0.344175
0.125149
0.042496
0.193493
0.194937
0.006817
0.126243
-0.373750
0.089256
-0.060620
-0.152096
-0.289519
-0.615212
-0.226765
-0.395349
-0.178354
0.173285
0.257086
0.048297
0.312433
-0.106785
-0.033459
0.052413
-0.171188
-0.409673
0.033941
0.133796
0.009317
-0.014997
-0.016623
0.065444
0.094419
0.010226
-0.005244
-0.191686
0.014221
-0.161311
-0.077662
-0.061571
-0.034360
-0.016894
-0.153491
0.052871
-0.085798
-0.041050
-0.117273
-0.152878
-0.024106
0.071491
0.089245
0.125523
0.069368
0.019019
0.081512
0.076464
-0.028899
-0.011733
0.115595
0.038936
-0.271666
-0.424729
-0.473550
-0.519716
-0.473391
-0.096180
-0.259478
-0.109139
-0.148994
-0.165663
-0.377610
-0.196794
-0.161227
-0.000456
-0.101736
-0.185386
-0.079245
0.084417
0.167210
0.505052
0.149105
0.149750
0.282787
0.002913
-0.025647
-0.025471
-0.156303
-0.241476
-0.253088
-0.061617
0.063142
-0.055472
-0.008562
-0.033443
0.066240
0.201227
-0.042888
-0.124398
0.092697
0.057864
0.030946
0.053789
-0.032522
0.246983
-0.028291
-0.050265
0.046147
0.069799
0.057372
-0.156587
0.009683
0.059804
-0.183600
-0.061120
-0.092477
0.013898
-0.062531
-0.044019
-0.006593
-0.014009
-0.012130
-0.277224
-0.085378
0.016402
0.138094
-0.005396
0.436870
0.383919
0.416143
0.628249
0.263411
0.199678
-0.058005
-0.029062
0.088533
0.302957
0.070708
-0.032096
0.327448
0.212725
0.159563
-0.212253
0.034884
-0.267650
-0.354018
-0.356887
-0.278517
-0.304437
-0.093316
-0.102769
0.001171
0.225914
0.167534
0.127010
0.084872
0.026383
-0.025918
-0.065402
-0.123014
-0.047214
0.062307
-0.048604
-0.094720
0.130834
0.119906
0.026661
0.061182
-0.212421
-0.047382
-0.020674
-0.099940
0.077069
0.027545
0.026115
0.118214
0.151559
0.051593
-0.248502
-0.135378
-0.118138
0.065265
-0.014896
-0.031986
-0.177091
-0.089054
-0.154979
-0.032943
0.003383
-0.068990
-0.137174
0.017007
-0.064357
-0.405976
-0.313146
-0.478256
-0.562279
-0.231222
-0.428432
-0.138171
0.333099
0.173680
0.304425
0.275264
0.647713
0.503332
0.232354
0.178524
-0.013869
-0.116082
-0.156219
-0.094929
-0.198604
0.056345
0.113584
0.093827
-0.004751
-0.005919
0.016947
-0.002942
-0.144726
-0.073081
0.024924
0.071433
0.079162
-0.123253
0.017136
-0.036497
-0.071281
0.034806
0.020643
-0.107143
-0.041779
-0.041346
0.018775
0.026074
-0.077940
0.060110
-0.026595
0.121061
0.061353
-0.041509
0.079014
0.080546
0.091225
0.095343
-0.132072
-0.036853
0.013918
-0.062465
-0.093904
0.020247
0.100226
-0.206774
0.024344
0.087973
-0.127967
-0.060041
0.009672
-0.113533
-0.026703
-0.020908
0.037010
0.225466
0.017690
-0.044016
-0.018206
-0.084211
-0.020690
0.041365
-0.057698
-0.020418
0.019724
0.046975
-0.017344
-0.128907
-0.076173
-0.087462
0.011076
-0.063137
