0.014286
-0.045018
-0.137387
-0.040391
-0.061461
-0.025510
-0.098088
-0.007866
0.101863
0.094277
0.129190
0.099468
-0.011818
0.090461
0.177243
0.047140
-0.010242
0.012622
0.003286
0.066347
0.075002
0.037933
0.030836
0.074568
-0.030288
0.055498
-0.054344
-0.098694
-0.111128
-0.065936
-0.025411
0.040146
-0.042605
-0.026208
-0.118763
-0.110258
-0.072119
-0.013243
0.021193
-0.041293
0.076168
0.106200
-0.015495
0.077637
-0.119866
-0.044157
-0.089650
-0.012393
-0.046441
-0.068812
0.252467
0.340880
0.547486
0.409868
0.389951
0.358840
0.166142
-0.166550
-0.009859
-0.155709
-0.098189
-0.185123
-0.235589
-0.201703
-0.617945
-0.148570
0.006415
0.313608
0.088215
0.124074
0.194988
0.121100
-0.245140
-0.155707
-0.258784
-0.063433
0.040081
0.095123
-0.001039
-0.040680
-0.025937
-0.189885
-0.043959
-0.069468
0.042156
0.148945
-0.049896
0.084797
0.225519
0.463042
0.388589
0.108932
0.665264
0.176020
0.041011
-0.110782
-0.065440
-0.152588
0.190409
0.268730
0.195427
0.019779
-0.012417
0.104994
-0.004397
-0.057592
-0.270389
-0.249639
-0.388013
-0.334332
-0.218344
-0.348210
-0.497711
-0.008443
0.113164
0.191142
0.355340
0.260439
0.305778
-0.511077
-0.399395
-0.510719
-0.413634
-0.424954
-0.128519
-0.314265
-0.188316
0.116117
0.054121
0.210321
0.045040
0.022975
-0.148576
-0.219878
-0.223903
-0.298142
-0.179063
-0.071918
-0.057941
-0.026751
-0.085997
-0.036231
0.060539
-0.081039
0.155522
0.261944
0.439923
0.390877
0.432588
0.388510
0.231330
-0.076662
0.014028
-0.133250
0.011500
0.063622
0.093047
0.098980
0.133290
-0.001344
0.092054
-0.034918
-0.034944
0.067680
-0.006709
0.116494
0.032575
0.106284
-0.112682
0.028422
0.146141
-0.025582
0.153632
-0.051324
-0.056744
0.058727
-0.077050
0.026629
-0.402764
0.213151
0.005874
0.004765
-0.116801
-0.171925
-0.091155
-0.025983
-0.107753
-0.061982
0.163608
-0.046692
0.015674
0.031123
0.029511
0.040756
-0.092372
0.120817
0.056035
0.058376
0.096843
0.056920
0.074100
0.127089
0.049135
0.008088
0.048422
-0.000857
0.019726
0.155121
0.046734
0.126833
0.124935
0.146702
0.118294
0.036346
0.021353
0.087144
-0.239142
-0.047343
0.120518
0.034207
0.156739
0.041905
0.017617
-0.054357
0.044873
-0.178798
-0.063522
-0.041957
-0.225004
-0.059737
-0.216402
-0.208719
0.014508
0.038535
0.089633
0.225635
0.144460
0.322670
0.142389
0.064989
-0.112853
0.051348
0.012169
0.060216
0.081888
0.138809
0.018526
0.034419
0.002952
0.005186
0.069078
0.092871
-0.004015
0.050275
0.019135
0.086676
0.072853
0.058121
0.085014
-0.063849
0.077596
-0.083185
0.011128
-0.063215
-0.156147
-0.110480
-0.113434
-0.028813
-0.191532
0.014725
0.121192
0.113099
-0.002855
0.043446
-0.110932
-0.072409
-0.001492
-0.105981
-0.086450
0.034633
-0.148148
-0.015359
0.113104
0.000000
0.000000
0.000000
0.000000
0.000000
0.000000
0.000000
0.000000
0.000000
0.000000
0.000000
0.000000
0.000000
0.000000
0.000000
0.000000
0.000000
0.000000
0.000000
0.000000
0.000000
0.000000
0.000000
0.000000
0.000000
0.000000
0.000000
0.000000
0.000000
0.000000
0.000000
0.000000
0.000000
0.000000
0.000000
0.000000
0.000000
0.000000
0.000000
0.000000
0.000000
0.000000
0.000000
0.000000
0.000000
0.000000
0.000000
0.000000
0.000000
0.000000
0.000000
0.000000
0.000000
0.000000
0.000000
0.000000
0.000000
0.000000
0.000000
0.000000
0.000000
0.000000
0.000000
0.000000
0.000000
0.000000
0.000000
0.000000
0.000000
0.000000
0.000000
0.000000
0.000000
0.000000
0.000000
0.000000
0.000000
0.000000
0.000000
0.000000
0.000000
0.000000
0.000000
0.000000
0.000000
0.000000
0.000000
0.000000
0.000000
0.000000
0.000000
0.000000
0.000000
0.000000
0.000000
0.000000
0.000000
0.000000
0.000000
0.000000
0.000000
0.000000
0.000000
0.000000
0.000000
0.000000
0.000000
0.000000
0.000000
0.000000
0.000000
0.000000
0.000000
0.000000
0.000000
0.000000
0.000000
0.000000
0.000000
0.000000
0.000000
0.000000
0.000000
0.000000
0.000000
0.000000
0.000000
0.000000
0.000000
0.000000
0.000000
0.000000
0.000000
0.000000
0.000000
0.000000
0.000000
0.000000
0.000000
0.000000
0.000000
0.000000
0.000000
0.000000
0.000000
0.000000
0.000000
0.000000
0.000000
0.000000
0.000000
0.000000
0.000000
0.000000
0.000000
0.000000
0.000000
0.000000
0.000000
0.000000
0.000000
0.000000
0.000000
0.000000
0.000000
0.000000
0.000000
0.000000
0.000000
0.000000
0.000000
0.000000
0.000000
0.000000
0.000000
0.000000
0.000000
0.000000
0.000000
0.000000
0.000000
0.000000
0.000000
0.000000
0.000000
0.000000
0.000000
0.000000
0.000000
0.000000
0.000000
0.000000
0.000000
0.000000
0.000000
0.000000
0.000000
0.000000
0.000000
0.000000
0.000000
0.000000
0.000000
0.000000
0.000000
0.000000
0.000000
0.000000
0.000000
0.000000
0.000000
0.000000
0.000000
0.000000
0.000000
0.000000
0.000000
0.000000
0.000000
0.000000
0.000000
0.000000
0.000000
0.000000
0.000000
0.000000
0.000000
0.000000
0.000000
0.000000
0.000000
0.000000
0.000000
0.000000
0.000000
0.000000
0.000000
0.000000
0.000000
0.000000
0.000000
0.000000
0.000000
0.000000
0.000000
0.000000
0.000000
0.000000
0.000000
0.000000
0.000000
0.000000
0.000000
0.000000
0.000000
0.000000
0.000000
0.000000
0.000000
0.000000
0.000000
0.000000
0.000000
0.000000
0.000000
0.000000
0.000000
0.000000
0.000000
0.000000
0.000000
0.000000
0.000000
0.000000
0.000000
0.000000
0.000000
0.000000
0.000000
0.000000
0.000000
0.000000
0.000000
0.000000
0.000000
0.000000
0.000000
0.000000
0.000000
0.000000
0.000000
0.000000
0.000000
0.000000
0.000000
0.000000
0.000000
0.000000
0.000000
0.000000
0.000000
0.000000
0.000000
0.000000
0.000000
0.000000
0.000000
0.000000
0.000000
0.000000
0.000000
0.000000
0.000000
0.000000
0.000000
0.000000
0.000000
0.000000
0.000000
0.000000
0.000000
0.000000
0.000000
0.000000
0.000000
0.000000
0.000000
0.000000
0.000000
0.000000
0.000000
0.000000
0.000000
0.000000
0.000000
0.000000
0.000000
0.000000
0.000000
0.000000
0.000000
0.000000
0.000000
0.000000
0.000000
0.000000
0.000000
0.000000
0.000000
0.000000
0.000000
0.000000
0.000000
0.000000
0.000000
0.000000
0.000000
0.000000
0.000000
0.000000
0.000000
0.000000
0.000000
0.000000
0.000000
0.000000
0.000000
0.000000
0.000000
0.000000
0.000000
0.000000
0.000000
0.000000
0.000000
0.000000
0.000000
0.000000
0.000000
0.000000
0.000000
0.000000
0.000000
0.000000
0.000000
0.000000
0.000000
0.000000
0.000000
0.000000
0.000000
0.000000
0.000000
0.000000
0.000000
0.000000
0.000000
0.000000
0.000000
0.000000
0.000000
0.000000
0.000000
0.000000
0.000000
0.000000
0.000000
0.000000
0.000000
0.000000
0.000000
0.000000
0.000000
0.000000
0.000000
0.000000
0.000000
0.000000
0.000000
0.000000
0.000000
0.000000
0.000000
0.000000
0.000000
0.000000
0.000000
0.000000
0.000000
0.000000
0.000000
0.000000
0.000000
0.000000
0.000000
0.000000
0.000000
0.000000
0.000000
0.000000
0.000000
0.000000
0.000000
0.000000
0.000000
0.000000
0.000000
0.000000
0.000000
0.000000
0.000000
0.000000
0.000000
0.000000
0.000000
0.000000
0.000000
0.000000
0.000000
0.000000
0.000000
0.000000
0.000000
0.000000
0.000000
0.000000
0.000000
0.000000
0.000000
0.000000
0.000000
0.000000
0.000000
0.000000
0.000000
0.000000
0.000000
0.000000
0.000000
0.000000
0.000000
0.000000
0.000000
0.000000
0.000000
0.000000
0.000000
0.000000
0.000000
0.000000
0.000000
0.000000
0.000000
0.000000
0.000000
0.000000
0.000000
0.000000
0.000000
0.000000
0.000000
0.000000
0.000000
0.000000
0.000000
0.000000
0.000000
0.000000
0.000000
0.000000
0.000000
0.000000
0.000000
0.000000
0.000000
0.000000
0.000000
0.000000
0.000000
0.000000
0.000000
0.000000
0.000000
0.000000
0.000000
0.000000
0.000000
0.000000
0.000000
0.000000
0.000000
0.000000
0.000000
0.000000
0.000000
0.000000
0.000000
0.000000
0.000000
0.000000
0.000000
0.000000
0.000000
0.000000
0.000000
0.000000
0.000000
0.000000
0.000000
0.000000
0.000000
0.000000
0.000000
0.000000
0.000000
0.000000
0.000000
0.000000
0.000000
0.000000
0.000000
0.000000
0.000000
0.000000
0.000000
0.000000
0.000000
0.000000
0.000000
0.000000
0.000000
0.000000
0.000000
0.000000
0.000000
0.000000
0.000000
0.000000
0.000000
0.000000
0.000000
0.000000
0.000000
0.000000
0.000000
0.000000
0.000000
0.000000
0.000000
0.000000
0.000000
0.000000
0.000000
0.000000
0.000000
0.000000
0.000000
0.000000
0.000000
0.000000
0.000000
0.000000
0.000000
0.000000
0.000000
0.000000
0.000000
0.000000
0.000000
0.000000
0.000000
0.000000
0.000000
0.000000
0.000000
0.000000
0.000000
0.000000
0.000000
0.000000
0.000000
0.000000
0.000000
0.000000
0.000000
0.000000
0.000000
0.000000
0.000000
0.000000
0.000000
0.000000
0.000000
0.000000
0.000000
0.000000
0.000000
0.000000
0.000000
0.000000
0.000000
0.000000
0.000000
0.000000
0.000000
0.000000
0.000000
0.000000
0.000000
0.000000
0.000000
0.000000
0.000000
0.000000
0.000000
0.000000
0.000000
0.000000
0.000000
0.000000
0.000000
0.000000
0.000000
0.000000
0.000000
0.000000
0.000000
0.000000
0.000000
0.000000
0.000000
0.000000
0.000000
0.000000
0.000000
0.000000
0.000000
0.000000
0.000000
0.000000
0.000000
0.000000
0.000000
0.000000
0.000000
0.000000
0.000000
0.000000
0.000000
0.000000
0.000000
0.000000
0.000000
0.000000
0.000000
0.000000
0.000000
0.000000
0.000000
0.000000
0.000000
0.000000
0.000000
0.000000
0.000000
0.000000
0.000000
0.000000
0.000000
0.000000
0.000000
0.000000
0.000000
0.000000
0.000000
0.000000
0.000000
