1.800000
1.800000
1.800000
1.800000
1.800000
1.800000
1.800000
1.800000
1.800000
1.800000
1.800000
1.800000
1.800000
1.800000
1.800000
1.800000
1.800000
1.800000
1.800000
1.800000
1.800000
1.800000
1.800000
1.800000
1.800000
1.800000
1.800000
1.800000
1.800000
1.800000
1.800000
1.800000
1.800000
1.800000
1.800000
1.800000
1.800000
1.800000
1.800000
1.897012
2.086236
2.180774
2.375152
2.567321
2.853410
3.045697
3.331579
3.522835
3.906437
4.193793
4.499999
4.499999
4.499999
4.499999
4.499999
4.499999
4.499999
4.499999
4.499999
4.499999
4.499999
4.499999
4.499999
4.499999
4.499999
4.499999
4.499999
4.499999
4.499999
4.499999
4.499999
4.499999
4.499999
4.499999
4.499999
4.499999
4.499999
4.499999
4.499999
4.499999
4.499999
4.499999
4.499999
4.499999
4.499999
4.499999
4.499999
4.499999
4.499999
4.499999
4.499999
4.499999
4.499999
4.499999
4.499999
4.499999
4.499999
4.499999
4.499999
4.499999
4.499999
4.499999
4.499999
4.499999
4.499999
4.499999
4.499999
4.499999
4.499999
4.499999
4.499999
4.499999
4.499999
4.499999
4.499999
4.499999
4.499999
4.499999
4.499999
4.499999
4.499999
4.499999
4.499999
4.499999
4.250070
4.122841
3.996652
3.870366
3.776308
3.649698
3.522822
3.428087
3.333264
3.237666
3.111134
3.015643
2.952981
2.856960
2.761617
2.666784
2.603003
2.508553
2.445331
2.349428
2.286442
2.222818
2.158909
2.095481
2.031670
2.000000
1.830934
1.800000
1.800000
1.800000
1.800000
1.800000
1.800000
1.800000
1.800000
1.800000
1.800000
1.800000
1.800000
1.800000
1.800000
1.800000
1.800000
1.800000
1.800000
1.800000
1.800000
1.800000
1.800000
1.800000
1.800000
1.800000
1.800000
1.800000
2.000000
2.000000
2.000000
2.000000
2.000000
2.096718
2.500000
2.693583
2.982735
3.175404
3.500000
3.500000
3.500000
3.500000
3.786796
4.170515
4.499999
4.499999
4.499999
4.499999
4.499999
4.499999
4.499999
4.499999
4.499999
4.499999
4.499999
4.499999
4.499999
4.499999
4.499999
4.499999
4.499999
4.499999
4.499999
4.499999
4.499999
4.499999
4.499999
4.499999
4.499999
4.499999
4.499999
4.499999
4.499999
4.499999
4.499999
4.499999
4.499999
4.499999
4.499999
4.499999
4.499999
4.499999
4.499999
4.499999
4.499999
4.499999
4.499999
4.499999
4.499999
4.499999
4.499999
4.499999
4.499999
4.499999
4.499999
4.499999
4.499999
4.499999
4.499999
4.499999
4.499999
4.499999
4.499999
4.499999
4.499999
4.499999
4.499999
4.499999
4.499999
4.499999
4.499999
4.499999
4.289763
4.163123
4.036326
3.943074
3.816954
3.690107
3.595274
3.500000
3.500000
3.500000
3.500000
3.500000
3.500000
3.848692
3.721885
3.626139
3.531395
3.500000
3.500000
3.500000
3.500000
3.500000
3.500000
3.500000
3.500000
3.881953
4.070646
4.499999
4.499999
4.499999
4.499999
4.499999
4.499999
4.499999
4.499999
4.499999
4.499999
4.499999
4.499999
4.499999
4.499999
4.499999
4.499999
4.499999
4.499999
4.499999
4.499999
4.301608
4.174860
4.080567
3.922787
3.795538
3.669517
3.542828
3.417130
3.288654
3.194960
3.069105
2.974960
2.974960
2.974960
2.974960
2.974960
2.974960
2.943339
2.879872
2.784862
2.689980
2.595029
2.500000
2.594803
2.500000
2.500000
2.500000
2.500000
2.500000
2.500000
2.500000
2.316492
2.221807
2.158065
2.094725
2.031209
2.000000
2.031640
2.031032
2.000000
2.221728
2.157534
2.094597
2.031395
2.063899
2.000000
2.000000
2.348584
2.253604
2.190029
2.127396
2.063781
2.000000
2.000000
2.000000
2.031542
2.063556
2.000000
2.000000
2.000000
2.000000
2.000000
2.000000
2.000000
2.000000
2.000000
2.000000
2.000000
2.000000
2.000000
2.000000
2.000000
2.000000
2.000000
2.000000
2.000000
2.000000
2.000000
2.000000
2.000000
2.000000
2.000000
2.000000
2.000000
2.000000
2.000000
2.000000
2.000000
2.000000
2.093596
2.500000
2.500000
2.500000
2.500000
2.691580
2.882394
3.166510
3.500000
3.500000
3.500000
3.500000
3.500000
3.500000
3.688399
4.069792
4.499999
4.499999
4.499999
4.499999
4.499999
4.499999
4.499999
4.499999
4.499999
4.499999
4.499999
4.499999
4.499999
4.499999
4.499999
4.499999
4.499999
4.499999
4.499999
4.499999
4.499999
4.499999
4.499999
4.499999
4.499999
4.499999
4.499999
4.499999
4.499999
4.499999
4.499999
4.499999
4.499999
4.499999
4.499999
4.499999
4.499999
4.246781
4.121496
3.994767
3.868206
3.741330
3.615083
3.519808
3.393197
3.297285
3.203355
3.107688
3.012659
2.917698
2.822620
2.727660
2.632699
2.569536
2.474498
2.410942
2.347524
2.252642
2.188812
2.188812
2.125816
2.062643
2.000000
2.000000
2.000000
2.000000
2.000000
2.190696
2.381099
2.570263
2.758633
2.949948
3.233563
3.531179
3.500000
3.500000
3.500000
3.500000
3.500000
3.500000
3.500000
3.500000
3.500000
3.531964
3.563075
3.593508
3.973605
4.165567
4.165567
4.499999
4.499999
4.499999
4.499999
4.499999
4.499999
4.499999
4.499999
4.499999
4.499999
4.499999
4.499999
4.499999
4.499999
4.499999
4.499999
4.499999
4.499999
4.499999
4.499999
4.499999
4.499999
4.499999
4.499999
4.499999
4.499999
4.499999
4.499999
4.499999
4.499999
4.499999
4.499999
4.282250
4.124068
4.029147
3.903155
3.775975
3.649875
3.490681
3.396104
3.300947
3.174572
3.079022
2.984337
2.888395
2.793719
2.730546
2.635331
2.540419
2.477129
2.382227
2.319025
2.256677
2.160627
2.064861
2.000000
2.000000
1.800000
1.800000
1.800000
1.800000
1.800000
1.800000
1.800000
1.800000
1.800000
1.800000
1.800000
1.800000
1.800000
1.800000
1.800000
1.800000
1.800000
1.800000
1.800000
1.800000
1.800000
1.800000
1.800000
2.000000
2.000000
2.000000
2.000000
2.000000
2.196675
2.500000
2.698442
2.992247
3.187597
3.500000
3.500000
3.696616
3.890759
4.279191
4.499999
4.499999
4.499999
4.499999
4.499999
4.499999
4.499999
4.499999
4.499999
4.499999
4.499999
4.499999
4.499999
4.499999
4.499999
4.499999
4.499999
4.499999
4.499999
4.499999
4.499999
4.499999
4.499999
4.499999
4.499999
4.499999
4.499999
4.499999
4.499999
4.499999
4.499999
4.499999
4.499999
4.499999
4.499999
4.499999
4.499999
4.499999
4.499999
4.499999
4.499999
4.499999
4.499999
4.499999
4.499999
4.499999
4.499999
4.499999
4.499999
4.499999
4.499999
4.499999
4.499999
4.499999
4.499999
4.499999
4.499999
4.499999
4.311016
4.184415
4.057284
3.930025
3.803356
3.676872
3.581676
3.455380
3.360213
3.265547
3.139074
3.043888
2.948181
2.853073
2.663044
2.599734
2.535295
2.472692
2.409833
2.347691
2.252416
2.220766
2.157957
2.095167
2.000000
2.000000
2.204362
2.693082
2.786059
2.974223
3.161032
3.382790
3.319941
3.257544
3.195745
3.102336
3.006109
2.943603
2.846807
2.784214
2.689440
2.626984
2.563850
2.500000
2.500000
2.595893
2.942887
2.848486
2.753408
2.688989
2.594381
2.531650
2.500000
2.594862
2.975106
2.879969
2.848300
2.784999
2.721473
2.626630
2.563369
2.500000
2.500000
2.690166
2.878909
2.784921
2.689528
2.625982
2.531101
2.500000
2.500000
2.593832
2.912159
2.848947
2.753574
2.658467
2.564046
2.500000
2.500000
2.593125
2.941247
2.878300
2.784125
2.688517
2.593321
2.530885
2.500000
2.595864
2.943465
2.847111
2.783497
2.688752
2.594921
2.532308
2.500000
2.500000
2.852238
2.789134
2.727120
2.630687
2.568260
2.473162
2.410461
2.315285
2.251071
2.188988
2.095068
2.031336
2.000000
2.000000
2.000000
2.000000
2.000000
2.000000
2.000000
2.000000
2.000000
2.000000
2.000000
2.000000
2.000000
2.000000
2.000000
2.000000
2.000000
1.800000
1.800000
1.800000
1.800000
1.800000
1.800000
1.800000
1.800000
1.800000
1.800000
1.800000
1.800000
1.800000
1.800000
1.800000
1.800000
1.800000
1.800000
1.800000
1.800000
1.800000
1.800000
1.800000
2.000000
2.000000
2.000000
2.000000
2.000000
2.000000
2.097454
2.500000
2.418796
2.355024
2.258758
2.193995
2.128358
2.063536
2.000000
1.830138
1.800000
1.800000
1.800000
1.800000
1.800000
1.800000
1.800000
1.800000
1.800000
1.800000
1.800000
1.800000
1.800000
1.800000
1.800000
1.800000
1.800000
1.800000
1.800000
2.000000
2.000000
2.193926
2.128231
2.096011
2.032210
2.000000
1.800000
1.800000
1.800000
1.800000
1.800000
1.800000
1.800000
1.800000
1.800000
1.800000
1.800000
1.800000
1.800000
1.800000
1.800000
1.800000
2.000000
2.000000
2.000000
2.000000
2.000000
2.000000
2.000000
2.000000
2.099781
2.299901
2.497637
2.696668
2.894226
3.188974
3.500000
3.695467
3.987829
4.499999
4.499999
4.499999
4.499999
4.499999
4.499999
4.499999
4.499999
4.261882
4.135782
4.008897
3.881098
3.754870
3.626660
3.500000
4.093979
3.966515
3.871073
3.744119
3.617047
3.489494
3.394651
3.299406
3.172619
3.077609
2.982256
2.887227
2.791756
2.696884
2.601864
2.506698
2.443250
2.348594
2.285009
2.222327
2.126729
2.062545
2.000000
2.000000
2.000000
2.000000
2.000000
1.830678
1.800000
1.800000
2.000000
2.000000
2.000000
2.000000
2.000000
2.000000
2.000000
2.000000
2.000000
2.000000
2.000000
2.000000
2.000000
2.000000
2.000000
2.000000
2.284567
2.221532
2.157269
2.094057
2.062731
2.000000
1.800000
1.800000
1.800000
1.800000
1.800000
1.800000
1.800000
1.800000
1.800000
1.800000
1.800000
1.800000
1.800000
1.800000
1.800000
1.800000
2.000000
2.000000
2.227324
2.160421
2.096060
2.032220
1.831797
1.800000
1.800000
1.800000
1.800000
1.800000
1.800000
1.800000
1.800000
1.800000
1.800000
1.800000
1.800000
1.800000
1.800000
1.800000
1.800000
1.800000
1.800000
2.000000
2.193671
2.128397
2.063860
2.000000
1.831768
1.800000
1.800000
1.800000
1.800000
1.800000
1.800000
1.800000
1.800000
1.800000
1.800000
1.800000
1.800000
1.800000
1.800000
1.800000
1.800000
2.000000
2.000000
2.196449
2.133649
2.063654
2.032632
1.830295
1.800000
1.800000
1.800000
1.800000
1.800000
1.800000
1.800000
1.800000
1.800000
1.800000
1.800000
1.800000
1.800000
1.800000
1.800000
1.800000
1.800000
1.800000
2.000000
2.000000
2.099251
2.202771
2.393527
2.328400
2.263038
2.197480
2.098259
2.032789
2.000000
2.000000
2.000000
2.000000
2.000000
2.000000
2.000000
2.000000
2.000000
2.000000
2.000000
2.000000
2.000000
2.194231
2.500000
2.694996
2.887961
3.082162
3.500000
3.500000
3.500000
3.500000
3.500000
3.595275
3.881540
4.263551
4.499999
4.499999
4.499999
4.499999
4.499999
4.499999
4.499999
4.499999
4.499999
4.499999
4.499999
4.499999
4.499999
4.499999
4.499999
4.499999
4.499999
4.499999
4.499999
4.499999
4.499999
4.499999
4.499999
4.499999
4.499999
4.345129
4.219097
4.091574
3.965012
3.837862
3.711535
3.585013
3.489896
3.394621
3.268560
3.173139
3.078345
2.983610
2.888041
2.793169
2.697679
2.603013
2.539604
2.444448
2.381147
2.285824
2.222513
2.158781
2.094548
2.031051
2.000000
1.800000
1.800000
1.800000
1.800000
1.800000
1.800000
1.800000
1.800000
1.800000
1.800000
1.800000
1.800000
1.800000
1.800000
1.800000
1.800000
1.800000
1.800000
1.800000
1.800000
1.800000
1.800000
1.800000
1.800000
1.800000
1.800000
1.800000
1.800000
1.800000
1.800000
1.800000
1.800000
1.800000
1.800000
1.800000
1.800000
2.000000
2.000000
2.000000
2.000000
2.000000
2.297849
2.263313
2.193926
2.129173
2.063153
2.031739
2.000000
1.800000
1.800000
1.800000
1.800000
1.800000
1.800000
1.800000
1.800000
2.000000
2.000000
2.000000
2.000000
2.000000
2.000000
2.000000
2.000000
2.195173
2.500000
2.597366
2.793511
2.988713
3.177624
3.112272
3.048736
2.953570
2.889543
2.793513
2.698601
2.603140
2.540449
2.444448
2.380912
2.286295
2.222405
2.158369
2.094970
2.031336
2.000000
1.800000
1.800000
1.800000
1.800000
1.800000
1.800000
1.800000
1.800000
1.800000
1.800000
1.800000
1.800000
1.800000
1.800000
1.800000
1.800000
1.800000
1.800000
1.800000
1.800000
1.800000
1.800000
1.800000
1.800000
1.800000
2.000000
2.000000
2.000000
2.000000
2.000000
2.000000
2.000000
2.000000
2.000000
2.193317
2.596865
2.789770
2.985886
3.178732
3.340746
3.276258
3.148381
3.083932
2.988264
2.892332
2.796203
2.732540
2.636657
2.541293
2.477512
2.381413
2.318259
2.221935
2.157397
2.094097
2.062221
2.000000
2.000000
1.830129
1.800000
1.800000
1.800000
1.800000
1.800000
1.800000
1.800000
1.800000
1.800000
1.800000
1.800000
1.800000
1.800000
1.800000
1.800000
1.800000
1.800000
1.800000
1.800000
1.800000
1.800000
1.800000
1.800000
1.800000
2.000000
2.000000
2.000000
2.000000
2.000000
2.000000
2.195850
2.500000
2.694142
2.891436
3.180705
3.307456
3.210964
3.179128
3.179128
3.179128
3.179128
3.114512
3.018628
2.922784
2.826469
2.731764
2.668081
2.572188
2.477257
2.413455
2.318475
2.255185
2.190647
2.095029
2.063163
2.000000
2.000000
1.800000
1.800000
1.800000
1.800000
1.800000
1.800000
1.800000
1.800000
1.800000
1.800000
1.800000
1.800000
1.800000
1.800000
1.800000
1.800000
1.800000
1.800000
1.800000
1.800000
1.800000
1.800000
1.800000
1.800000
2.000000
2.000000
2.000000
2.000000
2.000000
2.000000
2.000000
2.000000
2.000000
2.192464
2.596541
2.794659
2.986857
3.274419
3.276532
3.212092
3.115709
3.020130
2.924581
2.828491
2.764356
2.669131
2.573169
2.509457
2.414516
2.350263
2.255342
2.191168
2.127543
2.063516
2.000000
2.000000
1.831346
1.800000
1.800000
1.800000
1.800000
1.800000
1.800000
1.800000
1.800000
1.800000
1.800000
1.800000
1.800000
1.800000
1.800000
1.800000
1.800000
1.800000
1.800000
1.800000
1.800000
1.800000
1.800000
1.800000
1.800000
2.000000
2.000000
2.000000
2.000000
2.000000
2.000000
2.098308
2.500000
2.596129
2.792450
2.988566
3.341276
3.309175
3.309175
3.309175
3.212496
3.116289
3.051967
2.956113
2.860476
2.764445
2.668915
2.572787
2.509368
2.414359
2.350577
2.255440
2.189303
2.125924
2.063104
2.000000
2.000000
1.800000
1.800000
1.800000
1.800000
1.800000
1.800000
1.800000
1.800000
1.800000
1.800000
1.800000
1.800000
1.800000
1.800000
1.800000
1.800000
1.800000
1.800000
1.800000
1.800000
1.800000
1.800000
1.800000
1.800000
1.800000
2.000000
2.000000
2.000000
2.000000
2.000000
2.000000
2.000000
2.000000
2.000000
2.195497
2.596688
2.789976
2.984236
3.342267
3.245373
3.148881
3.053420
2.989010
2.893529
2.797872
2.702008
2.638590
2.543060
2.447560
2.384603
2.288268
2.225066
2.161117
2.129811
2.094931
2.064115
2.000000
2.000000
2.000000
1.800000
1.800000
1.800000
1.800000
1.800000
1.800000
0.000000
0.000000
0.000000
0.000000
0.000000
0.000000
0.000000
0.000000
0.000000
0.000000
0.000000
0.000000
0.000000
0.000000
0.000000
0.000000
0.000000
0.000000
0.000000
0.000000
0.000000
0.000000
0.000000
0.000000
0.000000
0.000000
0.000000
0.000000
0.000000
0.000000
0.000000
0.000000
0.000000
0.000000
0.000000
0.000000
0.000000
0.000000
0.000000
0.000000
0.000000
0.000000
0.000000
0.000000
0.000000
0.000000
0.000000
0.000000
0.000000
0.000000
0.000000
0.000000
0.000000
0.000000
0.000000
0.000000
0.000000
0.000000
0.000000
0.000000
0.000000
0.000000
0.000000
0.000000
0.000000
0.000000
0.000000
0.000000
0.000000
0.000000
0.000000
0.000000
0.000000
0.000000
0.000000
0.000000
0.000000
0.000000
0.000000
0.000000
0.000000
0.000000
0.000000
0.000000
0.000000
0.000000
0.000000
0.000000
0.000000
0.000000
0.000000
0.000000
0.000000
0.000000
0.000000
0.000000
0.000000
0.000000
0.000000
0.000000
0.000000
0.000000
0.000000
0.000000
0.000000
0.000000
0.000000
0.000000
0.000000
0.000000
0.000000
0.000000
0.000000
0.000000
0.000000
0.000000
0.000000
0.000000
0.000000
0.000000
0.000000
0.000000
0.000000
0.000000
0.000000
0.000000
0.000000
0.000000
0.000000
0.000000
0.000000
0.000000
0.000000
0.000000
0.000000
0.000000
0.000000
0.000000
0.000000
0.000000
0.000000
0.000000
0.000000
0.000000
0.000000
0.000000
0.000000
0.000000
0.000000
0.000000
0.000000
0.000000
0.000000
0.000000
0.000000
0.000000
0.000000
0.000000
0.000000
0.000000
0.000000
0.000000
0.000000
0.000000
0.000000
0.000000
0.000000
0.000000
0.000000
0.000000
0.000000
0.000000
0.000000
0.000000
0.000000
0.000000
0.000000
0.000000
0.000000
0.000000
0.000000
0.000000
0.000000
0.000000
0.000000
0.000000
0.000000
0.000000
0.000000
0.000000
0.000000
0.000000
0.000000
0.000000
0.000000
0.000000
0.000000
0.000000
0.000000
0.000000
0.000000
0.000000
0.000000
0.000000
0.000000
0.000000
0.000000
0.000000
0.000000
0.000000
0.000000
0.000000
0.000000
0.000000
0.000000
0.000000
0.000000
0.000000
0.000000
0.000000
0.000000
0.000000
0.000000
0.000000
0.000000
0.000000
0.000000
0.000000
0.000000
0.000000
0.000000
0.000000
0.000000
0.000000
0.000000
0.000000
0.000000
0.000000
0.000000
0.000000
0.000000
0.000000
0.000000
0.000000
0.000000
0.000000
0.000000
0.000000
0.000000
0.000000
0.000000
0.000000
0.000000
0.000000
0.000000
0.000000
0.000000
0.000000
0.000000
0.000000
0.000000
0.000000
0.000000
0.000000
0.000000
0.000000
0.000000
0.000000
0.000000
0.000000
0.000000
0.000000
0.000000
0.000000
0.000000
0.000000
0.000000
0.000000
0.000000
0.000000
0.000000
0.000000
0.000000
0.000000
0.000000
0.000000
0.000000
0.000000
0.000000
0.000000
0.000000
0.000000
0.000000
0.000000
0.000000
0.000000
0.000000
0.000000
0.000000
0.000000
0.000000
0.000000
0.000000
0.000000
0.000000
0.000000
0.000000
0.000000
0.000000
0.000000
0.000000
0.000000
0.000000
0.000000
0.000000
0.000000
0.000000
0.000000
0.000000
0.000000
0.000000
0.000000
0.000000
0.000000
0.000000
0.000000
0.000000
0.000000
0.000000
0.000000
0.000000
0.000000
0.000000
0.000000
0.000000
0.000000
0.000000
0.000000
0.000000
0.000000
0.000000
0.000000
0.000000
0.000000
0.000000
0.000000
0.000000
0.000000
0.000000
0.000000
0.000000
0.000000
0.000000
0.000000
0.000000
0.000000
0.000000
0.000000
0.000000
0.000000
0.000000
0.000000
0.000000
0.000000
0.000000
0.000000
0.000000
0.000000
0.000000
0.000000
0.000000
0.000000
0.000000
0.000000
0.000000
0.000000
0.000000
0.000000
0.000000
0.000000
0.000000
0.000000
0.000000
0.000000
0.000000
0.000000
0.000000
0.000000
0.000000
0.000000
0.000000
0.000000
0.000000
0.000000
0.000000
0.000000
0.000000
0.000000
0.000000
0.000000
0.000000
0.000000
0.000000
0.000000
0.000000
0.000000
0.000000
0.000000
0.000000
0.000000
0.000000
0.000000
0.000000
0.000000
0.000000
0.000000
0.000000
0.000000
0.000000
0.000000
0.000000
0.000000
0.000000
0.000000
0.000000
0.000000
0.000000
0.000000
0.000000
0.000000
0.000000
0.000000
0.000000
0.000000
0.000000
0.000000
0.000000
0.000000
0.000000
0.000000
0.000000
0.000000
0.000000
0.000000
0.000000
0.000000
0.000000
0.000000
0.000000
0.000000
0.000000
0.000000
0.000000
0.000000
0.000000
0.000000
0.000000
0.000000
0.000000
0.000000
0.000000
0.000000
0.000000
0.000000
0.000000
0.000000
0.000000
0.000000
0.000000
0.000000
0.000000
0.000000
0.000000
0.000000
0.000000
0.000000
0.000000
0.000000
0.000000
0.000000
0.000000
0.000000
0.000000
0.000000
0.000000
0.000000
0.000000
0.000000
0.000000
0.000000
0.000000
0.000000
0.000000
0.000000
0.000000
0.000000
0.000000
0.000000
0.000000
0.000000
0.000000
0.000000
0.000000
0.000000
0.000000
0.000000
0.000000
0.000000
0.000000
0.000000
0.000000
0.000000
0.000000
0.000000
0.000000
0.000000
0.000000
0.000000
0.000000
0.000000
0.000000
0.000000
0.000000
0.000000
0.000000
0.000000
0.000000
0.000000
0.000000
0.000000
0.000000
0.000000
0.000000
0.000000
0.000000
0.000000
0.000000
0.000000
0.000000
0.000000
0.000000
0.000000
0.000000
0.000000
0.000000
0.000000
0.000000
0.000000
0.000000
0.000000
0.000000
0.000000
0.000000
0.000000
0.000000
0.000000
0.000000
0.000000
0.000000
0.000000
0.000000
0.000000
0.000000
0.000000
0.000000
0.000000
0.000000
0.000000
0.000000
0.000000
0.000000
0.000000
0.000000
0.000000
0.000000
0.000000
0.000000
0.000000
0.000000
0.000000
0.000000
0.000000
0.000000
0.000000
0.000000
0.000000
0.000000
0.000000
0.000000
0.000000
0.000000
0.000000
0.000000
0.000000
0.000000
0.000000
0.000000
0.000000
0.000000
0.000000
0.000000
0.000000
0.000000
0.000000
0.000000
0.000000
0.000000
0.000000
0.000000
0.000000
0.000000
0.000000
0.000000
0.000000
0.000000
0.000000
0.000000
0.000000
0.000000
0.000000
0.000000
0.000000
0.000000
0.000000
0.000000
0.000000
0.000000
0.000000
0.000000
0.000000
0.000000
0.000000
0.000000
0.000000
0.000000
0.000000
0.000000
0.000000
0.000000
0.000000
0.000000
0.000000
0.000000
0.000000
0.000000
0.000000
0.000000
0.000000
0.000000
0.000000
0.000000
0.000000
0.000000
0.000000
0.000000
0.000000
0.000000
0.000000
0.000000
0.000000
0.000000
0.000000
0.000000
0.000000
0.000000
0.000000
0.000000
0.000000
0.000000
0.000000
0.000000
0.000000
0.000000
0.000000
0.000000
0.000000
0.000000
0.000000
0.000000
0.000000
0.000000
0.000000
0.000000
0.000000
0.000000
0.000000
0.000000
0.000000
0.000000
0.000000
0.000000
0.000000
0.000000
0.000000
0.000000
0.000000
0.000000
0.000000
0.000000
0.000000
0.000000
0.000000
0.000000
0.000000
0.000000
0.000000
0.000000
0.000000
0.000000
0.000000
0.000000
0.000000
0.000000
0.000000
0.000000
0.000000
0.000000
0.000000
0.000000
0.000000
0.000000
0.000000
0.000000
0.000000
0.000000
0.000000
0.000000
0.000000
0.000000
0.000000
0.000000
0.000000
0.000000
0.000000
0.000000
0.000000
0.000000
0.000000
0.000000
0.000000
0.000000
0.000000
0.000000
0.000000
0.000000
0.000000
0.000000
0.000000
0.000000
0.000000
0.000000
0.000000
0.000000
0.000000
0.000000
0.000000
0.000000
0.000000
0.000000
0.000000
0.000000
0.000000
0.000000
0.000000
0.000000
0.000000
0.000000
0.000000
0.000000
0.000000
0.000000
0.000000
0.000000
0.000000
0.000000
0.000000
0.000000
0.000000
0.000000
0.000000
0.000000
0.000000
0.000000
0.000000
0.000000
0.000000
0.000000
0.000000
0.000000
0.000000
0.000000
0.000000
0.000000
0.000000
0.000000
0.000000
0.000000
0.000000
0.000000
0.000000
0.000000
0.000000
0.000000
0.000000
0.000000
0.000000
0.000000
0.000000
0.000000
0.000000
0.000000
0.000000
0.000000
0.000000
0.000000
0.000000
0.000000
0.000000
0.000000
0.000000
0.000000
0.000000
0.000000
0.000000
0.000000
0.000000
0.000000
0.000000
0.000000
0.000000
0.000000
0.000000
0.000000
0.000000
0.000000
0.000000
0.000000
0.000000
0.000000
0.000000
0.000000
0.000000
0.000000
0.000000
0.000000
0.000000
0.000000
0.000000
0.000000
0.000000
0.000000
0.000000
0.000000
0.000000
0.000000
0.000000
0.000000
0.000000
0.000000
0.000000
0.000000
0.000000
0.000000
0.000000
0.000000
0.000000
0.000000
0.000000
0.000000
0.000000
0.000000
0.000000
0.000000
0.000000
0.000000
0.000000
0.000000
0.000000
0.000000
0.000000
0.000000
0.000000
0.000000
0.000000
0.000000
0.000000
0.000000
0.000000
0.000000
0.000000
0.000000
0.000000
0.000000
0.000000
0.000000
0.000000
0.000000
0.000000
0.000000
0.000000
0.000000
0.000000
0.000000
0.000000
0.000000
0.000000
0.000000
0.000000
0.000000
0.000000
0.000000
0.000000
0.000000
0.000000
0.000000
0.000000
0.000000
0.000000
0.000000
0.000000
0.000000
0.000000
0.000000
0.000000
0.000000
0.000000
0.000000
0.000000
0.000000
0.000000
0.000000
0.000000
0.000000
0.000000
0.000000
0.000000
0.000000
0.000000
0.000000
0.000000
0.000000
0.000000
0.000000
0.000000
0.000000
0.000000
0.000000
0.000000
0.000000
0.000000
0.000000
0.000000
0.000000
0.000000
0.000000
0.000000
0.000000
0.000000
0.000000
0.000000
0.000000
0.000000
0.000000
0.000000
0.000000
0.000000
0.000000
0.000000
0.000000
0.000000
0.000000
0.000000
0.000000
0.000000
0.000000
0.000000
0.000000
0.000000
0.000000
0.000000
0.000000
0.000000
0.000000
0.000000
0.000000
0.000000
0.000000
0.000000
0.000000
0.000000
0.000000
0.000000
0.000000
0.000000
0.000000
0.000000
0.000000
0.000000
0.000000
0.000000
0.000000
0.000000
0.000000
0.000000
0.000000
0.000000
0.000000
0.000000
0.000000
0.000000
0.000000
0.000000
0.000000
0.000000
0.000000
0.000000
0.000000
0.000000
0.000000
0.000000
0.000000
0.000000
0.000000
0.000000
0.000000
0.000000
0.000000
0.000000
0.000000
0.000000
0.000000
0.000000
0.000000
0.000000
0.000000
0.000000
0.000000
0.000000
0.000000
0.000000
0.000000
0.000000
0.000000
0.000000
0.000000
0.000000
0.000000
0.000000
0.000000
0.000000
0.000000
0.000000
0.000000
0.000000
0.000000
0.000000
0.000000
0.000000
0.000000
0.000000
0.000000
0.000000
0.000000
0.000000
0.000000
0.000000
0.000000
0.000000
0.000000
0.000000
0.000000
0.000000
0.000000
0.000000
0.000000
0.000000
0.000000
0.000000
0.000000
0.000000
0.000000
0.000000
0.000000
0.000000
0.000000
0.000000
0.000000
0.000000
0.000000
0.000000
0.000000
0.000000
0.000000
0.000000
0.000000
0.000000
0.000000
0.000000
0.000000
0.000000
0.000000
0.000000
0.000000
0.000000
0.000000
0.000000
0.000000
0.000000
0.000000
0.000000
0.000000
0.000000
0.000000
0.000000
0.000000
0.000000
0.000000
0.000000
0.000000
0.000000
0.000000
0.000000
0.000000
0.000000
0.000000
0.000000
0.000000
0.000000
0.000000
0.000000
0.000000
0.000000
0.000000
0.000000
0.000000
0.000000
0.000000
0.000000
0.000000
0.000000
0.000000
0.000000
0.000000
0.000000
0.000000
0.000000
0.000000
0.000000
0.000000
0.000000
0.000000
0.000000
0.000000
0.000000
0.000000
0.000000
0.000000
0.000000
0.000000
0.000000
0.000000
0.000000
0.000000
0.000000
0.000000
0.000000
0.000000
0.000000
0.000000
0.000000
0.000000
0.000000
0.000000
0.000000
0.000000
0.000000
0.000000
0.000000
0.000000
0.000000
0.000000
0.000000
0.000000
0.000000
0.000000
0.000000
0.000000
0.000000
0.000000
0.000000
0.000000
0.000000
0.000000
0.000000
0.000000
0.000000
0.000000
0.000000
0.000000
0.000000
0.000000
0.000000
0.000000
0.000000
0.000000
0.000000
0.000000
0.000000
0.000000
0.000000
0.000000
0.000000
0.000000
0.000000
0.000000
0.000000
0.000000
0.000000
0.000000
0.000000
0.000000
0.000000
0.000000
0.000000
0.000000
0.000000
0.000000
0.000000
0.000000
0.000000
0.000000
0.000000
0.000000
0.000000
0.000000
0.000000
0.000000
0.000000
0.000000
0.000000
0.000000
0.000000
0.000000
0.000000
0.000000
0.000000
0.000000
0.000000
0.000000
0.000000
0.000000
0.000000
0.000000
0.000000
0.000000
0.000000
0.000000
0.000000
0.000000
0.000000
0.000000
0.000000
0.000000
0.000000
0.000000
0.000000
0.000000
0.000000
0.000000
0.000000
0.000000
0.000000
0.000000
0.000000
0.000000
0.000000
0.000000
0.000000
0.000000
0.000000
0.000000
0.000000
0.000000
0.000000
0.000000
0.000000
0.000000
0.000000
0.000000
0.000000
0.000000
0.000000
0.000000
0.000000
0.000000
0.000000
0.000000
0.000000
0.000000
0.000000
0.000000
0.000000
0.000000
0.000000
0.000000
0.000000
0.000000
0.000000
0.000000
0.000000
0.000000
0.000000
0.000000
0.000000
0.000000
0.000000
0.000000
0.000000
0.000000
0.000000
0.000000
0.000000
0.000000
0.000000
0.000000
0.000000
0.000000
0.000000
0.000000
0.000000
0.000000
0.000000
0.000000
0.000000
0.000000
0.000000
0.000000
0.000000
0.000000
0.000000
0.000000
0.000000
0.000000
0.000000
0.000000
0.000000
0.000000
0.000000
0.000000
0.000000
0.000000
0.000000
0.000000
0.000000
0.000000
0.000000
0.000000
0.000000
0.000000
0.000000
0.000000
0.000000
0.000000
0.000000
0.000000
0.000000
0.000000
0.000000
0.000000
0.000000
0.000000
0.000000
0.000000
0.000000
0.000000
0.000000
0.000000
0.000000
0.000000
0.000000
0.000000
0.000000
0.000000
0.000000
0.000000
0.000000
0.000000
0.000000
0.000000
0.000000
0.000000
0.000000
0.000000
0.000000
0.000000
0.000000
0.000000
0.000000
0.000000
0.000000
0.000000
0.000000
0.000000
0.000000
0.000000
0.000000
0.000000
0.000000
0.000000
0.000000
0.000000
0.000000
0.000000
0.000000
0.000000
0.000000
0.000000
0.000000
0.000000
0.000000
0.000000
0.000000
0.000000
0.000000
0.000000
0.000000
0.000000
0.000000
0.000000
0.000000
0.000000
0.000000
0.000000
0.000000
0.000000
0.000000
0.000000
0.000000
0.000000
0.000000
0.000000
0.000000
0.000000
0.000000
0.000000
0.000000
0.000000
0.000000
0.000000
0.000000
0.000000
0.000000
0.000000
0.000000
0.000000
0.000000
0.000000
0.000000
0.000000
0.000000
0.000000
0.000000
0.000000
0.000000
0.000000
0.000000
0.000000
0.000000
0.000000
0.000000
0.000000
0.000000
0.000000
0.000000
0.000000
0.000000
0.000000
0.000000
0.000000
0.000000
0.000000
0.000000
0.000000
0.000000
0.000000
0.000000
0.000000
0.000000
0.000000
0.000000
0.000000
0.000000
0.000000
0.000000
0.000000
0.000000
0.000000
0.000000
0.000000
