1.800000
1.800000
1.800000
1.800000
1.800000
1.800000
1.800000
1.800000
1.800000
1.800000
1.800000
1.800000
1.800000
1.800000
1.800000
1.800000
1.800000
1.800000
1.800000
1.800000
1.800000
2.014045
2.230119
2.442167
2.655066
2.866624
3.184435
3.395110
3.714622
4.035706
4.354302
4.674797
4.992542
5.311760
5.735301
5.999998
5.999998
5.999998
5.999998
5.999998
5.999998
5.999998
5.999998
5.999998
5.999998
5.999998
5.999998
5.999998
5.999998
5.999998
5.999998
5.999998
5.999998
5.999998
5.999998
5.999998
5.999998
5.999998
5.999998
5.999998
5.999998
5.999998
5.999998
5.999998
5.999998
5.999998
5.824146
5.697933
5.608296
5.500524
5.392830
5.285487
5.213162
5.123792
5.016126
4.908426
4.818761
4.728769
4.639544
4.532094
4.459981
4.370568
4.280758
4.190699
4.101035
4.029217
3.939296
3.867661
3.777847
3.705767
3.634232
3.562408
3.490651
3.418694
3.347449
3.293376
3.221714
3.167830
3.096079
3.042602
2.988980
2.935130
2.881831
2.827547
2.774115
2.719625
2.665681
2.629811
2.575566
2.522211
2.486296
2.432229
2.396492
2.360672
2.306344
2.270946
2.234815
2.198449
2.162584
2.108696
2.072820
2.035258
2.017763
2.000000
2.000000
2.205209
2.624692
2.587754
2.587754
2.587754
2.587754
2.567988
2.528641
2.491608
2.455421
2.420135
2.384192
2.348205
2.311567
2.292925
2.273344
2.238692
2.202159
2.165555
2.129212
2.092818
2.055563
2.018569
2.000000
2.000000
2.000000
2.000000
2.000000
2.200000
2.200000
2.200000
2.307104
2.523865
3.000000
3.000000
3.000000
3.500000
3.500000
3.713358
4.139287
4.458080
4.883356
5.204112
5.628274
5.999998
5.999998
5.999998
5.999998
5.999998
5.999998
5.999998
5.999998
5.999998
5.999998
5.999998
5.999998
5.999998
5.999998
5.999998
5.999998
5.999998
5.999998
5.999998
5.999998
5.999998
5.999998
5.999998
5.999998
5.999998
5.999998
5.999998
5.999998
5.872442
5.764775
5.656948
5.549527
5.441504
5.333944
5.244402
5.137208
5.029887
4.922026
4.832601
4.743025
4.635470
4.545422
4.455607
4.365815
4.276128
4.186264
4.114747
4.024710
3.953070
3.881557
3.791721
3.719585
3.648051
3.576399
3.522543
3.448133
3.394828
3.323622
3.270000
3.198243
3.143893
3.090209
3.035748
3.018030
3.018030
3.018030
3.000000
3.376615
3.340662
3.287162
3.233251
3.179518
3.125668
3.071852
3.017852
3.000000
3.000000
3.000000
3.000000
3.000000
3.315095
3.633986
3.952550
4.477135
4.423041
4.351255
4.297595
4.225693
4.154465
4.082858
4.011273
3.957262
3.885521
3.813575
3.759737
3.687596
3.634007
3.561966
3.508016
3.435953
3.382254
3.328171
3.256553
3.202525
3.148959
3.095165
3.041348
2.987487
2.933543
2.879732
2.825899
2.772500
2.736691
2.682457
2.646932
2.610967
2.555787
2.520629
2.485410
2.431365
2.396274
2.360509
2.307049
2.271257
2.235564
2.200000
2.200000
2.200000
2.200000
2.200000
2.200000
2.200000
2.200000
2.200000
2.200000
2.200000
2.053994
2.017846
2.000000
2.000000
2.000000
2.000000
2.000000
2.000000
2.200000
2.071941
2.053822
2.017701
2.200000
2.200000
2.053972
2.017679
2.000000
2.200000
2.200000
2.200000
2.200000
2.200000
2.200000
2.200000
2.200000
2.200000
2.200000
2.200000
2.200000
2.200000
2.200000
2.200000
2.200000
2.071685
2.036126
2.000000
2.000000
2.000000
2.000000
2.000000
2.000000
2.000000
2.000000
2.000000
2.000000
2.000000
2.000000
2.000000
2.000000
2.000000
2.000000
2.000000
2.000000
2.000000
2.000000
2.000000
2.000000
2.000000
2.000000
2.000000
2.000000
2.000000
2.000000
2.200000
2.200000
2.200000
2.200000
2.200000
2.306908
2.517288
2.726849
3.000000
3.000000
3.000000
3.000000
3.211132
3.500000
3.604355
3.921119
4.239160
4.555368
4.978516
5.296098
5.839823
5.767843
5.695563
5.623583
5.552321
5.480314
5.408640
5.336867
5.247147
5.175624
5.086099
4.996668
4.924877
4.835324
4.745965
4.656050
4.566242
4.494323
4.404686
4.314911
4.224818
4.153161
4.063068
3.991194
3.919359
3.829372
3.757475
3.685997
3.614290
3.542560
3.488643
3.417148
3.345424
3.291986
3.237769
3.166456
3.112500
3.058645
3.004695
2.950768
2.896957
2.843134
2.788979
2.735240
2.681062
2.645547
2.591486
2.555782
2.501905
2.465973
2.412252
2.376504
2.340561
2.286762
2.251059
2.214877
2.178884
2.143064
2.107121
2.071017
2.035320
2.000000
2.000000
2.000000
2.000000
2.000000
2.000000
2.200000
2.412867
2.623508
2.835655
3.179512
3.125212
3.071223
3.035481
3.000000
3.000000
3.000000
3.000000
3.000000
3.000000
3.209169
3.500000
3.819448
4.240403
4.667478
4.981428
5.087452
5.298617
5.678086
5.606028
5.534794
5.463577
5.427406
5.355305
5.283637
5.211618
5.139732
5.085588
5.013636
4.924550
4.852186
4.780652
4.691243
4.601606
4.512147
4.422834
4.332768
4.332768
4.332768
4.332768
4.332768
4.332768
4.278841
4.189182
4.116835
4.027822
3.955936
3.884068
3.812244
3.740175
3.669108
3.579148
3.507419
3.452968
3.380972
3.310472
3.202427
3.149128
3.095640
3.024050
2.970194
2.916795
2.862661
2.808538
2.754672
2.718707
2.664918
2.610629
2.575093
2.521154
2.485033
2.395463
2.215077
2.035492
2.207729
2.592577
2.558153
2.521704
2.482964
2.444484
2.406278
2.368177
2.348912
2.312574
2.293427
2.256989
2.218515
2.199957
2.164303
2.127515
2.092273
2.074238
2.018781
2.000000
2.000000
2.000000
2.000000
2.000000
2.200000
2.200000
2.419706
2.639052
3.000000
3.109035
3.500000
3.608446
3.934438
4.254671
4.471660
4.471660
4.471660
4.471660
4.579320
5.006951
5.328788
5.542080
5.999998
5.999998
5.999998
5.999998
5.999998
5.999998
5.999998
5.999998
5.999998
5.999998
5.999998
5.999998
5.999998
5.999998
5.999998
5.999998
5.999998
5.839679
5.749519
5.713777
5.624179
5.516718
5.426832
5.355370
5.265366
5.157822
5.068402
5.014709
4.924866
4.834962
4.745136
4.655243
4.565646
4.457101
4.367809
4.278250
4.170400
4.080607
3.990553
3.901061
3.811614
3.721804
3.650253
3.560817
3.489204
3.399256
3.327237
3.255553
3.183924
3.111877
3.058222
2.986332
2.932704
2.860413
2.806853
2.753008
2.698880
2.645169
2.591492
2.483380
2.376031
2.322192
2.286033
2.250157
2.214693
2.178094
2.142546
2.107054
2.071279
2.035731
2.000000
2.200000
2.200000
2.449979
2.414515
2.378806
2.342975
2.289437
2.253755
2.217996
2.200000
2.200000
2.485793
2.450168
2.396930
2.360732
2.325190
2.289408
2.253449
2.200000
2.200000
2.200000
2.200000
2.469789
2.433702
2.397743
2.343943
2.307744
2.271696
2.235981
2.200000
2.200000
2.450518
2.414570
2.378839
2.324511
2.288696
2.253243
2.217885
2.200000
2.200000
2.200000
2.451364
2.415316
2.361344
2.325518
2.289370
2.253850
2.217974
2.200000
2.200000
2.486467
2.468509
2.414643
2.378472
2.342719
2.307027
2.253544
2.217535
2.200000
2.200000
2.469611
2.415633
2.379663
2.343959
2.307672
2.271813
2.217957
2.200000
2.200000
2.468242
2.432350
2.396791
2.342958
2.306993
2.271468
2.235642
2.200000
2.200000
2.200000
2.303636
2.522977
2.486856
2.451364
2.397598
2.361750
2.325552
2.289615
2.254017
2.200000
2.200000
2.054145
2.017924
2.000000
2.000000
2.000000
2.000000
2.000000
2.000000
2.000000
2.000000
2.000000
2.000000
2.000000
2.000000
2.000000
2.000000
2.000000
2.000000
2.000000
2.000000
2.000000
2.105239
2.316698
2.599035
2.564083
2.529526
2.492565
2.455793
2.416419
2.380637
2.342842
2.308062
2.273088
2.237963
2.201531
2.164832
2.146685
2.110192
2.073292
2.054690
2.018069
2.000000
2.000000
2.000000
2.000000
2.000000
2.200000
2.200000
2.200000
2.201792
2.165555
2.128884
2.090510
2.053772
2.017190
2.000000
2.307471
2.519300
2.501388
2.465078
2.426526
2.390534
2.353740
2.314916
2.276598
2.241618
2.203344
2.166167
2.147664
2.111177
2.073627
2.055352
2.018408
2.000000
2.108634
2.072074
2.054072
2.017768
2.000000
2.208253
2.439627
2.405087
2.368755
2.331193
2.294811
2.257044
2.221947
2.221947
2.165761
2.165761
2.148382
2.112134
2.093220
2.056148
2.018747
2.000000
2.000000
2.000000
2.000000
2.000000
2.000000
2.200000
2.200000
2.200000
2.422062
2.641833
3.000000
3.110017
3.608151
3.824585
4.332063
4.277101
4.222205
4.149468
4.094740
4.040634
3.968143
3.895646
3.841028
3.769449
3.698343
3.626364
3.553994
3.500000
3.383947
3.312190
3.239776
3.167858
3.113624
3.041717
2.987466
2.916043
2.861776
2.808288
2.754015
2.700343
2.646415
2.592360
2.538604
2.484348
2.430815
2.394928
2.340817
2.304986
2.250986
2.214749
2.179112
2.125434
2.089314
2.053505
2.017768
2.000000
2.000000
2.000000
2.000000
2.000000
2.000000
2.000000
2.000000
2.000000
2.200000
2.200000
2.200000
2.200000
2.200000
2.200000
2.200000
2.200000
2.200000
2.200000
2.200000
2.200000
2.200000
2.200000
2.125234
2.089264
2.053288
2.017907
2.000000
2.102686
2.398700
2.342108
2.325046
2.285816
2.246658
2.208412
2.172954
2.154001
2.115271
2.075206
2.056592
2.038435
2.000000
2.000000
2.200000
2.075073
2.056515
2.018797
2.000000
2.000000
2.229588
2.484533
2.446342
2.408959
2.370168
2.335166
2.296185
2.277366
2.239671
2.202811
2.162907
2.144416
2.109825
2.073393
2.036760
2.000000
2.000000
2.112284
2.074105
2.056253
2.018302
2.000000
2.225007
2.457808
2.439939
2.386763
2.350714
2.315484
2.280031
2.243104
2.204240
2.168086
2.131971
2.094070
2.055291
2.017373
2.000000
2.092919
2.056136
2.036571
2.000000
2.000000
2.105992
2.506188
2.468510
2.450180
2.412396
2.374590
2.337351
2.320111
2.285482
2.246018
2.207945
2.171902
2.134407
2.095533
2.056548
2.020027
2.000000
2.000000
2.200000
2.265539
2.208290
2.189070
2.151075
2.113697
2.075162
2.038018
2.000000
2.000000
2.000000
2.000000
2.000000
2.000000
2.000000
2.000000
2.000000
2.000000
2.000000
2.200000
2.200000
2.200000
2.307464
2.630315
3.000000
3.000000
3.000000
3.105239
3.500000
3.500000
3.819578
4.139222
4.459618
4.884010
5.164095
5.091999
5.019457
4.965496
4.894033
4.821208
4.767681
4.696758
4.623081
4.550668
4.478327
4.388345
4.316332
4.244737
4.154716
4.082798
3.993106
3.921015
3.849241
3.759477
3.687820
3.616041
3.544367
3.472543
3.401136
3.347053
3.275557
3.203405
3.149611
3.077765
3.023548
2.970032
2.898258
2.844074
2.790536
2.736230
2.682619
2.646755
2.592727
2.538977
2.503006
2.449234
2.395596
2.359525
2.323622
2.269978
2.233991
2.197965
2.162300
2.106592
2.070539
2.035320
2.000000
2.000000
2.105304
2.309794
2.527896
2.753241
2.718400
2.683080
2.629759
2.593410
2.555204
2.501215
2.465956
2.431265
2.379680
2.342002
2.306221
2.270389
2.270389
2.270389
2.270389
2.270389
2.270389
2.270389
2.270389
2.270389
2.270389
2.270389
2.270389
2.270389
2.270389
2.270389
2.270389
2.270389
2.270389
2.270389
2.270389
2.252922
2.199773
2.163908
2.127476
2.109430
2.072975
2.036627
2.000000
2.000000
2.000000
2.000000
2.000000
2.200000
2.108039
2.071863
2.035837
2.000000
2.000000
2.178589
2.141250
2.106482
2.088724
2.053555
2.018041
2.000000
2.000000
2.000000
2.000000
2.000000
2.000000
2.000000
2.200000
2.200000
2.200000
2.200000
2.414078
2.704816
2.650382
2.614495
2.596593
2.596593
2.596593
2.596593
2.596593
2.596593
2.560461
2.523695
2.469717
2.433408
2.379224
2.343204
2.289003
2.252966
2.217291
2.162785
2.126842
2.090015
2.053911
2.018191
2.000000
2.105468
2.309074
2.640018
2.605822
2.569095
2.532040
2.493177
2.456968
2.421159
2.382624
2.364689
2.326003
2.289922
2.254274
2.216635
2.198160
2.163513
2.128127
2.091478
2.054618
2.019092
2.000000
2.000000
2.000000
2.000000
2.000000
2.000000
2.000000
2.000000
2.000000
2.200000
2.200000
2.412114
2.836637
2.799365
2.743718
2.707414
2.652212
2.615424
2.579131
2.524518
2.488431
2.434008
2.397571
2.343065
2.306955
2.270662
2.216400
2.180330
2.143965
2.108072
2.070872
2.035436
2.000000
2.000000
2.216336
2.432638
2.632759
2.613811
2.577974
2.519863
2.501199
2.463816
2.426232
2.387830
2.349818
2.332022
2.295106
2.259709
2.241707
2.204952
2.167658
2.130514
2.093247
2.055663
2.018502
2.000000
2.000000
2.000000
2.000000
2.200000
2.200000
2.307497
2.522687
2.814819
2.760123
2.723630
2.705305
2.705305
2.705305
2.705305
2.650944
2.614762
2.559860
2.505755
2.469590
2.415156
2.379202
2.343015
2.288887
2.253389
2.217230
2.180820
2.126503
2.090215
2.054278
2.018046
2.000000
2.000000
2.208351
2.624024
2.569312
2.549597
2.497983
2.478190
2.441591
2.405148
2.348889
2.331856
2.296319
2.258129
2.223650
2.187462
2.169121
2.132288
2.094688
2.056910
2.018714
2.000000
2.000000
2.000000
2.000000
2.000000
2.000000
2.000000
2.000000
2.000000
2.000000
2.200000
2.200000
2.200000
2.307857
2.779738
2.742766
2.706446
2.651505
2.614890
2.578458
2.524146
2.488115
2.433597
2.397226
2.361139
2.306660
2.270701
2.234352
2.180074
2.144382
2.107360
2.071790
2.035881
2.000000
2.000000
2.104486
2.312346
2.646666
2.610056
2.573279
2.534683
2.496320
2.458497
2.440746
2.404826
2.368377
2.331461
2.294717
2.259370
2.222598
2.185443
2.166946
2.130369
2.092880
2.055574
2.018441
2.000000
2.000000
2.000000
2.000000
2.000000
2.200000
2.200000
2.415386
2.814090
2.777747
2.777747
2.777747
2.741237
2.705005
2.650365
2.613911
2.577579
2.523495
2.487291
2.433074
2.397098
2.342998
2.307005
2.271029
2.216896
2.180692
2.144338
2.108123
2.072180
2.035987
2.000000
2.103603
2.207991
2.623106
2.588888
2.554631
2.515456
2.476310
2.459248
2.407145
2.368632
2.331894
2.294589
2.274762
2.255258
2.219060
2.201843
2.165411
2.128750
2.092057
2.055385
2.018775
2.000000
2.000000
2.000000
2.000000
2.000000
2.000000
2.000000
2.000000
2.200000
2.200000
2.200000
2.415517
2.816822
2.779833
2.725093
2.688522
2.633888
2.597600
2.543105
2.506879
2.452417
2.416180
2.361957
2.325970
2.289388
2.235710
2.199517
2.163246
2.126981
2.090822
2.054373
2.017112
2.000000
2.101312
2.320266
2.421283
2.604031
2.584566
2.548974
2.511117
2.474696
2.437430
2.401232
2.365400
2.347365
2.292786
2.256482
2.238814
2.204463
2.167864
2.149845
2.112979
2.074605
2.037261
2.000000
2.000000
2.000000
2.000000
2.000000
2.200000
2.200000
2.309559
2.529821
2.819008
2.782114
2.763556
2.763556
2.763556
2.707998
2.653514
2.616776
2.561986
2.525637
2.470947
2.434198
2.379575
2.343438
2.289521
2.253506
2.217052
2.162790
2.126458
2.090165
2.053894
2.036098
2.000000
2.000000
2.109427
2.320004
2.643150
2.608776
2.571371
2.534460
2.495964
2.457312
2.439984
2.403896
2.366613
2.331761
2.293793
2.257061
2.221152
2.184325
2.147887
2.111110
2.073437
2.036660
2.000000
2.000000
2.000000
2.000000
2.000000
2.000000
2.000000
2.000000
2.000000
2.000000
2.200000
2.200000
2.416597
2.796855
2.760223
2.705138
2.668940
2.614156
2.577740
2.523718
2.487330
2.433013
2.396831
2.360688
2.306510
2.270518
2.234358
2.198048
2.144310
2.107900
2.071985
2.036076
2.000000
2.000000
2.102523
2.209136
2.646643
2.627357
2.590646
2.554353
2.516163
2.479881
2.442887
2.425191
2.387135
2.350063
2.313586
2.276465
2.240389
2.203806
2.166929
2.130291
2.093208
2.055591
2.018681
2.000000
2.000000
2.000000
2.000000
2.000000
2.200000
2.200000
2.200000
2.416106
2.796505
2.760157
2.760157
2.760157
2.723881
2.687259
2.633086
2.596637
2.542320
2.506266
2.451415
2.415483
2.379241
2.324835
2.288725
2.253061
2.198365
2.162445
2.126386
2.089598
2.053588
2.017918
2.000000
2.105239
2.305219
2.267574
2.231715
2.214247
2.176986
2.142668
2.107204
2.071462
2.035803
2.000000
2.000000
2.000000
2.000000
2.000000
2.000000
2.200000
2.200000
2.200000
2.200000
2.306057
2.519905
3.000000
3.000000
3.000000
3.104192
3.500000
3.712736
4.028355
4.347442
4.666399
5.092950
5.412953
5.999998
5.999998
5.999998
5.999998
5.999998
5.999998
5.999998
5.999998
5.999998
5.999998
5.999998
5.999998
5.999998
5.999998
5.999998
5.999998
5.999998
5.999998
5.999998
5.999998
5.999998
5.999998
5.999998
5.869851
5.780202
5.690210
5.582250
5.492502
5.385180
5.295393
5.187527
5.097595
4.989991
4.882063
4.774953
4.685739
4.578062
4.488225
4.380575
4.290604
4.182626
4.092678
4.003231
3.931329
3.841431
3.752028
3.680471
3.590712
3.518939
3.447087
3.375730
3.303801
3.249473
3.177549
3.124138
3.054150
3.000000
3.000000
3.000000
3.000000
3.000000
3.000000
3.000000
3.000000
3.000000
3.000000
3.000000
3.000000
3.000000
3.000000
3.000000
3.000000
3.000000
3.000000
3.000000
3.000000
3.000000
3.000000
3.000000
3.000000
3.000000
3.000000
3.000000
3.000000
3.000000
3.000000
3.000000
3.000000
3.000000
3.000000
3.000000
3.000000
3.000000
3.000000
3.000000
3.000000
2.863360
2.809616
2.755788
2.719718
2.666396
2.630337
2.576437
2.541090
2.487173
2.451080
2.397492
2.361733
2.325774
2.271768
2.236132
2.200000
2.522565
2.486862
2.450897
2.397008
2.361199
2.325702
2.289281
2.253377
2.217779
2.235915
2.200000
2.200000
2.271957
2.235909
2.200000
2.253683
2.217796
2.200000
2.253839
2.217968
2.290126
2.254067
2.217913
2.200000
2.200000
2.200000
2.200000
2.200000
2.200000
2.200000
2.409660
2.619712
3.000000
3.000000
3.017746
3.104388
3.500000
3.500000
3.602490
3.918633
4.238080
4.657989
4.974654
0.000000
0.000000
0.000000
0.000000
0.000000
0.000000
0.000000
0.000000
0.000000
0.000000
0.000000
0.000000
0.000000
0.000000
0.000000
0.000000
0.000000
0.000000
0.000000
0.000000
0.000000
0.000000
0.000000
0.000000
0.000000
0.000000
0.000000
0.000000
0.000000
0.000000
0.000000
0.000000
0.000000
0.000000
0.000000
0.000000
0.000000
0.000000
0.000000
0.000000
0.000000
0.000000
0.000000
0.000000
0.000000
0.000000
0.000000
0.000000
0.000000
0.000000
0.000000
0.000000
0.000000
0.000000
0.000000
0.000000
0.000000
0.000000
0.000000
0.000000
0.000000
0.000000
0.000000
0.000000
0.000000
0.000000
0.000000
0.000000
0.000000
0.000000
0.000000
0.000000
0.000000
0.000000
0.000000
0.000000
0.000000
0.000000
0.000000
0.000000
0.000000
0.000000
0.000000
0.000000
0.000000
0.000000
0.000000
0.000000
0.000000
0.000000
0.000000
0.000000
0.000000
0.000000
0.000000
0.000000
0.000000
0.000000
0.000000
0.000000
0.000000
0.000000
0.000000
0.000000
0.000000
0.000000
0.000000
0.000000
0.000000
0.000000
0.000000
0.000000
0.000000
0.000000
0.000000
0.000000
0.000000
0.000000
0.000000
0.000000
0.000000
0.000000
0.000000
0.000000
0.000000
0.000000
0.000000
0.000000
0.000000
0.000000
0.000000
0.000000
0.000000
0.000000
0.000000
0.000000
0.000000
0.000000
0.000000
0.000000
0.000000
0.000000
0.000000
0.000000
0.000000
0.000000
0.000000
0.000000
0.000000
0.000000
0.000000
0.000000
0.000000
0.000000
0.000000
0.000000
0.000000
0.000000
0.000000
0.000000
0.000000
0.000000
0.000000
0.000000
0.000000
0.000000
0.000000
0.000000
0.000000
0.000000
0.000000
0.000000
0.000000
0.000000
0.000000
0.000000
0.000000
0.000000
0.000000
0.000000
0.000000
0.000000
0.000000
0.000000
0.000000
0.000000
0.000000
0.000000
0.000000
0.000000
0.000000
0.000000
0.000000
0.000000
0.000000
0.000000
0.000000
0.000000
0.000000
0.000000
0.000000
0.000000
0.000000
0.000000
0.000000
0.000000
0.000000
0.000000
0.000000
0.000000
0.000000
0.000000
0.000000
0.000000
0.000000
0.000000
0.000000
0.000000
0.000000
0.000000
0.000000
0.000000
0.000000
0.000000
0.000000
0.000000
0.000000
0.000000
0.000000
0.000000
0.000000
0.000000
0.000000
0.000000
0.000000
0.000000
0.000000
0.000000
0.000000
0.000000
0.000000
0.000000
0.000000
0.000000
0.000000
0.000000
0.000000
0.000000
0.000000
0.000000
0.000000
0.000000
0.000000
0.000000
0.000000
0.000000
0.000000
0.000000
0.000000
0.000000
0.000000
0.000000
0.000000
0.000000
0.000000
0.000000
0.000000
0.000000
0.000000
0.000000
0.000000
0.000000
0.000000
0.000000
0.000000
0.000000
0.000000
0.000000
0.000000
0.000000
0.000000
0.000000
0.000000
0.000000
0.000000
0.000000
0.000000
0.000000
0.000000
0.000000
0.000000
0.000000
0.000000
0.000000
0.000000
0.000000
0.000000
0.000000
0.000000
0.000000
0.000000
0.000000
0.000000
0.000000
0.000000
0.000000
0.000000
0.000000
0.000000
0.000000
0.000000
0.000000
0.000000
0.000000
0.000000
0.000000
0.000000
0.000000
0.000000
0.000000
0.000000
0.000000
0.000000
0.000000
0.000000
0.000000
0.000000
0.000000
0.000000
0.000000
0.000000
0.000000
0.000000
0.000000
0.000000
0.000000
0.000000
0.000000
0.000000
0.000000
0.000000
0.000000
0.000000
0.000000
0.000000
0.000000
0.000000
0.000000
0.000000
0.000000
0.000000
0.000000
0.000000
0.000000
0.000000
0.000000
0.000000
0.000000
0.000000
0.000000
0.000000
0.000000
0.000000
0.000000
0.000000
0.000000
0.000000
0.000000
0.000000
0.000000
0.000000
0.000000
0.000000
0.000000
0.000000
0.000000
0.000000
0.000000
0.000000
0.000000
0.000000
0.000000
0.000000
0.000000
0.000000
0.000000
0.000000
0.000000
0.000000
0.000000
0.000000
0.000000
0.000000
0.000000
0.000000
0.000000
0.000000
0.000000
0.000000
0.000000
0.000000
0.000000
0.000000
0.000000
0.000000
0.000000
0.000000
0.000000
0.000000
0.000000
0.000000
0.000000
0.000000
0.000000
0.000000
0.000000
0.000000
0.000000
0.000000
0.000000
0.000000
0.000000
0.000000
0.000000
0.000000
0.000000
0.000000
0.000000
0.000000
0.000000
0.000000
0.000000
0.000000
0.000000
0.000000
0.000000
0.000000
0.000000
0.000000
0.000000
0.000000
0.000000
0.000000
0.000000
0.000000
0.000000
0.000000
0.000000
0.000000
0.000000
0.000000
0.000000
0.000000
0.000000
0.000000
0.000000
0.000000
0.000000
0.000000
0.000000
0.000000
0.000000
0.000000
0.000000
0.000000
0.000000
0.000000
0.000000
0.000000
0.000000
0.000000
0.000000
0.000000
0.000000
0.000000
0.000000
0.000000
0.000000
0.000000
0.000000
0.000000
0.000000
0.000000
0.000000
0.000000
0.000000
0.000000
0.000000
0.000000
0.000000
0.000000
0.000000
0.000000
0.000000
0.000000
0.000000
0.000000
0.000000
0.000000
0.000000
0.000000
0.000000
0.000000
0.000000
0.000000
0.000000
0.000000
0.000000
0.000000
0.000000
0.000000
0.000000
0.000000
0.000000
0.000000
0.000000
0.000000
0.000000
0.000000
0.000000
0.000000
0.000000
0.000000
0.000000
0.000000
0.000000
0.000000
0.000000
0.000000
0.000000
0.000000
0.000000
0.000000
0.000000
0.000000
0.000000
0.000000
0.000000
0.000000
0.000000
0.000000
0.000000
0.000000
0.000000
0.000000
0.000000
0.000000
0.000000
0.000000
0.000000
0.000000
0.000000
0.000000
0.000000
0.000000
0.000000
0.000000
0.000000
0.000000
0.000000
0.000000
0.000000
0.000000
0.000000
0.000000
0.000000
0.000000
0.000000
0.000000
0.000000
0.000000
0.000000
0.000000
0.000000
0.000000
0.000000
0.000000
0.000000
0.000000
0.000000
0.000000
0.000000
0.000000
0.000000
0.000000
0.000000
0.000000
0.000000
0.000000
0.000000
0.000000
0.000000
0.000000
0.000000
0.000000
0.000000
0.000000
0.000000
0.000000
0.000000
0.000000
0.000000
0.000000
0.000000
0.000000
0.000000
0.000000
0.000000
0.000000
0.000000
0.000000
0.000000
0.000000
0.000000
0.000000
0.000000
0.000000
0.000000
0.000000
0.000000
0.000000
0.000000
0.000000
0.000000
0.000000
0.000000
0.000000
0.000000
0.000000
0.000000
0.000000
0.000000
0.000000
0.000000
0.000000
0.000000
0.000000
0.000000
0.000000
0.000000
0.000000
0.000000
0.000000
0.000000
0.000000
0.000000
0.000000
0.000000
0.000000
0.000000
0.000000
0.000000
0.000000
0.000000
0.000000
0.000000
0.000000
0.000000
0.000000
0.000000
0.000000
0.000000
0.000000
0.000000
0.000000
0.000000
0.000000
0.000000
0.000000
0.000000
0.000000
0.000000
0.000000
0.000000
0.000000
0.000000
0.000000
0.000000
0.000000
0.000000
0.000000
0.000000
0.000000
0.000000
0.000000
0.000000
0.000000
0.000000
0.000000
0.000000
0.000000
0.000000
0.000000
0.000000
0.000000
0.000000
0.000000
0.000000
0.000000
0.000000
0.000000
0.000000
0.000000
0.000000
0.000000
0.000000
0.000000
0.000000
0.000000
0.000000
0.000000
0.000000
0.000000
0.000000
0.000000
0.000000
0.000000
0.000000
0.000000
0.000000
0.000000
0.000000
0.000000
0.000000
0.000000
0.000000
0.000000
0.000000
0.000000
0.000000
0.000000
0.000000
0.000000
0.000000
0.000000
0.000000
0.000000
0.000000
0.000000
0.000000
0.000000
0.000000
0.000000
0.000000
0.000000
0.000000
0.000000
0.000000
0.000000
0.000000
0.000000
0.000000
0.000000
0.000000
0.000000
0.000000
0.000000
0.000000
0.000000
0.000000
0.000000
0.000000
0.000000
0.000000
0.000000
0.000000
0.000000
0.000000
0.000000
0.000000
0.000000
0.000000
0.000000
0.000000
0.000000
0.000000
0.000000
0.000000
0.000000
0.000000
0.000000
0.000000
0.000000
0.000000
0.000000
0.000000
0.000000
0.000000
0.000000
0.000000
0.000000
0.000000
0.000000
0.000000
0.000000
0.000000
0.000000
0.000000
0.000000
0.000000
0.000000
0.000000
0.000000
0.000000
0.000000
0.000000
0.000000
0.000000
0.000000
0.000000
0.000000
0.000000
0.000000
0.000000
0.000000
0.000000
0.000000
0.000000
0.000000
0.000000
0.000000
0.000000
0.000000
0.000000
0.000000
0.000000
0.000000
0.000000
0.000000
0.000000
0.000000
0.000000
0.000000
0.000000
0.000000
0.000000
0.000000
0.000000
0.000000
0.000000
0.000000
0.000000
0.000000
0.000000
0.000000
0.000000
0.000000
0.000000
0.000000
0.000000
0.000000
0.000000
0.000000
0.000000
0.000000
0.000000
0.000000
0.000000
0.000000
0.000000
0.000000
0.000000
0.000000
0.000000
0.000000
0.000000
0.000000
0.000000
0.000000
0.000000
0.000000
0.000000
0.000000
0.000000
0.000000
0.000000
0.000000
0.000000
0.000000
0.000000
0.000000
0.000000
0.000000
0.000000
0.000000
0.000000
0.000000
0.000000
0.000000
0.000000
0.000000
0.000000
0.000000
0.000000
0.000000
0.000000
0.000000
0.000000
0.000000
0.000000
0.000000
0.000000
0.000000
0.000000
0.000000
0.000000
0.000000
0.000000
0.000000
0.000000
0.000000
0.000000
0.000000
0.000000
0.000000
0.000000
0.000000
0.000000
0.000000
0.000000
0.000000
0.000000
0.000000
0.000000
0.000000
0.000000
0.000000
0.000000
0.000000
0.000000
0.000000
0.000000
0.000000
0.000000
0.000000
0.000000
0.000000
0.000000
0.000000
0.000000
0.000000
0.000000
0.000000
0.000000
0.000000
0.000000
0.000000
0.000000
0.000000
0.000000
0.000000
0.000000
0.000000
0.000000
0.000000
0.000000
0.000000
0.000000
0.000000
0.000000
0.000000
0.000000
0.000000
0.000000
0.000000
0.000000
0.000000
0.000000
0.000000
0.000000
0.000000
0.000000
0.000000
0.000000
0.000000
0.000000
0.000000
0.000000
0.000000
0.000000
0.000000
0.000000
0.000000
0.000000
0.000000
0.000000
0.000000
0.000000
0.000000
0.000000
0.000000
0.000000
0.000000
0.000000
0.000000
0.000000
0.000000
0.000000
0.000000
0.000000
0.000000
0.000000
0.000000
0.000000
0.000000
0.000000
0.000000
0.000000
0.000000
0.000000
0.000000
0.000000
0.000000
0.000000
0.000000
0.000000
0.000000
0.000000
0.000000
0.000000
0.000000
0.000000
0.000000
0.000000
0.000000
0.000000
0.000000
0.000000
0.000000
0.000000
0.000000
0.000000
0.000000
0.000000
0.000000
0.000000
0.000000
0.000000
0.000000
0.000000
0.000000
0.000000
0.000000
0.000000
0.000000
0.000000
0.000000
0.000000
0.000000
0.000000
0.000000
0.000000
0.000000
0.000000
0.000000
0.000000
0.000000
0.000000
0.000000
0.000000
0.000000
0.000000
0.000000
0.000000
0.000000
0.000000
0.000000
0.000000
0.000000
0.000000
0.000000
0.000000
0.000000
0.000000
0.000000
0.000000
0.000000
0.000000
0.000000
0.000000
0.000000
0.000000
0.000000
0.000000
0.000000
0.000000
0.000000
0.000000
0.000000
0.000000
0.000000
0.000000
0.000000
0.000000
0.000000
0.000000
0.000000
0.000000
0.000000
0.000000
0.000000
0.000000
0.000000
0.000000
0.000000
0.000000
0.000000
0.000000
0.000000
0.000000
0.000000
0.000000
0.000000
0.000000
0.000000
0.000000
0.000000
0.000000
0.000000
0.000000
0.000000
0.000000
0.000000
0.000000
0.000000
0.000000
0.000000
0.000000
0.000000
0.000000
0.000000
0.000000
0.000000
0.000000
0.000000
0.000000
0.000000
0.000000
0.000000
0.000000
0.000000
0.000000
0.000000
0.000000
0.000000
0.000000
0.000000
0.000000
0.000000
0.000000
0.000000
0.000000
0.000000
0.000000
0.000000
0.000000
0.000000
0.000000
0.000000
0.000000
0.000000
0.000000
0.000000
0.000000
0.000000
0.000000
0.000000
0.000000
0.000000
0.000000
0.000000
0.000000
0.000000
0.000000
0.000000
0.000000
0.000000
0.000000
0.000000
0.000000
0.000000
0.000000
0.000000
0.000000
0.000000
0.000000
0.000000
0.000000
0.000000
0.000000
0.000000
0.000000
0.000000
0.000000
0.000000
0.000000
0.000000
0.000000
0.000000
0.000000
0.000000
0.000000
0.000000
