1.800000
1.800000
1.800000
1.800000
1.800000
1.800000
1.800000
1.800000
1.800000
1.800000
1.800000
1.800000
1.800000
1.800000
1.800000
1.800000
1.800000
1.800000
1.800000
1.800000
1.800000
1.800000
1.800000
1.800000
1.800000
1.800000
1.800000
1.800000
1.800000
2.013194
2.122327
2.336045
2.550220
2.870846
3.085382
3.298281
3.617630
3.936685
4.254627
4.682422
4.999022
5.319680
5.637917
5.999998
5.999998
5.999998
5.999998
5.999998
5.999998
5.999998
5.999998
5.999998
5.999998
5.999998
5.999998
5.999998
5.999998
5.999998
5.999998
5.999998
5.999998
5.999998
5.999998
5.999998
5.999998
5.999998
5.823363
5.690792
5.532917
5.401245
5.268886
5.137812
4.979945
4.848012
4.689466
4.530275
4.371476
4.239584
4.107381
3.975088
3.843262
3.711214
3.579502
3.500000
3.607890
4.135786
4.558967
4.739240
4.633224
4.502142
4.370528
4.238930
4.106694
4.001259
3.869473
3.763539
3.658447
3.552578
3.713030
4.133921
4.333995
4.228396
4.123378
4.017771
3.912295
3.806852
3.700893
3.595229
3.516218
3.410137
3.304865
3.226304
3.147269
3.042030
2.962610
2.883508
2.804383
2.725364
2.672147
2.592834
2.513864
2.460901
2.381423
2.328918
2.249883
2.197206
2.144243
2.091730
2.038620
1.985755
1.933103
1.880001
1.826882
1.800000
1.800000
1.800000
1.800000
1.800000
1.800000
1.800000
1.800000
1.800000
1.800000
1.800000
1.800000
1.800000
1.800000
1.800000
1.800000
1.800000
1.800000
1.800000
1.800000
1.800000
1.800000
2.000000
2.000000
2.000000
2.000000
2.200000
2.307366
2.525338
2.742458
2.959874
3.500000
3.500000
3.824977
4.146879
4.469762
4.897687
5.220014
5.646173
5.999998
5.999998
5.999998
5.999998
5.999998
5.999998
5.999998
5.999998
5.999998
5.999998
5.999998
5.999998
5.999998
5.999998
5.999998
5.999998
5.999998
5.999998
5.999998
5.999998
5.999998
5.999998
5.999998
5.999998
5.999998
5.999998
5.999998
5.999998
5.999998
5.999998
5.999998
5.999998
5.999998
5.999998
5.999998
5.999998
5.999998
5.999998
5.786777
5.628918
5.496845
5.338627
5.179771
5.048959
4.890708
4.758914
4.599952
4.441611
4.309752
4.151656
3.993372
3.861325
3.729506
3.597312
3.465182
3.333126
3.227527
3.122010
3.016575
2.911066
2.805426
2.699746
2.621275
2.542689
2.438129
2.358676
2.279993
2.226203
2.200000
2.200000
2.200000
2.304454
2.596241
2.542861
2.464038
2.411001
2.331843
2.279289
2.200000
2.200000
2.200000
2.026743
2.000000
2.000000
2.200000
2.410707
2.621316
2.833004
3.079510
3.026596
3.000000
3.000000
3.107071
3.316993
3.500000
3.500000
3.712539
4.264357
4.185174
4.106719
4.001366
3.896094
3.816559
3.711500
3.631827
3.526089
3.758140
3.652999
3.573195
3.467841
3.388102
3.282806
3.203402
3.125054
3.044988
2.966026
2.886925
2.807881
2.729238
2.649622
2.597526
2.518114
2.465208
2.360207
2.306794
2.253487
2.200000
2.000000
2.000000
2.200000
2.200000
2.200000
2.052366
2.000000
2.000000
2.000000
2.000000
2.000000
2.000000
2.026784
2.026130
2.000000
2.200000
2.200000
2.026498
2.026645
2.000000
2.000000
2.000000
2.000000
2.000000
2.000000
2.000000
2.000000
2.000000
2.000000
2.000000
2.000000
2.026326
2.000000
2.000000
2.200000
2.200000
2.200000
2.052595
2.000000
2.000000
2.200000
2.200000
2.200000
2.052448
2.000000
2.000000
2.026293
2.000000
2.000000
2.000000
2.026383
2.200000
2.026424
2.000000
2.026383
2.200000
2.200000
2.200000
2.052791
2.026302
2.026056
2.000000
2.026539
2.000000
2.200000
2.200000
2.026310
2.000000
2.000000
2.000000
2.026441
2.000000
2.000000
2.000000
2.200000
2.052726
2.000000
2.000000
2.026424
2.000000
2.000000
2.000000
2.000000
2.200000
2.026424
2.000000
2.000000
2.000000
2.305141
2.517059
2.728126
3.052497
3.000000
3.315030
3.632612
3.948689
4.264340
4.581137
4.896461
5.319184
5.635195
5.999998
5.999998
5.999998
5.999998
5.999998
5.999998
5.999998
5.999998
5.999998
5.999998
5.999998
5.770360
5.664680
5.532902
5.427409
5.321851
5.190335
5.058139
4.952320
4.820468
4.688052
4.582494
4.451085
4.318849
4.186581
4.054680
3.923025
3.789898
3.658341
3.552587
3.818695
3.977950
3.872899
3.740786
3.635498
3.504015
3.397999
3.292997
3.187136
3.082045
3.002412
2.896650
2.817696
2.712301
2.632890
2.554001
2.474565
2.395881
2.343098
2.263613
2.184806
2.131663
2.078856
2.000000
1.852480
1.800000
1.800000
1.800000
1.800000
2.000000
2.200000
2.184299
2.131352
2.078267
2.026179
2.000000
2.000000
2.000000
2.000000
2.000000
2.000000
2.000000
2.000000
2.200000
2.408482
2.620530
2.936214
3.212237
3.132514
3.080279
3.000000
3.105992
3.419843
3.739814
3.950979
4.265813
4.689681
5.010176
5.431164
5.745899
5.999998
5.999998
5.999998
5.999998
5.999998
5.999998
5.999998
5.999998
5.999998
5.999998
5.758369
5.678475
5.547033
5.415828
5.310319
5.178574
5.125815
5.020421
4.888954
4.782676
4.651005
4.571446
4.439709
4.308226
4.176105
4.069983
3.965063
3.832647
3.727784
3.596170
3.464000
3.358188
3.253342
3.147899
2.988878
2.883222
2.777632
2.698915
2.592883
2.514027
2.434951
2.355106
2.276275
2.196846
2.117795
2.065085
1.985060
1.932694
1.800000
1.800000
1.800000
1.800000
1.800000
1.800000
1.800000
1.800000
1.800000
1.800000
1.800000
1.800000
1.800000
1.800000
1.800000
1.800000
1.800000
1.800000
1.800000
2.110017
2.327006
2.430413
2.748486
3.000000
3.000000
3.221146
3.440590
3.769364
4.100101
4.316599
4.644816
4.967765
5.292187
5.756042
5.675174
5.568307
5.568307
5.568307
5.568307
5.541359
5.460384
5.354262
5.300555
5.220325
5.113949
5.007908
4.901393
4.795885
4.715966
4.609762
4.503942
4.398875
4.292883
4.187244
4.081530
3.948812
3.843704
3.738457
3.605525
3.500000
4.027773
3.922542
3.790585
3.684397
3.552897
3.815619
4.238505
4.659526
5.185688
5.713027
5.774283
5.669086
5.536727
5.404467
5.272762
5.140600
5.034338
4.902945
4.770898
4.638565
4.506501
4.374338
4.241775
4.110096
3.978801
3.846631
3.715008
3.610350
3.504400
3.399193
3.294036
3.188380
3.083215
2.977068
2.898409
2.792041
2.712825
2.633503
2.554190
2.475048
2.395694
2.343270
2.264014
2.211329
2.026253
2.000000
2.000000
2.157465
2.104584
2.051940
2.000000
2.000000
1.852137
1.800000
1.800000
1.800000
1.800000
2.000000
2.200000
2.131933
2.079117
2.026138
2.000000
1.852570
1.800000
1.800000
1.800000
1.800000
2.000000
2.000000
2.131696
2.078733
2.025884
2.000000
2.000000
1.826048
1.800000
1.800000
1.800000
2.000000
2.000000
2.158505
2.106237
2.053282
2.000000
2.000000
1.852300
1.800000
1.800000
1.800000
1.800000
2.000000
2.200000
2.131974
2.079011
2.026277
2.000000
2.000000
1.826056
1.800000
1.800000
1.800000
2.000000
2.000000
2.158587
2.105877
2.052767
2.000000
2.000000
1.851801
1.800000
1.800000
1.800000
1.800000
2.000000
2.000000
2.158447
2.105165
2.052464
2.000000
2.000000
1.826122
1.800000
1.800000
1.800000
1.800000
2.000000
2.158636
2.105705
2.053323
2.000000
2.000000
1.853118
1.800000
1.800000
1.800000
1.800000
2.000000
2.159216
2.132547
2.079314
2.026441
2.000000
2.000000
1.852611
1.800000
1.800000
1.800000
2.000000
2.200000
2.158128
2.105525
2.052922
2.000000
2.000000
2.000000
2.000000
2.000000
2.000000
2.000000
2.000000
2.000000
2.000000
2.000000
2.000000
2.000000
2.000000
2.000000
2.000000
2.000000
2.000000
2.000000
2.000000
2.000000
2.000000
2.000000
2.000000
2.000000
2.000000
1.852587
1.825982
2.000000
1.826326
1.800000
1.800000
1.800000
1.800000
1.800000
1.800000
1.800000
1.800000
1.800000
1.800000
1.800000
1.800000
1.800000
1.800000
1.800000
1.800000
1.800000
2.000000
2.200000
2.200000
2.200000
2.026899
2.200000
2.443451
2.389433
2.335807
2.281559
2.227656
2.174685
2.120993
2.067253
2.013865
1.960967
1.907349
1.853078
1.826743
1.800000
1.800000
1.800000
1.800000
1.800000
1.800000
1.800000
1.800000
1.800000
1.800000
1.800000
1.800000
1.800000
1.800000
1.800000
1.800000
1.800000
1.800000
2.000000
2.000000
1.938052
1.883306
1.827749
1.800000
1.800000
1.800000
1.800000
1.800000
1.800000
1.800000
1.800000
1.800000
1.800000
1.800000
1.800000
1.800000
1.800000
1.800000
1.800000
1.800000
1.800000
1.800000
2.000000
2.000000
2.000000
2.000000
2.200000
2.200000
2.420982
2.640590
2.972669
3.194207
3.522850
3.825379
3.743930
3.661949
3.581089
3.500000
3.526400
3.609493
3.766230
3.659494
3.579649
3.345201
3.265781
3.185935
3.105779
3.000000
3.000000
3.526220
3.500000
3.500000
3.500000
3.526433
3.500000
3.552906
3.685133
3.605460
3.526228
3.578986
3.500000
3.290806
3.185141
3.105746
3.026212
2.872319
2.792466
2.713340
2.660541
2.581309
2.502306
2.449040
2.370250
2.317451
2.237908
2.185452
2.132301
2.079109
2.026433
2.000000
2.000000
1.826261
1.800000
1.800000
1.800000
1.800000
1.800000
1.800000
1.800000
1.800000
2.000000
1.958472
1.905730
1.853176
1.826342
1.800000
1.800000
1.800000
1.800000
1.800000
1.800000
1.800000
1.800000
1.800000
1.800000
1.800000
1.800000
1.800000
1.800000
1.800000
1.800000
1.800000
2.000000
1.934976
1.877620
1.851368
1.800000
1.800000
1.800000
1.800000
1.800000
1.800000
1.800000
1.800000
1.800000
1.800000
1.800000
1.800000
1.800000
1.800000
1.800000
1.800000
1.800000
1.800000
1.800000
1.800000
1.959944
1.905861
1.880549
1.826580
1.800000
1.800000
1.800000
1.800000
1.800000
1.800000
1.800000
1.800000
1.800000
1.800000
1.800000
1.800000
1.800000
1.800000
1.800000
1.800000
1.800000
1.800000
1.800000
2.000000
1.932449
1.904167
1.852644
1.800000
1.800000
1.800000
1.800000
1.800000
1.800000
1.800000
1.800000
1.800000
1.800000
1.800000
1.800000
1.800000
1.800000
1.800000
1.800000
1.800000
1.800000
1.800000
2.000000
2.000000
2.200000
2.169533
2.112929
2.056317
2.000000
1.855712
1.827995
1.800000
1.800000
1.800000
1.800000
1.800000
1.800000
1.800000
1.800000
1.800000
1.800000
1.800000
1.800000
2.000000
2.000000
2.200000
2.416041
2.634307
3.000000
3.216041
3.608806
3.824356
4.147403
4.469337
4.788130
5.109869
5.537238
5.999998
5.999998
5.999998
5.999998
5.999998
5.999998
5.999998
5.999998
5.999998
5.999998
5.785557
5.679860
5.548082
5.442181
5.336655
5.204484
5.098812
4.966568
4.861329
4.756065
4.623829
4.491920
4.386861
4.254536
4.122275
3.990833
3.858311
3.726664
3.621392
3.489288
3.357837
3.252083
3.120493
3.014714
2.909132
2.803795
2.724686
2.618915
2.539904
2.434256
2.355343
2.275850
2.196855
2.117983
2.038285
1.985902
1.932105
1.879363
1.800000
1.800000
1.800000
1.800000
1.800000
1.800000
1.800000
1.800000
2.000000
2.000000
1.852734
1.826555
1.800000
1.800000
1.800000
1.800000
1.800000
1.800000
1.800000
1.800000
1.800000
1.800000
1.800000
2.000000
2.000000
2.000000
2.000000
2.200000
2.203579
2.149324
2.095755
2.041990
1.988176
1.934379
1.880533
1.826678
1.800000
1.800000
1.800000
1.800000
1.800000
1.800000
1.800000
1.800000
2.000000
2.000000
2.000000
2.000000
2.000000
2.200000
2.200000
2.411623
2.731987
2.970652
2.917288
2.863056
2.810036
2.730035
2.676401
2.596949
2.570705
2.570705
2.570705
2.570705
2.570705
2.570705
2.544027
2.490090
2.437127
2.357855
2.304123
2.224801
2.171788
2.118384
2.039332
1.986565
1.933201
1.880598
1.852587
1.800000
1.800000
1.800000
1.800000
1.800000
1.800000
1.800000
1.800000
1.800000
1.800000
1.800000
1.800000
1.800000
1.800000
1.800000
1.800000
1.800000
1.800000
2.000000
2.000000
2.000000
2.000000
2.000000
2.200000
2.200000
2.417873
2.628744
2.964913
3.298566
3.216496
3.161994
3.080979
2.999579
2.972558
2.918883
2.838481
2.757867
2.677972
2.624044
2.544240
2.491023
2.411071
2.357830
2.277714
2.224596
2.171707
2.092311
2.038669
1.985829
1.932898
1.879314
1.826269
1.800000
1.800000
1.800000
1.800000
1.800000
1.800000
1.800000
1.800000
1.800000
1.800000
1.800000
1.800000
1.800000
1.800000
1.800000
1.800000
1.800000
1.800000
1.800000
2.000000
2.053797
2.000000
2.000000
2.000000
2.200000
2.308577
2.528446
2.746942
3.072770
3.268133
3.187298
3.132764
3.051741
2.998418
2.916945
2.836568
2.783105
2.703137
2.623071
2.542391
2.489591
2.409541
2.356676
2.303975
2.223933
2.170946
2.118040
2.065240
2.011983
1.932915
1.906098
1.852816
1.800000
1.800000
1.800000
1.800000
1.800000
1.800000
1.800000
1.800000
1.800000
1.800000
1.800000
1.800000
1.800000
1.800000
1.800000
1.800000
1.800000
1.800000
1.800000
2.000000
2.000000
2.000000
2.000000
2.000000
2.200000
2.417088
2.853424
3.071232
3.240057
3.185727
3.105432
3.051095
2.970595
2.944195
2.863245
2.783048
2.730142
2.649307
2.570075
2.516539
2.436538
2.357364
2.303795
2.250751
2.171756
2.118376
2.065666
2.012736
1.959486
1.906163
1.853315
1.800000
1.800000
1.800000
1.800000
1.800000
1.800000
1.800000
1.800000
1.800000
1.800000
1.800000
1.800000
1.800000
1.800000
1.800000
1.800000
1.800000
1.800000
2.000000
2.000000
2.054280
2.000000
2.000000
2.000000
2.000000
2.309231
2.526025
2.743800
3.068516
3.241446
3.160071
3.078958
3.025201
2.944350
2.863580
2.809913
2.729463
2.649372
2.596147
2.516220
2.462701
2.382921
2.329638
2.250038
2.196887
2.143892
2.091092
2.038285
1.958897
1.932350
1.879166
1.826285
1.800000
1.800000
1.800000
1.800000
1.800000
1.800000
1.800000
1.800000
1.800000
1.800000
1.800000
1.800000
1.800000
1.800000
1.800000
1.800000
1.800000
1.800000
2.000000
2.000000
2.000000
2.000000
2.000000
2.000000
2.308806
2.526778
2.853653
3.296806
3.242035
3.187526
3.106314
3.025520
2.971780
2.917712
2.863841
2.783382
2.703095
2.622963
2.570082
2.490466
2.437381
2.357462
2.304049
2.224604
2.171199
2.118375
2.065600
1.985902
1.932980
1.879747
1.852988
1.800000
1.800000
1.800000
1.800000
1.800000
1.800000
1.800000
1.800000
1.800000
1.800000
1.800000
1.800000
1.800000
1.800000
1.800000
1.800000
1.800000
1.800000
2.000000
2.000000
2.391032
2.337635
2.282382
2.227741
2.200000
2.200000
2.420393
2.642881
2.975221
3.224938
3.170012
3.088358
3.005821
2.978506
2.897523
2.815207
2.734797
2.681220
2.600066
2.519983
2.466161
2.385825
2.332796
2.279023
2.199096
2.146133
2.092818
2.039463
1.986778
1.933504
1.879968
1.827439
1.800000
1.800000
1.800000
1.800000
1.800000
1.800000
1.800000
1.800000
1.800000
1.800000
1.800000
1.800000
1.800000
1.800000
1.800000
1.800000
1.800000
1.800000
1.800000
1.800000
2.000000
2.200000
2.200000
2.200000
2.200000
2.200000
2.419346
2.855224
3.077057
3.245358
3.163025
3.108835
3.027574
2.946526
2.919840
2.839259
2.758031
2.704945
2.624437
2.543896
2.490770
2.410139
2.357102
2.277134
2.223958
2.171093
2.118195
2.064905
1.985305
1.932661
1.879273
1.852284
1.800000
1.800000
1.800000
1.800000
1.800000
1.800000
1.800000
1.800000
1.800000
1.800000
1.800000
1.800000
1.800000
1.800000
1.800000
1.800000
1.800000
1.800000
1.800000
2.000000
2.000000
2.000000
2.000000
2.000000
2.000000
2.200000
2.419281
2.637841
2.853719
3.267758
3.213936
3.132936
3.078681
2.998263
2.917313
2.837034
2.782999
2.703432
2.623341
2.570362
2.490434
2.437095
2.357266
2.304270
2.251233
2.171510
2.118645
2.065699
2.012580
1.959421
1.906474
1.853348
1.800000
1.800000
1.800000
1.800000
1.800000
1.800000
1.800000
1.800000
1.800000
1.800000
1.800000
2.000000
2.000000
2.000000
2.000000
2.000000
2.200000
2.307399
2.519971
2.733623
2.948060
3.266428
3.477429
3.798415
4.117796
4.434659
4.752241
5.067990
5.594676
5.999998
5.999998
5.999998
5.999998
5.999998
5.999998
5.999998
5.999998
5.999998
5.999998
5.999998
5.999998
5.999998
5.999998
5.999998
5.999998
5.999998
5.999998
5.999998
5.999998
5.999998
5.999998
5.999998
5.999998
5.795710
5.663352
5.531566
5.399919
5.267414
5.108721
4.977312
4.845404
4.712726
4.554238
4.422410
4.290330
4.131965
3.999959
3.868255
3.710225
3.578757
3.607661
4.133037
4.769403
4.636717
4.478180
4.346329
4.214388
4.082103
3.976945
3.845609
3.713120
3.608094
3.476005
3.370030
3.264938
3.159069
3.080385
3.000000
3.000000
3.000000
3.000000
2.835033
2.756022
2.676643
2.597239
2.544268
2.464758
2.411729
2.332342
2.279845
2.200000
2.464619
2.411787
2.332105
2.279117
2.200000
2.200000
2.305362
2.226596
2.384291
2.331647
2.252513
2.200000
2.158185
2.105419
2.052578
2.000000
2.200000
2.237867
2.185125
2.132162
2.078896
2.026293
2.200000
2.305558
2.252890
2.200000
2.200000
2.305460
2.252996
2.200000
2.410642
2.702159
2.648967
2.569506
2.516502
2.463441
2.384626
2.331688
2.278790
2.200000
2.200000
2.200000
2.200000
2.200000
2.200000
2.252333
2.200000
2.278618
2.225868
2.200000
2.621586
2.569015
2.516257
2.463498
2.384790
2.331778
2.279085
2.226588
2.411296
2.358398
2.306065
2.252816
2.200000
2.252922
2.200000
2.200000
2.648566
2.595873
2.542746
2.489988
2.410830
2.358153
2.305517
2.252448
2.200000
2.279788
2.226498
2.200000
2.200000
2.226514
2.358112
2.305983
2.252988
2.200000
2.200000
2.200000
2.411918
2.616378
2.563718
2.510788
2.431761
2.378707
2.326391
2.274401
2.222265
2.169400
2.090806
2.038096
1.984610
1.958406
1.905304
0.000000
0.000000
0.000000
0.000000
0.000000
0.000000
0.000000
0.000000
0.000000
0.000000
0.000000
0.000000
0.000000
0.000000
0.000000
0.000000
0.000000
0.000000
0.000000
0.000000
0.000000
0.000000
0.000000
0.000000
0.000000
0.000000
0.000000
0.000000
0.000000
0.000000
0.000000
0.000000
0.000000
0.000000
0.000000
0.000000
0.000000
0.000000
0.000000
0.000000
0.000000
0.000000
0.000000
0.000000
0.000000
0.000000
0.000000
0.000000
0.000000
0.000000
0.000000
0.000000
0.000000
0.000000
0.000000
0.000000
0.000000
0.000000
0.000000
0.000000
0.000000
0.000000
0.000000
0.000000
0.000000
0.000000
0.000000
0.000000
0.000000
0.000000
0.000000
0.000000
0.000000
0.000000
0.000000
0.000000
0.000000
0.000000
0.000000
0.000000
0.000000
0.000000
0.000000
0.000000
0.000000
0.000000
0.000000
0.000000
0.000000
0.000000
0.000000
0.000000
0.000000
0.000000
0.000000
0.000000
0.000000
0.000000
0.000000
0.000000
0.000000
0.000000
0.000000
0.000000
0.000000
0.000000
0.000000
0.000000
0.000000
0.000000
0.000000
0.000000
0.000000
0.000000
0.000000
0.000000
0.000000
0.000000
0.000000
0.000000
0.000000
0.000000
0.000000
0.000000
0.000000
0.000000
0.000000
0.000000
0.000000
0.000000
0.000000
0.000000
0.000000
0.000000
0.000000
0.000000
0.000000
0.000000
0.000000
0.000000
0.000000
0.000000
0.000000
0.000000
0.000000
0.000000
0.000000
0.000000
0.000000
0.000000
0.000000
0.000000
0.000000
0.000000
0.000000
0.000000
0.000000
0.000000
0.000000
0.000000
0.000000
0.000000
0.000000
0.000000
0.000000
0.000000
0.000000
0.000000
0.000000
0.000000
0.000000
0.000000
0.000000
0.000000
0.000000
0.000000
0.000000
0.000000
0.000000
0.000000
0.000000
0.000000
0.000000
0.000000
0.000000
0.000000
0.000000
0.000000
0.000000
0.000000
0.000000
0.000000
0.000000
0.000000
0.000000
0.000000
0.000000
0.000000
0.000000
0.000000
0.000000
0.000000
0.000000
0.000000
0.000000
0.000000
0.000000
0.000000
0.000000
0.000000
0.000000
0.000000
0.000000
0.000000
0.000000
0.000000
0.000000
0.000000
0.000000
0.000000
0.000000
0.000000
0.000000
0.000000
0.000000
0.000000
0.000000
0.000000
0.000000
0.000000
0.000000
0.000000
0.000000
0.000000
0.000000
0.000000
0.000000
0.000000
0.000000
0.000000
0.000000
0.000000
0.000000
0.000000
0.000000
0.000000
0.000000
0.000000
0.000000
0.000000
0.000000
0.000000
0.000000
0.000000
0.000000
0.000000
0.000000
0.000000
0.000000
0.000000
0.000000
0.000000
0.000000
0.000000
0.000000
0.000000
0.000000
0.000000
0.000000
0.000000
0.000000
0.000000
0.000000
0.000000
0.000000
0.000000
0.000000
0.000000
0.000000
0.000000
0.000000
0.000000
0.000000
0.000000
0.000000
0.000000
0.000000
0.000000
0.000000
0.000000
0.000000
0.000000
0.000000
0.000000
0.000000
0.000000
0.000000
0.000000
0.000000
0.000000
0.000000
0.000000
0.000000
0.000000
0.000000
0.000000
0.000000
0.000000
0.000000
0.000000
0.000000
0.000000
0.000000
0.000000
0.000000
0.000000
0.000000
0.000000
0.000000
0.000000
0.000000
0.000000
0.000000
0.000000
0.000000
0.000000
0.000000
0.000000
0.000000
0.000000
0.000000
0.000000
0.000000
0.000000
0.000000
0.000000
0.000000
0.000000
0.000000
0.000000
0.000000
0.000000
0.000000
0.000000
0.000000
0.000000
0.000000
0.000000
0.000000
0.000000
0.000000
0.000000
0.000000
0.000000
0.000000
0.000000
0.000000
0.000000
0.000000
0.000000
0.000000
0.000000
0.000000
0.000000
0.000000
0.000000
0.000000
0.000000
0.000000
0.000000
0.000000
0.000000
0.000000
0.000000
0.000000
0.000000
0.000000
0.000000
0.000000
0.000000
0.000000
0.000000
0.000000
0.000000
0.000000
0.000000
0.000000
0.000000
0.000000
0.000000
0.000000
0.000000
0.000000
0.000000
0.000000
0.000000
0.000000
0.000000
0.000000
0.000000
0.000000
0.000000
0.000000
0.000000
0.000000
0.000000
0.000000
0.000000
0.000000
0.000000
0.000000
0.000000
0.000000
0.000000
0.000000
0.000000
0.000000
0.000000
0.000000
0.000000
0.000000
0.000000
0.000000
0.000000
0.000000
0.000000
0.000000
0.000000
0.000000
0.000000
0.000000
0.000000
0.000000
0.000000
0.000000
0.000000
0.000000
0.000000
0.000000
0.000000
0.000000
0.000000
0.000000
0.000000
0.000000
0.000000
0.000000
0.000000
0.000000
0.000000
0.000000
0.000000
0.000000
0.000000
0.000000
0.000000
0.000000
0.000000
0.000000
0.000000
0.000000
0.000000
0.000000
0.000000
0.000000
0.000000
0.000000
0.000000
0.000000
0.000000
0.000000
0.000000
0.000000
0.000000
0.000000
0.000000
0.000000
0.000000
0.000000
0.000000
0.000000
0.000000
0.000000
0.000000
0.000000
0.000000
0.000000
0.000000
0.000000
0.000000
0.000000
0.000000
0.000000
0.000000
0.000000
0.000000
0.000000
0.000000
0.000000
0.000000
0.000000
0.000000
0.000000
0.000000
0.000000
0.000000
0.000000
0.000000
0.000000
0.000000
0.000000
0.000000
0.000000
0.000000
0.000000
0.000000
0.000000
0.000000
0.000000
0.000000
0.000000
0.000000
0.000000
0.000000
0.000000
0.000000
0.000000
0.000000
0.000000
0.000000
0.000000
0.000000
0.000000
0.000000
0.000000
0.000000
0.000000
0.000000
0.000000
0.000000
0.000000
0.000000
0.000000
0.000000
0.000000
0.000000
0.000000
0.000000
0.000000
0.000000
0.000000
0.000000
0.000000
0.000000
0.000000
0.000000
0.000000
0.000000
0.000000
0.000000
0.000000
0.000000
0.000000
0.000000
0.000000
0.000000
0.000000
0.000000
0.000000
0.000000
0.000000
0.000000
0.000000
0.000000
0.000000
0.000000
0.000000
0.000000
0.000000
0.000000
0.000000
0.000000
0.000000
0.000000
0.000000
0.000000
0.000000
0.000000
0.000000
0.000000
0.000000
0.000000
0.000000
0.000000
0.000000
0.000000
0.000000
0.000000
0.000000
0.000000
0.000000
0.000000
0.000000
0.000000
0.000000
0.000000
0.000000
0.000000
0.000000
0.000000
0.000000
0.000000
0.000000
0.000000
0.000000
0.000000
0.000000
0.000000
0.000000
0.000000
0.000000
0.000000
0.000000
0.000000
0.000000
0.000000
0.000000
0.000000
0.000000
0.000000
0.000000
0.000000
0.000000
0.000000
0.000000
0.000000
0.000000
0.000000
0.000000
0.000000
0.000000
0.000000
0.000000
0.000000
0.000000
0.000000
0.000000
0.000000
0.000000
0.000000
0.000000
0.000000
0.000000
0.000000
0.000000
0.000000
0.000000
0.000000
0.000000
0.000000
0.000000
0.000000
0.000000
0.000000
0.000000
0.000000
0.000000
0.000000
0.000000
0.000000
0.000000
0.000000
0.000000
0.000000
0.000000
0.000000
0.000000
0.000000
0.000000
0.000000
0.000000
0.000000
0.000000
0.000000
0.000000
0.000000
0.000000
0.000000
0.000000
0.000000
0.000000
0.000000
0.000000
0.000000
0.000000
0.000000
0.000000
0.000000
0.000000
0.000000
0.000000
0.000000
0.000000
0.000000
0.000000
0.000000
0.000000
0.000000
0.000000
0.000000
0.000000
0.000000
0.000000
0.000000
0.000000
0.000000
0.000000
0.000000
0.000000
0.000000
0.000000
0.000000
0.000000
0.000000
0.000000
0.000000
0.000000
0.000000
0.000000
0.000000
0.000000
0.000000
0.000000
0.000000
0.000000
0.000000
0.000000
0.000000
0.000000
0.000000
0.000000
0.000000
0.000000
0.000000
0.000000
0.000000
0.000000
0.000000
0.000000
0.000000
0.000000
0.000000
0.000000
0.000000
0.000000
0.000000
0.000000
0.000000
0.000000
0.000000
0.000000
0.000000
0.000000
0.000000
0.000000
0.000000
0.000000
0.000000
0.000000
0.000000
0.000000
0.000000
0.000000
0.000000
0.000000
0.000000
0.000000
0.000000
0.000000
0.000000
0.000000
0.000000
0.000000
0.000000
0.000000
0.000000
0.000000
0.000000
0.000000
0.000000
0.000000
0.000000
0.000000
0.000000
0.000000
0.000000
0.000000
0.000000
0.000000
0.000000
0.000000
0.000000
0.000000
0.000000
0.000000
0.000000
0.000000
0.000000
0.000000
0.000000
0.000000
0.000000
0.000000
0.000000
0.000000
0.000000
0.000000
0.000000
0.000000
0.000000
0.000000
0.000000
0.000000
0.000000
0.000000
0.000000
0.000000
0.000000
0.000000
0.000000
0.000000
0.000000
0.000000
0.000000
0.000000
0.000000
0.000000
0.000000
0.000000
0.000000
0.000000
0.000000
0.000000
0.000000
0.000000
0.000000
0.000000
0.000000
0.000000
0.000000
0.000000
0.000000
0.000000
0.000000
0.000000
0.000000
0.000000
0.000000
0.000000
0.000000
0.000000
0.000000
0.000000
0.000000
0.000000
0.000000
0.000000
0.000000
0.000000
0.000000
0.000000
0.000000
0.000000
0.000000
0.000000
0.000000
0.000000
0.000000
0.000000
0.000000
0.000000
0.000000
0.000000
0.000000
0.000000
0.000000
0.000000
0.000000
0.000000
0.000000
0.000000
0.000000
0.000000
0.000000
0.000000
0.000000
0.000000
0.000000
0.000000
0.000000
0.000000
0.000000
0.000000
0.000000
0.000000
0.000000
0.000000
0.000000
0.000000
0.000000
0.000000
0.000000
0.000000
0.000000
0.000000
0.000000
0.000000
0.000000
0.000000
0.000000
0.000000
0.000000
0.000000
0.000000
0.000000
0.000000
0.000000
0.000000
0.000000
0.000000
0.000000
0.000000
0.000000
0.000000
0.000000
0.000000
0.000000
0.000000
0.000000
0.000000
0.000000
0.000000
0.000000
0.000000
0.000000
0.000000
0.000000
0.000000
0.000000
0.000000
0.000000
0.000000
0.000000
0.000000
0.000000
0.000000
0.000000
0.000000
0.000000
0.000000
0.000000
0.000000
0.000000
0.000000
0.000000
0.000000
0.000000
0.000000
0.000000
0.000000
0.000000
0.000000
0.000000
0.000000
0.000000
0.000000
0.000000
0.000000
0.000000
0.000000
0.000000
0.000000
0.000000
0.000000
0.000000
0.000000
0.000000
0.000000
0.000000
0.000000
0.000000
0.000000
0.000000
0.000000
0.000000
0.000000
0.000000
0.000000
0.000000
0.000000
0.000000
0.000000
0.000000
0.000000
0.000000
0.000000
0.000000
0.000000
0.000000
0.000000
0.000000
0.000000
0.000000
0.000000
0.000000
0.000000
0.000000
0.000000
0.000000
0.000000
0.000000
0.000000
0.000000
0.000000
0.000000
0.000000
0.000000
0.000000
0.000000
0.000000
0.000000
0.000000
0.000000
0.000000
0.000000
0.000000
0.000000
0.000000
0.000000
0.000000
0.000000
0.000000
0.000000
0.000000
0.000000
0.000000
0.000000
0.000000
0.000000
0.000000
0.000000
0.000000
0.000000
0.000000
0.000000
0.000000
0.000000
0.000000
0.000000
0.000000
0.000000
0.000000
0.000000
0.000000
0.000000
0.000000
0.000000
0.000000
0.000000
0.000000
0.000000
0.000000
0.000000
0.000000
0.000000
0.000000
0.000000
0.000000
0.000000
0.000000
0.000000
0.000000
0.000000
0.000000
0.000000
0.000000
0.000000
0.000000
0.000000
0.000000
0.000000
0.000000
0.000000
0.000000
0.000000
0.000000
0.000000
0.000000
0.000000
0.000000
0.000000
0.000000
0.000000
0.000000
0.000000
0.000000
0.000000
0.000000
0.000000
0.000000
0.000000
0.000000
0.000000
0.000000
0.000000
0.000000
0.000000
0.000000
0.000000
0.000000
0.000000
0.000000
0.000000
0.000000
0.000000
0.000000
0.000000
0.000000
0.000000
0.000000
0.000000
0.000000
0.000000
0.000000
0.000000
0.000000
0.000000
0.000000
0.000000
0.000000
0.000000
0.000000
0.000000
0.000000
0.000000
0.000000
0.000000
0.000000
0.000000
0.000000
0.000000
0.000000
0.000000
0.000000
0.000000
0.000000
0.000000
0.000000
0.000000
0.000000
0.000000
0.000000
0.000000
0.000000
0.000000
0.000000
0.000000
0.000000
0.000000
0.000000
0.000000
0.000000
0.000000
0.000000
0.000000
0.000000
0.000000
0.000000
0.000000
0.000000
0.000000
0.000000
0.000000
0.000000
0.000000
0.000000
0.000000
0.000000
0.000000
0.000000
0.000000
0.000000
0.000000
0.000000
0.000000
0.000000
0.000000
0.000000
0.000000
0.000000
0.000000
0.000000
0.000000
