1.781407
1.781407
1.781407
1.781407
1.781407
1.781407
1.781407
1.781407
1.781407
1.781407
1.781407
1.781407
1.781407
1.781407
1.781407
1.781407
1.781407
1.781407
1.781407
1.781407
1.781407
1.781407
1.781407
1.781407
1.781407
1.781407
1.781407
1.781407
1.996663
2.105207
2.320724
2.532544
2.747865
3.066527
3.277561
3.597827
3.916718
4.229359
4.548905
4.864884
5.289570
5.570940
5.528740
5.486595
5.454834
5.412636
5.370527
5.327983
5.285970
5.243681
5.201671
5.148767
5.106292
5.064124
5.021904
4.969085
4.926865
4.873929
4.831833
4.779148
4.726270
4.684113
4.631484
4.578492
4.525918
4.473135
4.420125
4.367657
4.314998
4.261465
4.208862
4.156979
4.104389
4.062022
4.009121
3.956112
3.913660
3.871476
3.829262
3.776407
3.734492
3.702511
3.660304
3.617993
3.575822
3.544070
3.502027
3.470119
3.438638
3.396216
3.364690
3.332981
3.301344
3.259107
3.227703
3.195931
3.164245
3.132870
3.100928
3.069534
3.048312
3.016512
2.984956
2.952874
2.931915
2.900114
2.868448
2.837010
2.815831
2.784312
2.763238
2.731346
2.710402
2.678651
2.657433
2.626035
2.604741
2.573107
2.552246
2.520256
2.499234
2.478350
2.446578
2.425396
2.404519
2.383222
2.362086
2.330560
2.309342
2.288151
2.267011
2.245973
2.224824
2.203753
2.182758
2.161661
2.140391
2.119294
2.098135
2.077090
2.055833
2.034857
2.013633
1.992451
1.971387
1.950277
1.939642
1.918437
1.897680
1.876554
1.865987
1.844773
1.823669
1.813152
1.792036
1.781407
1.781407
1.781407
1.781407
1.781407
1.781407
1.781407
1.781407
1.781407
1.781407
1.781407
1.781407
1.781407
1.781407
1.781407
1.882130
2.103080
2.400000
2.400000
2.400000
2.400000
2.607991
3.000000
3.000000
3.100000
3.100000
3.100000
3.400000
3.726516
3.943866
4.270610
4.592348
4.914937
5.449346
5.981403
5.981403
5.981403
5.981403
5.981403
5.981403
5.981403
5.981403
5.981403
5.981403
5.981403
5.981403
5.981403
5.981403
5.981403
5.864899
5.822702
5.770044
5.727840
5.685441
5.632609
5.579796
5.527118
5.474207
5.421653
5.379495
5.315943
5.263219
5.210818
5.157979
5.105183
5.052443
4.999585
4.936291
4.883605
4.830613
4.777774
4.724956
4.661403
4.598152
4.545313
4.482206
4.418838
4.355442
4.292275
4.239568
4.176091
4.113157
4.060292
3.997031
3.944124
3.880680
3.827674
3.774973
3.722229
3.679993
3.627109
3.585108
3.542825
3.500730
3.458441
3.416411
3.384597
3.342341
3.310596
3.268491
3.236670
3.205157
3.173379
3.142027
3.110534
3.100000
3.100000
3.258496
3.226529
3.205559
3.205559
3.174184
3.142318
3.110612
3.100000
3.121156
3.100000
3.100000
3.100000
3.400000
3.484387
3.452770
3.421195
3.400000
3.400000
3.507530
3.928224
4.134123
4.102633
4.070842
4.039280
3.997057
3.954726
3.923161
3.891635
3.849641
3.818063
3.775882
3.744274
3.701946
3.670028
3.627863
3.585637
3.553895
3.511619
3.479838
3.437553
3.405876
3.363739
3.332141
3.300376
3.268837
3.226561
3.195006
3.163313
3.131758
3.100000
3.100000
3.100000
3.100000
3.100000
3.100000
3.100000
3.100000
3.100000
3.100000
3.000000
3.000000
3.000000
3.000000
3.000000
3.000000
3.000000
3.000000
3.000000
3.000000
3.000000
3.000000
3.000000
3.000000
3.000000
3.000000
3.000000
3.000000
3.100000
3.100000
3.100000
3.100000
3.000000
3.000000
3.000000
3.000000
3.000000
3.000000
3.000000
3.000000
3.000000
3.000000
3.000000
3.000000
3.000000
3.000000
3.000000
3.000000
3.000000
3.000000
3.000000
3.000000
3.000000
3.000000
3.000000
3.000000
3.000000
3.000000
3.000000
3.100000
3.100000
3.100000
3.100000
3.100000
3.400000
3.400000
3.713066
4.031336
4.345548
4.870289
4.828180
4.796510
4.764693
4.711756
4.679943
4.637523
4.595447
4.552982
4.511014
4.479154
4.437192
4.394760
4.352753
4.299970
4.257551
4.215740
4.162938
4.120462
4.078540
4.036150
3.983525
3.941380
3.899101
3.856894
3.814386
3.772362
3.729796
3.687677
3.655998
3.613876
3.571666
3.540025
3.497726
3.466142
3.423801
3.392095
3.360343
3.318058
3.286470
3.254872
3.223163
3.191523
3.159683
3.128255
3.096658
3.065010
3.033380
3.012231
2.980587
2.949215
2.917372
2.885794
2.864514
2.832814
2.811871
2.780156
2.748728
2.727219
2.695458
2.674538
2.642766
2.621666
2.590143
2.568978
2.548071
2.516329
2.494977
2.474001
2.442243
2.421071
2.400000
2.400000
2.400000
2.400000
2.610740
2.821414
3.100000
3.100000
3.173677
3.152485
3.120861
3.100000
3.000000
3.000000
3.000000
3.000000
3.100000
3.100000
3.100000
3.400000
3.400000
3.614208
4.095435
4.074230
4.042505
4.000000
4.008678
3.976936
3.945325
3.913596
3.882028
3.850240
3.807879
3.786779
3.786779
3.786779
3.786779
3.755083
3.723364
3.681078
3.670463
3.638911
3.596625
3.554199
3.511950
3.480286
3.438269
3.406557
3.364638
3.322225
3.290437
3.259009
3.217189
3.185263
3.153698
3.122002
3.079753
3.037565
3.005712
2.973879
2.942360
2.910700
2.878994
2.847419
2.815668
2.794636
2.762960
2.731346
2.710278
2.678537
2.657384
2.625881
2.594018
2.572928
2.551854
2.520230
2.499097
2.478092
2.446278
2.425132
2.393436
2.372182
2.351141
2.330001
2.298531
2.277571
2.256514
2.235508
2.214290
2.193033
2.171989
2.140201
2.129631
2.108256
2.087359
2.066344
2.045149
2.024170
2.002935
1.981842
1.960608
1.939645
1.929046
1.907982
1.886796
1.865654
1.855156
1.834023
1.812946
1.802425
1.781407
1.781407
1.781407
1.781407
1.781407
1.781407
1.781407
1.781407
1.781407
1.781407
1.781407
1.781407
1.781407
1.781407
1.781407
1.781407
1.781407
1.882359
2.098171
2.211983
2.427566
2.640858
2.847606
3.067901
3.284269
3.498739
3.706632
3.920088
4.139958
4.360351
4.691579
4.912234
5.238225
5.612134
5.580061
5.547393
5.504680
5.461900
5.451445
5.451445
5.409193
5.377313
5.345617
5.303217
5.271501
5.239458
5.197418
5.155002
5.112988
5.070742
5.028418
4.986492
4.933556
4.891296
4.859738
4.817678
4.764744
4.711898
4.669819
4.627635
4.574610
4.532535
4.479660
4.427004
4.395311
4.342263
4.300154
4.247684
4.194990
4.141870
4.089424
4.036811
3.994562
3.941776
3.888751
3.825333
3.783352
3.730628
3.677678
3.624790
3.572465
3.519417
3.466414
3.413742
3.360907
3.318605
3.265966
3.223985
3.181625
3.139664
3.097558
3.065964
3.023587
2.991969
2.960289
2.917909
2.886177
2.854651
2.823014
2.791282
2.759511
2.738168
2.706479
2.685304
2.653598
2.622072
2.600883
2.537720
2.442047
2.421607
2.400000
2.400000
2.400000
2.569138
2.547756
2.526162
2.504928
2.473945
2.452839
2.431621
2.410351
2.400000
2.558085
2.536998
2.515947
2.494467
2.473478
2.441948
2.420989
2.400000
2.400000
2.400000
2.559194
2.537848
2.516899
2.484829
2.464292
2.442508
2.410337
2.400000
2.589535
2.568412
2.537000
2.515308
2.494316
2.462983
2.441919
2.421074
2.400000
2.601198
2.580071
2.548333
2.527147
2.506204
2.474319
2.453094
2.431847
2.400000
2.400000
2.567564
2.536055
2.514689
2.483664
2.462580
2.441664
2.410472
2.400000
2.590709
2.569465
2.558951
2.526945
2.505687
2.484666
2.453218
2.431896
2.400000
2.400000
2.567928
2.536467
2.515759
2.483756
2.462954
2.441768
2.410233
2.400000
2.531161
2.509842
2.499266
2.467632
2.446322
2.425127
2.394056
2.371660
2.351044
2.319937
2.298582
2.277436
2.256483
2.235416
2.214332
2.193291
2.172171
2.150973
2.129749
2.108855
2.087646
2.066586
2.045590
2.024487
2.003328
1.982067
1.961098
1.940106
1.918708
1.897552
1.876645
1.855352
1.834203
1.813146
1.802628
1.781407
1.781407
1.781407
1.781407
1.781407
1.781407
1.781407
1.781407
1.781407
1.781407
1.781407
1.781407
1.781407
1.985700
2.218034
2.196191
2.175663
2.155289
2.134585
2.113842
2.092726
2.082277
2.060251
2.038584
2.027763
2.006365
1.984816
1.973825
1.952397
1.930845
1.909143
1.887637
1.866462
1.845123
1.823771
1.813152
1.791993
1.781407
1.781407
1.781407
1.781407
1.781407
1.781407
1.781407
1.781407
1.781407
1.781407
1.781407
1.781407
1.781407
1.781407
1.952162
1.940663
1.920247
1.909526
1.887942
1.866217
1.854979
1.834233
1.823935
1.803276
1.781407
1.781407
1.781407
1.781407
1.781407
1.781407
1.781407
1.781407
1.781407
1.781407
1.781407
1.781407
1.781407
1.781407
2.002651
2.400000
2.400000
2.615583
3.000000
3.000000
3.100000
3.100000
3.100000
3.400000
3.400000
3.400000
3.629383
3.606865
3.584806
3.551661
3.529707
3.507811
3.486106
3.464417
3.432086
3.410881
3.400000
3.334843
3.302826
3.271130
3.239238
3.196969
3.165217
3.122942
3.080771
3.049160
3.006475
2.964821
2.933240
2.891347
2.848773
2.806861
2.774943
2.732890
2.701017
2.669338
2.637488
2.605834
2.573981
2.542298
2.510589
2.478913
2.457797
2.426058
2.404964
2.373347
2.352208
2.331052
2.299346
2.278295
2.257335
2.236147
2.214988
2.193966
2.161985
2.140951
2.119982
2.098783
2.077581
2.066979
2.045895
2.024765
2.003675
1.982706
1.961733
1.940627
1.930221
1.909422
1.888358
1.867336
1.846390
1.834691
1.813335
1.792045
1.781407
1.781407
1.781407
1.781407
1.781407
1.781407
1.781407
1.781407
1.781407
1.781407
1.781407
1.781407
1.781407
1.943215
1.921565
1.899886
1.878301
1.867313
1.846471
1.836186
1.813450
1.791924
1.781407
1.781407
1.781407
1.781407
1.781407
1.781407
1.781407
1.781407
1.781407
1.781407
1.781407
1.781407
1.781407
1.781407
1.781407
1.781407
1.781407
1.920103
1.899683
1.878760
1.857434
1.846638
1.824690
1.802386
1.791708
1.781407
1.781407
1.781407
1.781407
1.781407
1.781407
1.781407
1.781407
1.781407
1.781407
1.781407
1.781407
1.781407
1.781407
1.781407
1.781407
1.909834
1.887395
1.877189
1.856426
1.836180
1.814225
1.792150
1.781407
1.781407
1.781407
1.781407
1.781407
1.781407
1.781407
1.781407
1.781407
1.781407
1.781407
1.781407
1.781407
1.781407
1.781407
2.001833
2.400000
2.400000
2.400000
2.554756
2.532344
2.510504
2.488390
2.467011
2.444916
2.422563
2.400000
2.400000
2.400000
2.400000
2.400000
2.400000
2.400000
2.400000
2.400000
2.400000
2.400000
2.614928
3.000000
3.000000
3.100000
3.100000
3.400000
3.400000
3.400000
3.607631
3.956832
3.924779
3.882432
3.850598
3.818856
3.786967
3.755468
3.723549
3.691945
3.660173
3.638887
3.607338
3.575423
3.543867
3.522797
3.480452
3.449074
3.417266
3.375105
3.343413
3.311687
3.280158
3.238036
3.195741
3.164062
3.121737
3.079586
3.037232
2.995077
2.963349
2.921217
2.889524
2.847429
2.815765
2.784141
2.741849
2.710160
2.678516
2.647062
2.615157
2.594125
2.562445
2.530743
2.499338
2.477980
2.446378
2.425291
2.404060
2.372351
2.351212
2.329879
2.308802
2.287695
2.256081
2.234987
2.213949
2.192889
2.171841
2.150800
2.129775
2.108747
2.087438
2.066259
2.045355
2.024026
2.013577
1.992467
1.971295
1.950162
1.928954
1.907870
1.897402
1.876184
1.855169
1.834167
1.823552
1.802412
1.781407
1.781407
1.781407
1.781407
1.781407
1.781407
1.781407
1.863877
1.843205
1.832842
1.812242
1.791901
1.781407
1.781407
1.781407
1.781407
1.781407
1.781407
1.781407
1.781407
1.781407
1.781407
1.881607
2.117154
2.094280
2.072169
2.050686
2.028250
2.018024
1.995288
1.973802
1.953278
1.932531
1.921915
1.900426
1.878897
1.868151
1.846481
1.824838
1.813872
1.792268
1.781407
1.781407
1.781407
1.781407
1.781407
1.781407
1.884159
2.100265
2.400000
2.400000
2.400000
2.406937
2.386246
2.364848
2.344068
2.322958
2.301616
2.280208
2.258657
2.237193
2.215848
2.184168
2.163114
2.141421
2.119909
2.098400
2.077031
2.055816
2.034877
2.013593
1.992474
1.971377
1.960850
1.939818
1.918296
1.897284
1.876250
1.855061
1.844442
1.823542
1.813074
1.791911
1.781407
1.781407
1.781407
1.781407
1.781407
1.781407
1.781407
1.781407
1.781407
1.781407
1.781407
1.781407
1.781407
1.781407
1.781407
1.982722
2.096469
2.400000
2.400000
2.561277
2.540949
2.509305
2.488287
2.467128
2.435072
2.413308
2.391589
2.358794
2.336532
2.314921
2.293222
2.282381
2.260790
2.239271
2.217811
2.196469
2.186095
2.163997
2.142351
2.131552
2.110288
2.088920
2.068019
2.057142
2.035571
2.014169
1.992719
1.971521
1.950532
1.929268
1.908050
1.886953
1.865929
1.844737
1.823561
1.802687
1.781407
1.781407
1.781407
1.781407
1.781407
1.781407
1.781407
1.781407
1.781407
1.781407
1.781407
1.781407
1.781407
1.781407
1.781407
1.884159
2.101313
2.400000
2.400000
2.400000
2.541614
2.518489
2.497559
2.476193
2.443437
2.421313
2.399509
2.377528
2.344618
2.323014
2.301331
2.279695
2.258241
2.236768
2.215226
2.193756
2.172518
2.151284
2.129880
2.108580
2.087379
2.076743
2.055529
2.034363
2.013014
2.002589
1.981662
1.960500
1.950008
1.928804
1.907844
1.886800
1.865634
1.855137
1.834138
1.813044
1.792016
1.781407
1.781407
1.781407
1.781407
1.781407
1.781407
1.781407
1.781407
1.781407
1.781407
1.781407
1.781407
1.781407
1.781407
1.884126
2.102163
2.400000
2.400000
2.400000
2.539490
2.517831
2.496776
2.464540
2.442769
2.420822
2.398943
2.366134
2.344121
2.322461
2.300808
2.279194
2.246938
2.225684
2.204368
2.182899
2.161959
2.140603
2.119173
2.098256
2.077015
2.066239
2.045116
2.024101
2.003148
1.981986
1.971269
1.950218
1.929327
1.918627
1.897177
1.886567
1.865710
1.844547
1.823257
1.812720
1.791872
1.781407
1.781407
1.781407
1.781407
1.781407
1.781407
1.781407
1.781407
1.781407
1.781407
1.781407
1.781407
1.781407
1.781407
1.883635
2.108675
2.400000
2.400000
2.400000
2.530881
2.508937
2.487611
2.465787
2.432818
2.410681
2.388527
2.366622
2.344763
2.312059
2.290301
2.268873
2.247420
2.225871
2.204421
2.183170
2.162090
2.140708
2.119467
2.098282
2.077077
2.055918
2.034743
2.013535
1.992552
1.982058
1.960899
1.939674
1.928984
1.907936
1.887058
1.876390
1.855284
1.834144
1.823598
1.802583
1.792016
1.781407
1.781407
1.781407
1.781407
1.781407
1.781407
1.781407
1.781407
1.781407
1.781407
1.781407
1.781407
1.781407
1.781407
1.896398
2.099840
2.400000
2.400000
2.400000
2.528276
2.505543
2.484838
2.463392
2.430589
2.408818
2.386920
2.364845
2.343627
2.312094
2.290428
2.269125
2.247662
2.226005
2.194034
2.172797
2.151448
2.130053
2.109064
2.087607
2.066478
2.045417
2.034775
2.013436
1.992176
1.971459
1.950398
1.939962
1.918633
1.897631
1.887186
1.866109
1.844730
1.834246
1.813214
1.802497
1.781407
1.781407
1.781407
1.781407
1.781407
1.781407
1.781407
1.781407
1.781407
1.781407
1.781407
1.781407
1.781407
1.781407
1.781407
1.894140
2.104192
2.400000
2.400000
2.400000
2.585628
2.564223
2.532455
2.510956
2.488557
2.466861
2.433895
2.411251
2.388979
2.366897
2.335375
2.314238
2.292831
2.271171
2.249351
2.227999
2.206261
2.173910
2.152447
2.131082
2.109612
2.098947
2.067267
2.056632
2.035260
2.014088
1.992994
1.982343
1.961141
1.939953
1.918889
1.908276
1.887045
1.876361
1.855425
1.834288
1.823715
1.813119
1.791954
1.781407
1.781407
1.781407
1.781407
1.781407
1.781407
1.781407
1.781407
1.781407
1.781407
1.781407
1.781407
1.781407
1.781407
1.781407
1.892111
2.100036
2.400000
2.400000
2.552897
2.530577
2.508053
2.486017
2.454331
2.432609
2.410743
2.377853
2.355558
2.333902
2.311957
2.290111
2.268608
2.236951
2.215377
2.194011
2.172885
2.151680
2.130207
2.109032
2.087850
2.066691
2.045430
2.024409
2.013810
1.992533
1.971456
1.950460
1.929229
1.918640
1.897481
1.887052
1.865824
1.855369
1.834066
1.823529
1.802547
1.791980
1.781407
1.781407
1.781407
1.781407
1.781407
1.781407
1.781407
1.781407
1.781407
1.781407
1.781407
1.781407
1.781407
1.781407
1.882457
2.112995
2.400000
2.400000
2.400000
2.538548
2.507743
2.486567
2.465212
2.443146
2.410066
2.388357
2.366504
2.344723
2.312232
2.290612
2.269007
2.247547
2.226284
2.204751
2.172738
2.151598
2.130380
2.109153
2.087814
2.066710
2.045551
2.034981
2.013914
1.992781
1.971478
1.950509
1.929294
1.918715
1.897582
1.876649
1.866014
1.844858
1.823738
1.813146
1.792075
1.781407
1.781407
1.781407
1.781407
1.781407
1.781407
1.781407
1.886122
2.102163
2.400000
2.400000
2.400000
2.607271
3.000000
3.100000
3.100000
3.100000
3.400000
3.400000
3.613718
3.932642
4.253725
4.571831
4.889609
5.310467
5.629424
5.981403
5.981403
5.981403
5.865930
5.823704
5.791935
5.738835
5.696615
5.664788
5.633213
5.590748
5.537912
5.495677
5.453467
5.411243
5.369030
5.347927
5.316315
5.263424
5.200101
5.147370
5.115752
5.084030
5.073346
5.073346
5.052318
5.052318
5.031250
5.020776
5.020776
5.020776
5.010170
5.010170
4.988962
4.988962
4.978350
4.978350
4.957603
4.957603
4.947043
4.936378
4.936378
4.936378
4.936378
4.936378
4.936378
4.936378
4.936378
4.936378
4.925940
4.925940
4.925940
4.925940
4.925940
4.925940
4.915278
4.915278
4.915278
4.915278
4.904778
4.904778
4.904778
4.904778
4.904778
4.904778
4.904778
4.904778
4.904778
4.904778
4.894286
4.894286
4.894286
4.894286
4.894286
4.883883
4.883883
4.883883
4.883883
4.873255
4.873255
4.873255
4.873255
4.873255
4.873255
4.862705
4.862705
4.862705
4.862705
4.862705
4.862705
4.862705
4.862705
4.862705
4.862705
4.862705
4.852004
4.852004
4.852004
4.852004
4.852004
4.852004
4.852004
4.852004
4.852004
4.852004
4.852004
4.852004
4.852004
4.852004
4.852004
4.852004
4.852004
4.852004
4.852004
4.852004
4.852004
4.852004
4.852004
4.852004
4.841513
4.841513
4.841513
4.841513
4.841513
4.841513
4.841513
4.841513
4.841513
4.841513
4.841513
4.841513
4.841513
4.841513
4.841513
4.841513
4.841513
4.841513
4.841513
4.841513
4.841513
4.841513
4.841513
4.841513
4.841513
4.841513
4.841513
4.841513
4.841513
4.841513
4.841513
4.841513
4.841513
4.841513
4.841513
4.841513
4.841513
4.841513
4.841513
4.841513
4.841513
4.841513
4.841513
4.841513
4.841513
4.841513
4.841513
4.841513
4.841513
4.841513
4.841513
4.841513
4.841513
4.841513
4.841513
4.841513
4.841513
4.841513
4.841513
4.841513
4.841513
4.841513
4.841513
4.841513
4.841513
4.841513
4.841513
4.841513
4.841513
4.841513
4.841513
4.841513
4.841513
4.841513
4.841513
4.841513
4.841513
4.841513
4.841513
4.841513
4.841513
4.841513
4.841513
4.841513
4.841513
4.841513
4.841513
4.841513
4.841513
4.841513
4.841513
4.841513
4.841513
4.841513
4.841513
4.841513
4.841513
4.841513
4.841513
4.841513
4.841513
4.841513
4.841513
4.841513
4.841513
4.841513
4.841513
4.841513
4.841513
4.841513
4.841513
4.841513
4.841513
4.841513
4.841513
4.841513
4.841513
4.841513
4.841513
4.841513
4.841513
4.831012
4.831012
4.831012
4.831012
4.831012
4.831012
4.831012
4.831012
4.831012
4.831012
4.831012
4.831012
4.831012
4.831012
4.831012
4.831012
4.831012
4.831012
4.831012
4.831012
4.831012
4.831012
4.831012
4.831012
4.831012
4.831012
4.831012
4.831012
4.831012
4.831012
4.831012
4.831012
4.831012
4.831012
4.831012
4.831012
4.831012
4.831012
4.831012
4.831012
4.831012
4.831012
4.831012
4.831012
4.831012
4.831012
4.831012
4.831012
4.831012
4.831012
4.831012
4.831012
4.831012
4.831012
4.831012
4.831012
4.831012
4.831012
4.831012
4.831012
4.831012
4.831012
4.831012
4.831012
4.831012
4.831012
4.831012
4.831012
4.831012
4.831012
4.831012
4.831012
4.831012
4.831012
4.831012
4.831012
4.831012
4.831012
4.831012
4.831012
4.831012
4.831012
4.831012
4.831012
4.831012
4.831012
4.831012
4.831012
4.831012
4.831012
4.831012
4.831012
4.831012
4.831012
4.831012
4.831012
4.831012
4.831012
4.831012
4.831012
4.831012
4.831012
4.831012
4.831012
4.831012
4.831012
4.831012
4.831012
4.831012
4.831012
4.831012
4.831012
4.831012
4.831012
4.831012
4.831012
4.831012
4.831012
4.831012
4.831012
4.831012
4.831012
4.831012
4.831012
4.831012
4.831012
4.831012
4.831012
4.831012
4.831012
4.831012
4.831012
4.831012
4.831012
4.831012
4.831012
4.831012
4.831012
4.831012
4.831012
4.831012
4.831012
4.831012
4.831012
4.831012
4.831012
4.831012
4.831012
4.831012
4.831012
4.831012
4.831012
4.831012
4.831012
4.831012
4.831012
4.831012
4.831012
4.831012
4.831012
4.831012
4.831012
4.831012
4.831012
4.831012
4.831012
4.831012
4.831012
4.831012
4.831012
4.831012
4.831012
4.831012
4.831012
4.831012
4.831012
4.831012
4.831012
4.831012
4.831012
4.831012
4.831012
4.831012
4.831012
4.831012
4.831012
4.831012
4.831012
4.831012
4.831012
4.831012
4.831012
4.831012
4.831012
4.831012
4.831012
4.831012
4.831012
4.831012
4.831012
4.831012
4.831012
4.831012
4.831012
4.831012
4.831012
4.831012
4.831012
4.831012
4.831012
4.831012
4.831012
4.831012
4.831012
4.831012
4.831012
4.831012
4.831012
4.831012
4.831012
4.831012
4.831012
4.831012
4.831012
4.831012
4.831012
4.831012
4.831012
4.831012
4.831012
4.831012
4.831012
4.831012
4.831012
4.831012
4.831012
4.831012
4.831012
4.831012
4.831012
4.831012
4.831012
4.831012
4.831012
4.831012
4.831012
4.831012
4.831012
4.831012
4.831012
4.831012
4.831012
4.831012
4.831012
4.831012
4.831012
4.831012
4.831012
4.831012
4.831012
4.831012
4.831012
4.831012
4.831012
4.831012
4.831012
4.831012
4.831012
4.831012
4.831012
4.831012
4.831012
4.831012
4.831012
4.831012
4.820452
4.820452
4.820452
4.820452
4.820452
4.820452
4.820452
4.820452
4.820452
4.820452
4.820452
4.820452
4.820452
4.820452
4.820452
4.820452
4.820452
4.820452
4.820452
4.820452
4.820452
4.820452
4.820452
4.820452
4.820452
4.820452
4.820452
4.820452
4.820452
4.820452
4.820452
4.820452
4.820452
4.820452
4.820452
4.809941
4.809941
4.809941
4.809941
4.809941
4.809941
4.809941
4.809941
4.809941
4.809941
4.809941
4.809941
4.809941
4.809941
4.809941
4.809941
4.809941
4.809941
4.809941
4.809941
4.809941
4.809941
4.809941
4.809941
4.809941
4.809941
4.809941
4.799365
4.799365
4.799365
4.799365
4.799365
4.799365
4.799365
4.799365
4.799365
4.799365
4.799365
4.799365
4.799365
4.799365
4.799365
4.799365
4.799365
4.799365
4.799365
4.799365
4.799365
4.799365
4.799365
4.799365
4.799365
4.799365
4.799365
4.799365
4.799365
4.799365
4.799365
4.799365
4.799365
4.799365
4.799365
4.799365
4.799365
4.799365
4.799365
4.799365
4.799365
4.799365
4.799365
4.799365
4.799365
4.799365
4.799365
4.799365
4.799365
4.799365
4.799365
4.799365
4.799365
4.799365
4.799365
4.799365
4.799365
4.799365
4.799365
4.799365
4.799365
4.799365
4.799365
4.799365
4.799365
4.799365
4.799365
4.799365
4.799365
4.799365
4.799365
4.799365
4.799365
4.799365
4.799365
4.799365
4.799365
4.799365
4.799365
4.799365
4.799365
4.799365
4.799365
4.799365
4.799365
4.799365
4.799365
4.799365
4.799365
4.799365
4.799365
4.799365
4.799365
4.799365
4.778065
0.000000
0.000000
0.000000
0.000000
0.000000
0.000000
0.000000
0.000000
0.000000
0.000000
0.000000
0.000000
0.000000
0.000000
0.000000
0.000000
0.000000
0.000000
0.000000
0.000000
0.000000
0.000000
0.000000
0.000000
0.000000
0.000000
0.000000
0.000000
0.000000
0.000000
0.000000
0.000000
0.000000
0.000000
0.000000
0.000000
0.000000
0.000000
0.000000
0.000000
0.000000
0.000000
0.000000
0.000000
0.000000
0.000000
0.000000
0.000000
0.000000
0.000000
0.000000
0.000000
0.000000
0.000000
0.000000
0.000000
0.000000
0.000000
0.000000
0.000000
0.000000
0.000000
0.000000
0.000000
0.000000
0.000000
0.000000
0.000000
0.000000
0.000000
0.000000
0.000000
0.000000
0.000000
0.000000
0.000000
0.000000
0.000000
0.000000
0.000000
0.000000
0.000000
0.000000
0.000000
0.000000
0.000000
0.000000
0.000000
0.000000
0.000000
0.000000
0.000000
0.000000
0.000000
0.000000
0.000000
0.000000
0.000000
0.000000
0.000000
0.000000
0.000000
0.000000
0.000000
0.000000
0.000000
0.000000
0.000000
0.000000
0.000000
0.000000
0.000000
0.000000
0.000000
0.000000
0.000000
0.000000
0.000000
0.000000
0.000000
0.000000
0.000000
0.000000
0.000000
0.000000
0.000000
0.000000
0.000000
0.000000
0.000000
0.000000
0.000000
0.000000
0.000000
0.000000
0.000000
0.000000
0.000000
0.000000
0.000000
0.000000
0.000000
0.000000
0.000000
0.000000
0.000000
0.000000
0.000000
0.000000
0.000000
0.000000
0.000000
0.000000
0.000000
0.000000
0.000000
0.000000
0.000000
0.000000
0.000000
0.000000
0.000000
0.000000
0.000000
0.000000
0.000000
0.000000
0.000000
0.000000
0.000000
0.000000
0.000000
0.000000
0.000000
0.000000
0.000000
0.000000
0.000000
0.000000
0.000000
0.000000
0.000000
0.000000
0.000000
0.000000
0.000000
0.000000
0.000000
0.000000
0.000000
0.000000
0.000000
0.000000
0.000000
0.000000
0.000000
0.000000
0.000000
0.000000
0.000000
0.000000
0.000000
0.000000
0.000000
0.000000
0.000000
0.000000
0.000000
0.000000
0.000000
0.000000
0.000000
0.000000
0.000000
0.000000
0.000000
0.000000
0.000000
0.000000
0.000000
0.000000
0.000000
0.000000
0.000000
0.000000
0.000000
0.000000
0.000000
0.000000
0.000000
0.000000
0.000000
0.000000
0.000000
0.000000
0.000000
0.000000
0.000000
0.000000
0.000000
0.000000
0.000000
0.000000
0.000000
0.000000
0.000000
0.000000
0.000000
0.000000
0.000000
0.000000
0.000000
0.000000
0.000000
0.000000
0.000000
0.000000
0.000000
0.000000
0.000000
0.000000
0.000000
0.000000
0.000000
0.000000
0.000000
0.000000
0.000000
0.000000
0.000000
0.000000
0.000000
0.000000
0.000000
0.000000
0.000000
0.000000
0.000000
0.000000
0.000000
0.000000
0.000000
0.000000
0.000000
0.000000
0.000000
0.000000
0.000000
0.000000
0.000000
0.000000
0.000000
0.000000
0.000000
0.000000
0.000000
0.000000
0.000000
0.000000
0.000000
0.000000
0.000000
0.000000
0.000000
0.000000
0.000000
0.000000
0.000000
0.000000
0.000000
0.000000
0.000000
0.000000
0.000000
0.000000
0.000000
0.000000
0.000000
0.000000
0.000000
0.000000
0.000000
0.000000
0.000000
0.000000
0.000000
0.000000
0.000000
0.000000
0.000000
0.000000
0.000000
0.000000
0.000000
0.000000
0.000000
0.000000
0.000000
0.000000
0.000000
0.000000
0.000000
0.000000
0.000000
0.000000
0.000000
0.000000
0.000000
0.000000
0.000000
0.000000
0.000000
0.000000
0.000000
0.000000
0.000000
0.000000
0.000000
0.000000
0.000000
0.000000
0.000000
0.000000
0.000000
0.000000
0.000000
0.000000
0.000000
0.000000
0.000000
0.000000
0.000000
0.000000
0.000000
0.000000
0.000000
0.000000
0.000000
0.000000
0.000000
0.000000
0.000000
0.000000
0.000000
0.000000
0.000000
0.000000
0.000000
0.000000
0.000000
0.000000
0.000000
0.000000
0.000000
0.000000
0.000000
0.000000
0.000000
0.000000
0.000000
0.000000
0.000000
0.000000
0.000000
0.000000
0.000000
0.000000
0.000000
0.000000
0.000000
0.000000
0.000000
0.000000
0.000000
0.000000
0.000000
0.000000
0.000000
0.000000
0.000000
0.000000
0.000000
0.000000
0.000000
0.000000
0.000000
0.000000
0.000000
0.000000
0.000000
0.000000
0.000000
0.000000
0.000000
0.000000
0.000000
0.000000
0.000000
0.000000
0.000000
0.000000
0.000000
0.000000
0.000000
0.000000
0.000000
0.000000
0.000000
0.000000
0.000000
0.000000
0.000000
0.000000
0.000000
0.000000
0.000000
0.000000
0.000000
0.000000
0.000000
0.000000
0.000000
0.000000
0.000000
0.000000
0.000000
0.000000
0.000000
0.000000
0.000000
0.000000
0.000000
0.000000
0.000000
0.000000
0.000000
0.000000
0.000000
0.000000
0.000000
0.000000
0.000000
0.000000
0.000000
0.000000
0.000000
0.000000
0.000000
0.000000
0.000000
0.000000
0.000000
0.000000
0.000000
0.000000
0.000000
0.000000
0.000000
0.000000
0.000000
0.000000
0.000000
0.000000
0.000000
0.000000
0.000000
0.000000
0.000000
0.000000
0.000000
0.000000
0.000000
0.000000
0.000000
0.000000
0.000000
0.000000
0.000000
0.000000
0.000000
0.000000
0.000000
0.000000
0.000000
0.000000
0.000000
0.000000
0.000000
0.000000
0.000000
0.000000
0.000000
0.000000
0.000000
0.000000
0.000000
0.000000
0.000000
0.000000
0.000000
0.000000
0.000000
0.000000
0.000000
0.000000
0.000000
0.000000
0.000000
0.000000
0.000000
0.000000
0.000000
0.000000
0.000000
0.000000
0.000000
0.000000
0.000000
0.000000
0.000000
0.000000
0.000000
0.000000
0.000000
0.000000
0.000000
0.000000
0.000000
0.000000
0.000000
0.000000
0.000000
0.000000
0.000000
0.000000
0.000000
0.000000
0.000000
0.000000
0.000000
0.000000
0.000000
0.000000
0.000000
0.000000
0.000000
0.000000
0.000000
0.000000
0.000000
0.000000
0.000000
0.000000
0.000000
0.000000
0.000000
0.000000
0.000000
0.000000
0.000000
0.000000
0.000000
0.000000
0.000000
0.000000
0.000000
0.000000
0.000000
0.000000
0.000000
0.000000
0.000000
0.000000
0.000000
0.000000
0.000000
0.000000
0.000000
0.000000
0.000000
0.000000
0.000000
0.000000
0.000000
0.000000
0.000000
0.000000
0.000000
0.000000
0.000000
0.000000
0.000000
0.000000
0.000000
0.000000
0.000000
0.000000
0.000000
0.000000
0.000000
0.000000
0.000000
0.000000
0.000000
0.000000
0.000000
0.000000
0.000000
0.000000
0.000000
0.000000
0.000000
0.000000
0.000000
0.000000
0.000000
0.000000
0.000000
0.000000
0.000000
0.000000
0.000000
0.000000
0.000000
0.000000
0.000000
0.000000
0.000000
0.000000
0.000000
0.000000
0.000000
0.000000
0.000000
0.000000
0.000000
0.000000
0.000000
0.000000
0.000000
0.000000
0.000000
0.000000
0.000000
0.000000
0.000000
0.000000
0.000000
0.000000
0.000000
0.000000
0.000000
0.000000
0.000000
0.000000
0.000000
0.000000
0.000000
0.000000
0.000000
0.000000
0.000000
0.000000
0.000000
0.000000
0.000000
0.000000
0.000000
0.000000
0.000000
0.000000
0.000000
0.000000
0.000000
0.000000
0.000000
0.000000
0.000000
0.000000
0.000000
0.000000
0.000000
0.000000
0.000000
0.000000
0.000000
0.000000
0.000000
0.000000
0.000000
0.000000
0.000000
0.000000
0.000000
0.000000
0.000000
0.000000
0.000000
0.000000
0.000000
0.000000
0.000000
0.000000
0.000000
0.000000
0.000000
0.000000
0.000000
0.000000
0.000000
0.000000
0.000000
0.000000
0.000000
0.000000
0.000000
0.000000
0.000000
0.000000
0.000000
0.000000
0.000000
0.000000
0.000000
0.000000
0.000000
0.000000
0.000000
0.000000
0.000000
0.000000
0.000000
0.000000
0.000000
0.000000
0.000000
0.000000
0.000000
0.000000
0.000000
0.000000
0.000000
0.000000
0.000000
0.000000
0.000000
0.000000
0.000000
0.000000
0.000000
0.000000
0.000000
0.000000
0.000000
0.000000
0.000000
0.000000
0.000000
0.000000
0.000000
0.000000
0.000000
0.000000
0.000000
0.000000
0.000000
0.000000
0.000000
0.000000
0.000000
0.000000
0.000000
0.000000
0.000000
0.000000
0.000000
0.000000
0.000000
0.000000
0.000000
0.000000
0.000000
0.000000
0.000000
0.000000
0.000000
0.000000
0.000000
0.000000
0.000000
0.000000
0.000000
0.000000
0.000000
0.000000
0.000000
0.000000
0.000000
0.000000
0.000000
0.000000
0.000000
0.000000
0.000000
0.000000
0.000000
0.000000
0.000000
0.000000
0.000000
0.000000
0.000000
0.000000
0.000000
0.000000
0.000000
0.000000
0.000000
0.000000
0.000000
0.000000
0.000000
0.000000
0.000000
0.000000
0.000000
0.000000
0.000000
0.000000
0.000000
0.000000
0.000000
0.000000
0.000000
0.000000
0.000000
0.000000
0.000000
0.000000
0.000000
0.000000
0.000000
0.000000
0.000000
0.000000
0.000000
0.000000
0.000000
0.000000
0.000000
0.000000
0.000000
0.000000
0.000000
0.000000
0.000000
0.000000
0.000000
0.000000
0.000000
0.000000
0.000000
0.000000
0.000000
0.000000
0.000000
0.000000
0.000000
0.000000
0.000000
0.000000
0.000000
0.000000
0.000000
0.000000
0.000000
0.000000
0.000000
0.000000
0.000000
0.000000
0.000000
0.000000
0.000000
0.000000
0.000000
0.000000
0.000000
0.000000
0.000000
0.000000
0.000000
0.000000
0.000000
0.000000
0.000000
0.000000
0.000000
0.000000
0.000000
0.000000
0.000000
0.000000
0.000000
0.000000
0.000000
0.000000
0.000000
0.000000
0.000000
0.000000
0.000000
0.000000
0.000000
0.000000
0.000000
0.000000
0.000000
0.000000
0.000000
0.000000
0.000000
0.000000
0.000000
0.000000
0.000000
0.000000
0.000000
0.000000
0.000000
0.000000
0.000000
0.000000
0.000000
0.000000
0.000000
0.000000
0.000000
0.000000
0.000000
0.000000
0.000000
0.000000
0.000000
0.000000
0.000000
0.000000
0.000000
0.000000
0.000000
0.000000
0.000000
0.000000
0.000000
0.000000
0.000000
0.000000
0.000000
0.000000
0.000000
0.000000
0.000000
0.000000
0.000000
0.000000
0.000000
0.000000
0.000000
0.000000
0.000000
0.000000
0.000000
0.000000
0.000000
0.000000
0.000000
0.000000
0.000000
0.000000
0.000000
0.000000
0.000000
0.000000
0.000000
0.000000
0.000000
0.000000
0.000000
0.000000
0.000000
0.000000
0.000000
0.000000
0.000000
0.000000
0.000000
0.000000
0.000000
0.000000
0.000000
0.000000
0.000000
0.000000
0.000000
0.000000
0.000000
0.000000
0.000000
0.000000
0.000000
0.000000
0.000000
0.000000
0.000000
0.000000
0.000000
0.000000
0.000000
0.000000
0.000000
0.000000
0.000000
0.000000
0.000000
0.000000
0.000000
0.000000
0.000000
0.000000
0.000000
0.000000
0.000000
0.000000
0.000000
0.000000
0.000000
0.000000
0.000000
0.000000
0.000000
0.000000
0.000000
0.000000
0.000000
0.000000
0.000000
0.000000
0.000000
0.000000
0.000000
0.000000
0.000000
0.000000
0.000000
0.000000
0.000000
0.000000
0.000000
0.000000
0.000000
0.000000
0.000000
0.000000
0.000000
0.000000
0.000000
0.000000
0.000000
0.000000
0.000000
0.000000
0.000000
0.000000
0.000000
0.000000
0.000000
0.000000
0.000000
0.000000
0.000000
0.000000
0.000000
0.000000
0.000000
0.000000
0.000000
0.000000
0.000000
0.000000
0.000000
0.000000
0.000000
0.000000
0.000000
0.000000
0.000000
0.000000
0.000000
0.000000
