1.800000
1.800000
1.800000
1.800000
1.800000
1.800000
1.800000
1.800000
1.800000
1.800000
1.800000
1.800000
1.800000
1.800000
1.800000
1.800000
1.800000
1.800000
1.800000
1.800000
1.800000
1.800000
1.800000
1.800000
1.800000
1.800000
1.800000
1.800000
1.800000
1.800000
1.800000
1.800000
1.800000
1.800000
1.800000
1.800000
1.800000
1.800000
1.800000
1.800000
1.800000
1.800000
1.800000
1.800000
2.014994
2.123341
2.340168
2.554212
2.767112
3.088882
3.301127
3.620738
3.942934
4.260091
4.581567
4.898168
5.217484
5.640109
5.999998
5.999998
5.999998
5.999998
5.999998
5.999998
5.999998
5.795687
5.690849
5.584579
5.452581
5.347661
5.215319
5.083508
4.978384
4.846034
4.713757
4.582651
4.449833
4.317155
4.186024
4.080245
3.947822
3.816118
3.710961
3.578405
3.603930
4.030711
4.551114
5.077406
5.608412
5.999998
5.999998
5.999998
5.999998
5.999998
5.999998
5.999998
5.999998
5.999998
5.744497
5.612776
5.479869
5.347936
5.189636
5.057474
4.925599
4.793895
4.662632
4.503548
4.397761
4.265975
4.134468
4.028092
3.896732
3.791051
3.685436
3.580074
3.606810
4.070433
3.964629
3.886166
3.780289
3.675100
3.569329
3.490408
3.384400
3.305692
3.226288
3.120935
3.041678
2.962856
2.883108
2.804400
2.751216
2.671943
2.593022
2.513463
2.461024
2.408453
2.328420
2.276111
2.223475
2.144137
2.091771
2.039168
1.985812
1.933021
1.879657
1.853094
1.800000
1.800000
1.800000
1.800000
1.800000
1.800000
1.800000
1.800000
1.800000
1.800000
1.800000
1.800000
1.800000
1.800000
1.800000
1.800000
1.800000
1.800000
1.800000
1.800000
1.800000
1.800000
1.800000
2.000000
2.000000
2.200000
2.200000
2.200000
2.308217
2.524716
2.743277
2.961150
3.500000
3.824781
4.043309
4.364327
4.796965
5.013831
4.906204
4.826424
4.719418
4.612551
4.506551
4.426199
4.320600
4.214167
4.108405
4.001898
3.896348
3.790700
3.684953
3.579346
3.606908
3.923705
4.347802
4.768005
5.298617
5.717937
5.999998
5.999998
5.999998
5.999998
5.999998
5.999998
5.796561
5.664203
5.532090
5.400819
5.269058
5.137190
5.005339
4.873357
4.741301
4.609057
4.476854
4.371304
4.238987
4.106964
4.001300
3.869309
3.764014
3.658153
3.552971
3.710576
4.133822
4.555498
4.977075
5.311705
5.179674
5.074688
4.942870
4.810634
4.705338
4.600009
4.467969
4.362722
4.230437
4.124413
4.018970
3.913273
3.808280
3.702575
3.596698
3.517368
3.411794
3.332742
3.227438
3.148083
3.069104
2.990396
2.910559
2.831777
2.752946
2.674254
2.595537
2.542770
2.463751
2.411189
2.331835
2.305672
2.305672
2.279355
2.226506
2.200000
2.304061
2.701530
2.622339
2.569711
2.517051
2.437524
2.385125
2.332048
2.279477
2.226261
2.200000
2.200000
2.200000
2.200000
2.305533
2.513983
2.727111
3.105378
3.026392
3.000000
3.000000
3.000000
3.211337
3.131950
3.052530
3.104715
3.500000
3.815259
4.132645
4.524074
4.418590
4.312746
4.233449
4.154110
4.048667
3.943461
3.863885
3.758712
3.679423
3.573317
3.494085
3.388756
3.309525
3.203852
3.124726
3.046124
2.966394
2.887857
2.808429
2.729459
2.650350
2.598066
2.519014
2.466403
2.413145
2.413145
2.332776
2.277784
2.225483
2.200000
2.200000
2.226236
2.200000
2.200000
2.200000
2.200000
2.200000
2.052497
2.000000
2.000000
2.000000
2.000000
2.000000
2.000000
2.000000
2.000000
2.200000
2.052513
2.026130
2.000000
2.026514
2.000000
2.000000
2.000000
2.053004
2.026465
2.000000
2.000000
2.000000
2.000000
2.000000
2.200000
2.200000
2.200000
2.200000
2.200000
2.200000
2.200000
2.200000
2.053020
2.000000
2.000000
2.000000
2.000000
2.000000
2.000000
2.026441
2.000000
2.000000
2.000000
2.000000
2.025860
2.000000
2.000000
2.200000
2.026089
2.000000
2.000000
2.000000
2.000000
2.200000
2.200000
2.026784
2.053029
2.000000
2.000000
2.000000
2.052587
2.000000
2.000000
2.000000
2.000000
2.000000
2.000000
2.000000
2.000000
2.000000
2.000000
2.000000
2.200000
2.200000
2.306106
2.253356
2.200000
2.306286
2.514801
2.724362
2.937491
3.254124
3.605304
3.922093
3.816421
3.737295
3.658464
3.579019
3.500000
3.816339
4.238178
4.659722
4.975864
5.399143
5.715711
5.999998
5.999998
5.999998
5.999998
5.999998
5.999998
5.999998
5.999998
5.999998
5.999998
5.999998
5.999998
5.799595
5.667139
5.535917
5.403787
5.271904
5.139799
5.034486
4.875769
4.744359
4.612206
4.480108
4.348159
4.215825
4.084015
3.951804
3.819838
3.714591
3.582781
3.477525
3.372499
3.266917
3.161358
3.055563
2.976519
2.870945
2.791811
2.712236
2.633233
2.554173
2.474638
2.395693
2.316355
2.263793
2.184880
2.132080
2.052333
2.000000
2.000000
1.852243
1.852243
1.800000
1.800000
1.800000
1.800000
1.800000
2.000000
2.200000
2.211190
2.158096
2.105599
2.052759
2.000000
2.000000
2.000000
2.000000
2.000000
2.000000
2.000000
2.000000
2.200000
2.409954
2.622952
3.000000
3.209758
3.606417
3.924850
4.240599
4.556447
4.450627
4.371697
4.318964
4.265943
4.160238
4.080580
3.974966
3.869473
3.817034
3.710920
3.631966
3.526392
3.816110
4.133266
4.634165
4.528460
4.422935
4.316591
4.212456
4.160017
4.054312
3.948304
3.842893
3.737704
3.632138
3.553012
3.605795
4.028092
4.450423
4.730279
4.624738
4.519098
4.413302
4.308162
4.202358
4.097315
4.017952
3.912141
3.806828
3.700919
3.621834
3.489729
3.410996
3.305185
3.226419
3.147089
3.016195
2.936268
2.857494
2.777763
2.698850
2.646386
2.566500
2.487505
2.434420
2.354909
2.302445
2.249965
2.170398
2.117574
2.064889
2.011566
1.959216
1.906311
1.852709
1.826089
1.800000
1.800000
1.800000
1.800000
1.800000
1.800000
1.800000
1.800000
1.800000
1.800000
1.800000
1.800000
1.800000
1.800000
1.800000
1.800000
1.800000
1.800000
1.800000
1.800000
1.800000
2.111522
2.325305
2.529042
2.740501
3.000000
3.000000
3.219804
3.547825
3.768185
4.096206
4.424161
4.751757
5.187406
5.296571
5.620109
5.999998
5.999998
5.999998
5.830366
5.803246
5.696208
5.589749
5.483275
5.377022
5.270728
5.217724
5.111921
4.979324
4.873268
4.768258
4.662798
4.556896
4.425315
4.293227
4.214322
4.108167
3.976095
3.843622
3.738342
3.606245
3.500000
4.026555
4.446987
5.080024
5.503140
5.999998
5.999998
5.774268
5.668922
5.536989
5.404794
5.273475
5.167483
5.061328
4.929265
4.797061
4.691512
4.559259
4.427481
4.295286
4.190383
4.058654
3.953055
3.847890
3.715818
3.611070
3.505078
3.399692
3.294232
3.188412
3.083328
2.977394
2.898277
2.791999
2.713135
2.633339
2.554606
2.475211
2.396404
2.317140
2.264226
2.185329
2.131998
2.052619
2.000000
2.000000
2.000000
2.000000
2.200000
2.279084
2.226113
2.052513
2.000000
1.852202
1.800000
1.800000
1.800000
1.800000
1.800000
2.000000
2.157449
2.104748
2.052669
2.026351
2.000000
1.852423
1.800000
1.800000
1.800000
1.800000
2.000000
2.200000
2.131712
2.079314
2.026310
2.000000
1.826269
1.800000
1.800000
1.800000
1.800000
2.000000
2.200000
2.131573
2.078847
2.026023
2.000000
2.000000
1.826211
1.800000
1.800000
1.800000
2.000000
2.000000
2.131696
2.078774
2.026261
2.000000
2.000000
1.826342
1.800000
1.800000
1.800000
1.800000
2.000000
2.157973
2.105214
2.052186
2.026203
2.000000
2.000000
1.825369
1.800000
1.800000
1.800000
1.800000
2.000000
2.161712
2.133242
2.079764
2.026220
2.000000
1.826236
1.800000
1.800000
1.800000
1.800000
2.000000
2.200000
2.132334
2.079281
2.026367
2.000000
2.000000
1.826359
1.800000
1.800000
1.800000
2.000000
2.000000
2.158349
2.105680
2.052742
2.000000
1.853028
1.800000
1.800000
1.800000
1.800000
1.800000
2.000000
2.158398
2.105673
2.052448
2.000000
2.000000
2.000000
2.000000
2.000000
2.000000
2.000000
2.000000
2.000000
2.000000
2.000000
2.000000
2.000000
2.000000
2.000000
2.000000
2.000000
2.000000
2.000000
2.000000
2.000000
2.000000
2.000000
2.000000
2.000000
2.000000
2.000000
2.000000
2.000000
1.852988
1.800000
1.800000
1.800000
1.800000
1.800000
1.800000
1.800000
1.800000
1.800000
1.800000
1.800000
1.800000
1.800000
1.800000
1.800000
1.800000
1.800000
2.000000
2.000000
2.334199
2.280279
2.226907
2.200000
2.200000
2.418451
2.364203
2.310201
2.256068
2.202565
2.148628
2.094553
2.041131
1.987825
1.933774
1.907145
1.853478
1.800000
1.800000
1.800000
1.800000
1.800000
1.800000
1.800000
1.800000
1.800000
1.800000
1.800000
1.800000
1.800000
1.800000
1.800000
1.800000
1.800000
1.800000
1.800000
2.000000
2.000000
1.963945
1.907194
1.880165
1.827300
1.800000
1.800000
1.800000
1.800000
1.800000
1.800000
1.800000
1.800000
1.800000
1.800000
1.800000
1.800000
1.800000
1.800000
1.800000
1.800000
1.800000
2.000000
2.000000
2.000000
2.200000
2.200000
2.311653
2.647985
2.870244
3.092797
3.426839
3.758925
3.676069
3.593957
3.511976
3.430593
3.349357
3.268554
3.187727
3.106932
3.026596
3.214601
3.553069
3.397656
3.318318
3.212090
3.132220
3.052890
3.000000
3.000000
3.500000
3.818662
4.035830
3.929691
3.850868
3.770638
3.665080
3.584687
3.479775
3.399733
3.320698
3.214526
3.135711
3.056390
2.976994
2.898073
2.818596
2.739396
2.686801
2.607267
2.528223
2.475039
2.395995
2.343433
2.290806
2.211402
2.158128
2.105370
2.080083
2.026711
1.852292
1.800000
1.800000
1.800000
1.800000
1.800000
1.800000
1.800000
1.800000
1.800000
2.000000
1.985158
1.931843
1.878954
1.826760
1.800000
1.800000
1.800000
1.800000
1.800000
1.800000
1.800000
1.800000
1.800000
1.800000
1.800000
1.800000
1.800000
1.800000
1.800000
1.800000
1.800000
1.800000
1.800000
1.909648
1.883453
1.826490
1.800000
1.800000
1.800000
1.800000
1.800000
1.800000
1.800000
1.800000
1.800000
1.800000
1.800000
1.800000
1.800000
1.800000
1.800000
1.800000
1.800000
1.800000
1.800000
1.800000
1.800000
1.937815
1.909411
1.851155
1.825148
1.800000
1.800000
1.800000
1.800000
1.800000
1.800000
1.800000
1.800000
1.800000
1.800000
1.800000
1.800000
1.800000
1.800000
1.800000
1.800000
1.800000
1.800000
1.800000
2.000000
1.942372
1.883740
1.856465
1.800000
1.800000
1.800000
1.800000
1.800000
1.800000
1.800000
1.800000
1.800000
1.800000
1.800000
1.800000
1.800000
1.800000
1.800000
1.800000
1.800000
1.800000
1.800000
1.800000
2.000000
2.200000
2.228795
2.200006
2.142650
2.085335
2.028404
1.856653
1.800000
1.800000
1.800000
1.800000
1.800000
1.800000
1.800000
1.800000
1.800000
1.800000
1.800000
1.800000
1.800000
2.000000
2.000000
2.200000
2.200000
2.417514
2.637154
3.000000
3.216597
3.543080
3.867174
4.190221
4.513202
4.833730
5.142173
5.062384
4.929650
4.849370
4.769598
4.663133
4.583876
4.477558
4.372130
4.265681
4.160000
4.053805
3.948934
3.843278
3.737745
3.632620
3.526555
3.817615
4.242694
4.662602
4.888834
4.756966
4.651801
4.545449
4.413401
4.308228
4.175632
4.070442
3.964712
3.859170
3.754225
3.648373
3.543257
3.437232
3.358909
3.252565
3.174021
3.068250
2.989304
2.909762
2.830661
2.751184
2.672541
2.593538
2.539953
2.461269
2.381514
2.328567
2.276258
2.196634
2.143843
2.091845
2.038677
1.985477
1.933095
1.878716
1.826089
1.800000
1.800000
1.800000
1.800000
1.800000
1.800000
1.800000
1.800000
1.800000
1.800000
2.000000
2.000000
1.853258
1.800000
1.800000
1.800000
1.800000
1.800000
1.800000
1.800000
1.800000
1.800000
1.800000
1.800000
1.800000
1.800000
2.000000
2.200000
2.226326
2.313939
2.286337
2.232033
2.178047
2.124544
2.069609
2.015591
1.961867
1.907562
1.880385
1.826416
1.800000
1.800000
1.800000
1.800000
1.800000
1.800000
1.800000
1.800000
1.800000
2.000000
2.000000
2.200000
2.200000
2.200000
2.200000
2.307890
2.522589
2.738237
3.002810
2.949299
2.865797
2.812000
2.757981
2.677997
2.677997
2.677997
2.677997
2.677997
2.677997
2.624429
2.544166
2.490148
2.410245
2.356881
2.277191
2.224408
2.171412
2.091689
2.038775
1.985600
1.932849
1.879665
1.853159
1.800000
1.800000
1.800000
1.800000
1.800000
1.800000
1.800000
1.800000
1.800000
1.800000
1.800000
1.800000
1.800000
1.800000
1.800000
1.800000
1.800000
1.800000
1.800000
2.000000
2.112176
2.305264
2.253421
2.200000
2.200000
2.200000
2.418953
2.636565
2.854438
3.074046
3.215280
3.160403
3.078218
3.000000
3.081498
3.026948
2.842106
2.761238
2.680206
2.626277
2.545982
2.492643
2.411865
2.358558
2.279220
2.225569
2.172426
2.092843
2.039716
1.986426
1.959879
1.907129
1.852873
1.800000
1.800000
1.800000
1.800000
1.800000
1.800000
1.800000
1.800000
1.800000
1.800000
1.800000
1.800000
1.800000
1.800000
1.800000
1.800000
1.800000
1.800000
1.800000
2.000000
2.000000
2.000000
2.200000
2.200000
2.200000
2.421571
2.642226
2.860983
3.327705
3.272574
3.191469
3.109693
3.055732
2.974995
2.947957
2.866754
2.786131
2.732375
2.652137
2.571522
2.518150
2.438289
2.384794
2.305022
2.252010
2.198311
2.119046
2.065740
2.012466
1.959331
1.906131
1.852906
1.826481
1.800000
1.800000
1.800000
1.800000
1.800000
1.800000
1.800000
1.800000
1.800000
1.800000
1.800000
1.800000
1.800000
1.800000
1.800000
1.800000
1.800000
1.800000
1.800000
2.000000
2.000000
2.000000
2.200000
2.200000
2.200000
2.415321
2.636565
3.000000
3.352618
3.270703
3.189156
3.134949
3.053525
3.000169
2.919415
2.865528
2.785175
2.704422
2.625124
2.572063
2.491849
2.439009
2.358256
2.305031
2.225537
2.171838
2.118629
2.066108
2.012908
1.959511
1.933103
1.879984
1.826228
1.800000
1.800000
1.800000
1.800000
1.800000
1.800000
1.800000
1.800000
1.800000
1.800000
1.800000
1.800000
1.800000
1.800000
1.800000
1.800000
1.800000
1.800000
1.800000
2.000000
2.200000
2.200000
2.055115
2.000000
2.200000
2.307399
2.527792
2.747138
2.965829
3.246609
3.191920
3.111027
3.029170
2.975593
2.894750
2.813645
2.760346
2.679233
2.599722
2.546260
2.465850
2.413100
2.332355
2.279277
2.226232
2.146689
2.093816
2.040853
1.987857
1.934657
1.881981
1.825917
1.800000
1.800000
1.800000
1.800000
1.800000
1.800000
1.800000
1.800000
1.800000
1.800000
1.800000
1.800000
1.800000
1.800000
1.800000
1.800000
1.800000
1.800000
1.800000
2.000000
2.200000
2.200000
2.200000
2.027259
2.000000
2.200000
2.418103
2.638267
2.858071
3.077678
3.219735
3.137902
3.083867
3.002164
2.948334
2.894880
2.813382
2.732719
2.651924
2.598405
2.518740
2.465081
2.385318
2.332535
2.278827
2.199219
2.145977
2.092172
2.039004
1.986598
1.933168
1.879698
1.826686
1.800000
1.800000
1.800000
1.800000
1.800000
1.800000
1.800000
1.800000
1.800000
1.800000
1.800000
1.800000
1.800000
1.800000
1.800000
1.800000
1.800000
1.800000
1.800000
2.000000
2.000000
2.306654
2.254157
2.200000
2.200000
2.200000
2.418168
2.639150
2.859642
3.079413
3.248670
3.166412
3.111853
3.030462
2.948849
2.948849
2.868006
2.813390
2.733029
2.652308
2.598650
2.518265
2.464680
2.384876
2.332011
2.251487
2.198409
2.145299
2.091861
2.038792
1.985935
1.932457
1.879551
1.826702
1.800000
1.800000
1.800000
1.800000
1.800000
1.800000
1.800000
1.800000
1.800000
1.800000
1.800000
1.800000
1.800000
1.800000
1.800000
1.800000
1.800000
1.800000
1.800000
1.800000
1.800000
2.000000
2.362849
2.308110
2.254346
2.200000
2.200000
2.200000
2.413456
2.954900
3.279922
3.225176
3.143195
3.060658
2.979152
2.951762
2.870649
2.816148
2.735419
2.654461
2.600524
2.520049
2.466096
2.386308
2.332445
2.278795
2.199153
2.145479
2.092287
2.039094
1.986287
1.932890
1.879412
1.826711
1.800000
1.800000
1.800000
1.800000
1.800000
1.800000
1.800000
1.800000
1.800000
1.800000
1.800000
1.800000
1.800000
1.800000
1.800000
1.800000
1.800000
1.800000
1.800000
2.000000
2.200000
2.200000
2.200000
2.200000
2.200000
2.308871
2.528315
2.749068
3.078300
3.301323
3.219563
3.138000
3.056412
3.002263
2.975315
2.893915
2.813006
2.731811
2.678815
2.598503
2.544828
2.464525
2.411096
2.331316
2.278328
2.225201
2.145323
2.092467
2.038996
1.985739
1.932604
1.879469
1.826457
1.800000
1.800000
1.800000
1.800000
1.800000
1.800000
1.800000
1.800000
1.800000
1.800000
1.800000
2.000000
2.000000
2.200000
2.200000
2.200000
2.200000
2.413521
2.626126
2.839909
3.055132
3.374808
3.696873
3.909871
4.228991
4.548209
4.969328
5.286714
5.718730
5.999998
5.999998
5.999998
5.999998
5.999998
5.999998
5.999998
5.999998
5.999998
5.999998
5.999998
5.999998
5.999998
5.999998
5.999998
5.999998
5.999998
5.999998
5.999998
5.999998
5.999998
5.999998
5.999998
5.999998
5.999998
5.999998
5.999998
5.999998
5.999998
5.999998
5.999998
5.999998
5.999998
5.999998
5.850432
5.718892
5.586639
5.428257
5.296292
5.138916
5.007139
4.848348
4.689557
4.531192
4.373350
4.241416
4.082716
3.924334
3.792032
3.660827
3.528779
3.396462
3.265445
3.159772
3.026711
3.000000
3.000000
2.805803
2.727782
2.622551
2.543777
2.464202
2.385019
2.305722
2.226514
2.200000
2.200000
2.305533
2.675326
2.621938
2.543417
2.490495
2.410920
2.358456
2.305836
2.226449
2.200000
2.200000
2.305476
2.226318
2.464570
2.411705
2.331860
2.279870
2.200000
2.200000
2.200000
2.200000
2.200000
2.200000
2.200000
2.200000
2.200000
2.410216
2.648345
2.595619
2.516461
2.463719
2.410928
2.331908
2.279175
2.226424
2.225786
2.226105
2.200000
2.200000
2.079649
2.026441
2.200000
2.200000
2.200000
2.200000
2.200000
2.200000
2.252873
2.200000
2.279167
2.226457
2.200000
2.200000
2.200000
2.200000
2.200000
2.200000
2.305305
2.253037
2.200000
2.200000
2.306327
2.253593
2.200000
2.200000
2.253004
2.200000
2.105819
2.053110
2.000000
2.200000
2.200000
2.200000
2.200000
2.200000
2.622297
2.569661
2.517467
2.464201
2.384675
2.332015
2.279068
2.226195
2.200000
2.200000
2.304519
2.618317
2.565199
2.511900
2.459142
2.379771
2.326816
2.274442
2.222510
2.143016
2.090397
2.037818
1.984569
1.931761
1.879003
1.852848
1.800000
1.800000
1.800000
1.800000
0.000000
0.000000
0.000000
0.000000
0.000000
0.000000
0.000000
0.000000
0.000000
0.000000
0.000000
0.000000
0.000000
0.000000
0.000000
0.000000
0.000000
0.000000
0.000000
0.000000
0.000000
0.000000
0.000000
0.000000
0.000000
0.000000
0.000000
0.000000
0.000000
0.000000
0.000000
0.000000
0.000000
0.000000
0.000000
0.000000
0.000000
0.000000
0.000000
0.000000
0.000000
0.000000
0.000000
0.000000
0.000000
0.000000
0.000000
0.000000
0.000000
0.000000
0.000000
0.000000
0.000000
0.000000
0.000000
0.000000
0.000000
0.000000
0.000000
0.000000
0.000000
0.000000
0.000000
0.000000
0.000000
0.000000
0.000000
0.000000
0.000000
0.000000
0.000000
0.000000
0.000000
0.000000
0.000000
0.000000
0.000000
0.000000
0.000000
0.000000
0.000000
0.000000
0.000000
0.000000
0.000000
0.000000
0.000000
0.000000
0.000000
0.000000
0.000000
0.000000
0.000000
0.000000
0.000000
0.000000
0.000000
0.000000
0.000000
0.000000
0.000000
0.000000
0.000000
0.000000
0.000000
0.000000
0.000000
0.000000
0.000000
0.000000
0.000000
0.000000
0.000000
0.000000
0.000000
0.000000
0.000000
0.000000
0.000000
0.000000
0.000000
0.000000
0.000000
0.000000
0.000000
0.000000
0.000000
0.000000
0.000000
0.000000
0.000000
0.000000
0.000000
0.000000
0.000000
0.000000
0.000000
0.000000
0.000000
0.000000
0.000000
0.000000
0.000000
0.000000
0.000000
0.000000
0.000000
0.000000
0.000000
0.000000
0.000000
0.000000
0.000000
0.000000
0.000000
0.000000
0.000000
0.000000
0.000000
0.000000
0.000000
0.000000
0.000000
0.000000
0.000000
0.000000
0.000000
0.000000
0.000000
0.000000
0.000000
0.000000
0.000000
0.000000
0.000000
0.000000
0.000000
0.000000
0.000000
0.000000
0.000000
0.000000
0.000000
0.000000
0.000000
0.000000
0.000000
0.000000
0.000000
0.000000
0.000000
0.000000
0.000000
0.000000
0.000000
0.000000
0.000000
0.000000
0.000000
0.000000
0.000000
0.000000
0.000000
0.000000
0.000000
0.000000
0.000000
0.000000
0.000000
0.000000
0.000000
0.000000
0.000000
0.000000
0.000000
0.000000
0.000000
0.000000
0.000000
0.000000
0.000000
0.000000
0.000000
0.000000
0.000000
0.000000
0.000000
0.000000
0.000000
0.000000
0.000000
0.000000
0.000000
0.000000
0.000000
0.000000
0.000000
0.000000
0.000000
0.000000
0.000000
0.000000
0.000000
0.000000
0.000000
0.000000
0.000000
0.000000
0.000000
0.000000
0.000000
0.000000
0.000000
0.000000
0.000000
0.000000
0.000000
0.000000
0.000000
0.000000
0.000000
0.000000
0.000000
0.000000
0.000000
0.000000
0.000000
0.000000
0.000000
0.000000
0.000000
0.000000
0.000000
0.000000
0.000000
0.000000
0.000000
0.000000
0.000000
0.000000
0.000000
0.000000
0.000000
0.000000
0.000000
0.000000
0.000000
0.000000
0.000000
0.000000
0.000000
0.000000
0.000000
0.000000
0.000000
0.000000
0.000000
0.000000
0.000000
0.000000
0.000000
0.000000
0.000000
0.000000
0.000000
0.000000
0.000000
0.000000
0.000000
0.000000
0.000000
0.000000
0.000000
0.000000
0.000000
0.000000
0.000000
0.000000
0.000000
0.000000
0.000000
0.000000
0.000000
0.000000
0.000000
0.000000
0.000000
0.000000
0.000000
0.000000
0.000000
0.000000
0.000000
0.000000
0.000000
0.000000
0.000000
0.000000
0.000000
0.000000
0.000000
0.000000
0.000000
0.000000
0.000000
0.000000
0.000000
0.000000
0.000000
0.000000
0.000000
0.000000
0.000000
0.000000
0.000000
0.000000
0.000000
0.000000
0.000000
0.000000
0.000000
0.000000
0.000000
0.000000
0.000000
0.000000
0.000000
0.000000
0.000000
0.000000
0.000000
0.000000
0.000000
0.000000
0.000000
0.000000
0.000000
0.000000
0.000000
0.000000
0.000000
0.000000
0.000000
0.000000
0.000000
0.000000
0.000000
0.000000
0.000000
0.000000
0.000000
0.000000
0.000000
0.000000
0.000000
0.000000
0.000000
0.000000
0.000000
0.000000
0.000000
0.000000
0.000000
0.000000
0.000000
0.000000
0.000000
0.000000
0.000000
0.000000
0.000000
0.000000
0.000000
0.000000
0.000000
0.000000
0.000000
0.000000
0.000000
0.000000
0.000000
0.000000
0.000000
0.000000
0.000000
0.000000
0.000000
0.000000
0.000000
0.000000
0.000000
0.000000
0.000000
0.000000
0.000000
0.000000
0.000000
0.000000
0.000000
0.000000
0.000000
0.000000
0.000000
0.000000
0.000000
0.000000
0.000000
0.000000
0.000000
0.000000
0.000000
0.000000
0.000000
0.000000
0.000000
0.000000
0.000000
0.000000
0.000000
0.000000
0.000000
0.000000
0.000000
0.000000
0.000000
0.000000
0.000000
0.000000
0.000000
0.000000
0.000000
0.000000
0.000000
0.000000
0.000000
0.000000
0.000000
0.000000
0.000000
0.000000
0.000000
0.000000
0.000000
0.000000
0.000000
0.000000
0.000000
0.000000
0.000000
0.000000
0.000000
0.000000
0.000000
0.000000
0.000000
0.000000
0.000000
0.000000
0.000000
0.000000
0.000000
0.000000
0.000000
0.000000
0.000000
0.000000
0.000000
0.000000
0.000000
0.000000
0.000000
0.000000
0.000000
0.000000
0.000000
0.000000
0.000000
0.000000
0.000000
0.000000
0.000000
0.000000
0.000000
0.000000
0.000000
0.000000
0.000000
0.000000
0.000000
0.000000
0.000000
0.000000
0.000000
0.000000
0.000000
0.000000
0.000000
0.000000
0.000000
0.000000
0.000000
0.000000
0.000000
0.000000
0.000000
0.000000
0.000000
0.000000
0.000000
0.000000
0.000000
0.000000
0.000000
0.000000
0.000000
0.000000
0.000000
0.000000
0.000000
0.000000
0.000000
0.000000
0.000000
0.000000
0.000000
0.000000
0.000000
0.000000
0.000000
0.000000
0.000000
0.000000
0.000000
0.000000
0.000000
0.000000
0.000000
0.000000
0.000000
0.000000
0.000000
0.000000
0.000000
0.000000
0.000000
0.000000
0.000000
0.000000
0.000000
0.000000
0.000000
0.000000
0.000000
0.000000
0.000000
0.000000
0.000000
0.000000
0.000000
0.000000
0.000000
0.000000
0.000000
0.000000
0.000000
0.000000
0.000000
0.000000
0.000000
0.000000
0.000000
0.000000
0.000000
0.000000
0.000000
0.000000
0.000000
0.000000
0.000000
0.000000
0.000000
0.000000
0.000000
0.000000
0.000000
0.000000
0.000000
0.000000
0.000000
0.000000
0.000000
0.000000
0.000000
0.000000
0.000000
0.000000
0.000000
0.000000
0.000000
0.000000
0.000000
0.000000
0.000000
0.000000
0.000000
0.000000
0.000000
0.000000
0.000000
0.000000
0.000000
0.000000
0.000000
0.000000
0.000000
0.000000
0.000000
0.000000
0.000000
0.000000
0.000000
0.000000
0.000000
0.000000
0.000000
0.000000
0.000000
0.000000
0.000000
0.000000
0.000000
0.000000
0.000000
0.000000
0.000000
0.000000
0.000000
0.000000
0.000000
0.000000
0.000000
0.000000
0.000000
0.000000
0.000000
0.000000
0.000000
0.000000
0.000000
0.000000
0.000000
0.000000
0.000000
0.000000
0.000000
0.000000
0.000000
0.000000
0.000000
0.000000
0.000000
0.000000
0.000000
0.000000
0.000000
0.000000
0.000000
0.000000
0.000000
0.000000
0.000000
0.000000
0.000000
0.000000
0.000000
0.000000
0.000000
0.000000
0.000000
0.000000
0.000000
0.000000
0.000000
0.000000
0.000000
0.000000
0.000000
0.000000
0.000000
0.000000
0.000000
0.000000
0.000000
0.000000
0.000000
0.000000
0.000000
0.000000
0.000000
0.000000
0.000000
0.000000
0.000000
0.000000
0.000000
0.000000
0.000000
0.000000
0.000000
0.000000
0.000000
0.000000
0.000000
0.000000
0.000000
0.000000
0.000000
0.000000
0.000000
0.000000
0.000000
0.000000
0.000000
0.000000
0.000000
0.000000
0.000000
0.000000
0.000000
0.000000
0.000000
0.000000
0.000000
0.000000
0.000000
0.000000
0.000000
0.000000
0.000000
0.000000
0.000000
0.000000
0.000000
0.000000
0.000000
0.000000
0.000000
0.000000
0.000000
0.000000
0.000000
0.000000
0.000000
0.000000
0.000000
0.000000
0.000000
0.000000
0.000000
0.000000
0.000000
0.000000
0.000000
0.000000
0.000000
0.000000
0.000000
0.000000
0.000000
0.000000
0.000000
0.000000
0.000000
0.000000
0.000000
0.000000
0.000000
0.000000
0.000000
0.000000
0.000000
0.000000
0.000000
0.000000
0.000000
0.000000
0.000000
0.000000
0.000000
0.000000
0.000000
0.000000
0.000000
0.000000
0.000000
0.000000
0.000000
0.000000
0.000000
0.000000
0.000000
0.000000
0.000000
0.000000
0.000000
0.000000
0.000000
0.000000
0.000000
0.000000
0.000000
0.000000
0.000000
0.000000
0.000000
0.000000
0.000000
0.000000
0.000000
0.000000
0.000000
0.000000
0.000000
0.000000
0.000000
0.000000
0.000000
0.000000
0.000000
0.000000
0.000000
0.000000
0.000000
0.000000
0.000000
0.000000
0.000000
0.000000
0.000000
0.000000
0.000000
0.000000
0.000000
0.000000
0.000000
0.000000
0.000000
0.000000
0.000000
0.000000
0.000000
0.000000
0.000000
0.000000
0.000000
0.000000
0.000000
0.000000
0.000000
0.000000
0.000000
0.000000
0.000000
0.000000
0.000000
0.000000
0.000000
0.000000
0.000000
0.000000
0.000000
0.000000
0.000000
0.000000
0.000000
0.000000
0.000000
0.000000
0.000000
0.000000
0.000000
0.000000
0.000000
0.000000
0.000000
0.000000
0.000000
0.000000
0.000000
0.000000
0.000000
0.000000
0.000000
0.000000
0.000000
0.000000
0.000000
0.000000
0.000000
0.000000
0.000000
0.000000
0.000000
0.000000
0.000000
0.000000
0.000000
0.000000
0.000000
0.000000
0.000000
0.000000
0.000000
0.000000
0.000000
0.000000
0.000000
0.000000
0.000000
0.000000
0.000000
0.000000
0.000000
0.000000
0.000000
0.000000
0.000000
0.000000
0.000000
0.000000
0.000000
0.000000
0.000000
0.000000
0.000000
0.000000
0.000000
0.000000
0.000000
0.000000
0.000000
0.000000
0.000000
0.000000
0.000000
0.000000
0.000000
0.000000
0.000000
0.000000
0.000000
0.000000
0.000000
0.000000
0.000000
0.000000
0.000000
0.000000
0.000000
0.000000
0.000000
0.000000
0.000000
0.000000
0.000000
0.000000
0.000000
0.000000
0.000000
0.000000
0.000000
0.000000
0.000000
0.000000
0.000000
0.000000
0.000000
0.000000
0.000000
0.000000
0.000000
0.000000
0.000000
0.000000
0.000000
0.000000
0.000000
0.000000
0.000000
0.000000
0.000000
0.000000
0.000000
0.000000
0.000000
0.000000
0.000000
0.000000
0.000000
0.000000
0.000000
0.000000
0.000000
0.000000
0.000000
0.000000
0.000000
0.000000
0.000000
0.000000
0.000000
0.000000
0.000000
0.000000
0.000000
0.000000
0.000000
0.000000
0.000000
0.000000
0.000000
0.000000
0.000000
0.000000
0.000000
0.000000
0.000000
0.000000
0.000000
0.000000
0.000000
0.000000
0.000000
0.000000
0.000000
0.000000
0.000000
0.000000
0.000000
0.000000
0.000000
0.000000
0.000000
0.000000
0.000000
0.000000
0.000000
0.000000
0.000000
0.000000
0.000000
0.000000
0.000000
0.000000
0.000000
0.000000
0.000000
0.000000
0.000000
0.000000
0.000000
0.000000
0.000000
0.000000
0.000000
0.000000
0.000000
0.000000
0.000000
0.000000
0.000000
0.000000
0.000000
0.000000
0.000000
0.000000
0.000000
0.000000
0.000000
0.000000
0.000000
0.000000
0.000000
0.000000
0.000000
0.000000
0.000000
0.000000
0.000000
0.000000
0.000000
0.000000
0.000000
