1.800000
1.800000
1.800000
1.800000
1.800000
1.800000
1.800000
1.800000
1.800000
1.800000
1.800000
1.800000
1.800000
1.800000
1.800000
1.800000
1.800000
1.800000
1.800000
1.800000
1.906548
2.120298
2.335227
2.548224
2.762334
2.972387
3.290918
3.501821
3.820843
4.247558
4.567529
4.885406
5.311760
5.629146
5.999998
5.999998
5.999998
5.999998
5.999998
5.999998
5.999998
5.999998
5.999998
5.999998
5.999998
5.999998
5.999998
5.999998
5.999998
5.999998
5.999998
5.999998
5.999998
5.999998
5.999998
5.999998
5.999998
5.999998
5.999998
5.999998
5.999998
5.999998
5.999998
5.999998
5.859955
5.752189
5.662463
5.572342
5.464343
5.374934
5.285487
5.177458
5.087399
4.980000
4.890624
4.800086
4.693127
4.621514
4.532094
4.442258
4.352538
4.280758
4.190699
4.101035
4.029217
3.939296
3.867661
3.795621
3.723958
3.652407
3.580432
3.508759
3.454620
3.383269
3.311634
3.257817
3.203539
3.132344
3.078121
3.024861
2.970761
2.917312
2.863462
2.809651
2.755935
2.701607
2.665681
2.611848
2.558025
2.522211
2.468222
2.432229
2.396492
2.342297
2.306344
2.270946
2.234815
2.180892
2.144722
2.108696
2.072820
2.035258
2.017763
2.000000
2.205209
2.411924
2.607630
2.567988
2.528641
2.491608
2.455421
2.420135
2.384192
2.348205
2.311567
2.273344
2.238692
2.221096
2.183763
2.165555
2.129212
2.092818
2.055563
2.018569
2.000000
2.000000
2.000000
2.000000
2.000000
2.200000
2.200000
2.200000
2.416696
2.630053
3.000000
3.000000
3.000000
3.500000
3.500000
3.818858
4.139287
4.458080
4.883356
5.308991
5.732761
5.999998
5.999998
5.999998
5.999998
5.999998
5.999998
5.999998
5.999998
5.999998
5.999998
5.999998
5.999998
5.999998
5.999998
5.999998
5.999998
5.999998
5.999998
5.999998
5.999998
5.999998
5.999998
5.999998
5.999998
5.999998
5.999998
5.999998
5.999998
5.999998
5.836522
5.729050
5.639341
5.531375
5.423608
5.315987
5.208309
5.101399
4.993944
4.886445
4.796731
4.707250
4.599494
4.509719
4.419587
4.311854
4.239852
4.150444
4.060791
3.970966
3.899281
3.809405
3.737832
3.665930
3.594290
3.522543
3.448133
3.394828
3.323622
3.270000
3.198243
3.143893
3.090209
3.018030
3.000000
3.000000
3.000000
3.000000
3.000000
3.376615
3.322704
3.269110
3.215472
3.161510
3.107800
3.053928
3.000000
3.000000
3.000000
3.000000
3.000000
3.104683
3.421447
3.740534
4.056447
4.477135
4.405362
4.333192
4.279671
4.207764
4.136496
4.082858
4.011273
3.939321
3.885521
3.813575
3.741668
3.687596
3.616094
3.561966
3.490137
3.435953
3.364419
3.310219
3.256553
3.184673
3.130951
3.077035
3.023441
2.969291
2.915591
2.861980
2.808158
2.772500
2.718755
2.682457
2.646932
2.610967
2.555787
2.520629
2.466991
2.431365
2.396274
2.360509
2.307049
2.271257
2.235564
2.200000
2.200000
2.200000
2.200000
2.200000
2.200000
2.200000
2.200000
2.200000
2.200000
2.200000
2.053994
2.017846
2.000000
2.017785
2.000000
2.000000
2.000000
2.000000
2.200000
2.071941
2.035664
2.000000
2.200000
2.071991
2.035920
2.000000
2.000000
2.200000
2.200000
2.200000
2.200000
2.200000
2.200000
2.200000
2.200000
2.200000
2.200000
2.200000
2.200000
2.200000
2.200000
2.200000
2.200000
2.053939
2.017918
2.000000
2.000000
2.018108
2.000000
2.000000
2.000000
2.000000
2.000000
2.000000
2.000000
2.000000
2.000000
2.000000
2.000000
2.000000
2.000000
2.000000
2.000000
2.000000
2.000000
2.000000
2.000000
2.000000
2.000000
2.000000
2.000000
2.000000
2.200000
2.200000
2.200000
2.200000
2.200000
2.200000
2.412212
2.621840
3.000000
3.000000
3.000000
3.000000
3.000000
3.500000
3.500000
3.709823
4.028158
4.344530
4.766696
5.083231
5.502584
5.803686
5.731734
5.677589
5.605748
5.516535
5.444299
5.372826
5.301141
5.211349
5.121668
5.050162
4.960820
4.871072
4.781663
4.691720
4.602078
4.512470
4.440551
4.350787
4.260666
4.188842
4.098994
4.027304
3.955274
3.865231
3.793579
3.721728
3.650338
3.596405
3.524686
3.452784
3.381150
3.327617
3.255949
3.202037
3.148499
3.094532
3.040543
2.986621
2.932716
2.878983
2.824843
2.771255
2.717282
2.681062
2.627451
2.573623
2.537764
2.483953
2.447855
2.412252
2.358407
2.322582
2.286762
2.251059
2.196619
2.160971
2.125184
2.107121
2.071017
2.035320
2.000000
2.000000
2.000000
2.000000
2.000000
2.000000
2.200000
2.412867
2.623508
2.835655
3.161828
3.125212
3.071223
3.017924
3.000000
3.000000
3.000000
3.000000
3.000000
3.000000
3.103963
3.500000
3.924588
4.240403
4.560047
4.981428
4.981428
5.696088
5.624525
5.570492
5.498902
5.445436
5.373412
5.301616
5.229614
5.139732
5.085588
5.013636
4.942374
4.852186
4.762800
4.673424
4.583649
4.512147
4.422834
4.350620
4.350620
4.350620
4.350620
4.350620
4.314933
4.242725
4.171119
4.099178
4.009769
3.937957
3.866055
3.794170
3.722301
3.650689
3.579148
3.507419
3.452968
3.380972
3.328285
3.220474
3.166947
3.095640
3.042213
2.988085
2.934518
2.880624
2.826501
2.790576
2.736620
2.683076
2.646922
2.592794
2.557091
2.503041
2.467059
2.341157
2.161589
2.000000
2.207729
2.592577
2.558153
2.521704
2.482964
2.444484
2.406278
2.368177
2.348912
2.293427
2.275269
2.238191
2.218515
2.182416
2.144961
2.110019
2.074238
2.055969
2.018781
2.000000
2.000000
2.000000
2.000000
2.200000
2.200000
2.419706
2.639052
3.000000
3.109035
3.500000
3.500000
3.826287
4.148417
4.254671
4.254671
4.254671
4.471660
4.899815
5.221880
5.542080
5.999998
5.999998
5.999998
5.999998
5.999998
5.999998
5.999998
5.999998
5.999998
5.999998
5.999998
5.999998
5.999998
5.999998
5.999998
5.999998
5.857469
5.767410
5.678179
5.570669
5.480793
5.408941
5.319238
5.211850
5.122180
5.032632
4.942735
4.834962
4.745136
4.655243
4.565646
4.475247
4.385761
4.296190
4.206320
4.116433
4.026701
3.954700
3.865146
3.793801
3.703936
3.632412
3.560817
3.489204
3.435226
3.363180
3.291467
3.237607
3.166083
3.111877
3.040326
2.986332
2.932704
2.878499
2.824810
2.771066
2.716988
2.681106
2.627373
2.573462
2.429647
2.358146
2.322192
2.304124
2.250157
2.214693
2.178094
2.142546
2.107054
2.071279
2.035731
2.000000
2.200000
2.200000
2.449979
2.396547
2.360704
2.325140
2.289437
2.253755
2.217996
2.200000
2.200000
2.485793
2.450168
2.414587
2.378366
2.342785
2.289408
2.253449
2.217880
2.200000
2.200000
2.200000
2.469789
2.415550
2.379818
2.343943
2.307744
2.253816
2.218046
2.200000
2.200000
2.450518
2.414570
2.360058
2.324511
2.288696
2.253243
2.217885
2.200000
2.200000
2.200000
2.469455
2.415316
2.379368
2.343926
2.307238
2.271468
2.236009
2.200000
2.200000
2.504502
2.486467
2.468509
2.432639
2.396502
2.342719
2.307027
2.271307
2.235620
2.200000
2.200000
2.469611
2.433702
2.379663
2.343959
2.307672
2.271813
2.217957
2.200000
2.200000
2.468242
2.432350
2.396791
2.360971
2.325162
2.289258
2.235642
2.200000
2.200000
2.200000
2.303636
2.540689
2.486856
2.451364
2.415488
2.379646
2.343620
2.289615
2.254017
2.218124
2.200000
2.054145
2.017924
2.000000
2.000000
2.000000
2.000000
2.000000
2.000000
2.000000
2.000000
2.000000
2.000000
2.000000
2.000000
2.000000
2.000000
2.000000
2.000000
2.000000
2.000000
2.000000
2.105239
2.316698
2.599035
2.564083
2.529526
2.492565
2.455793
2.416419
2.380637
2.342842
2.308062
2.290628
2.237963
2.201531
2.183084
2.146685
2.128477
2.091812
2.054690
2.018069
2.000000
2.000000
2.000000
2.000000
2.000000
2.200000
2.200000
2.200000
2.201792
2.165555
2.128884
2.090510
2.053772
2.000000
2.103701
2.307471
2.519300
2.501388
2.445941
2.407773
2.371302
2.334025
2.295501
2.258746
2.241618
2.203344
2.166167
2.129229
2.092774
2.055352
2.036972
2.000000
2.200000
2.090404
2.072074
2.035937
2.000000
2.104519
2.474491
2.422260
2.386301
2.349652
2.314160
2.275491
2.239315
2.185476
2.165761
2.112134
2.093220
2.056148
2.018747
2.000000
2.000000
2.000000
2.000000
2.000000
2.000000
2.200000
2.200000
2.200000
2.310180
2.533158
2.749887
3.000000
3.218986
3.716008
3.933358
4.313772
4.258748
4.203847
4.131011
4.076677
4.004208
3.950080
3.877694
3.805103
3.751703
3.680363
3.608317
3.536109
3.420290
3.366106
3.294171
3.222058
3.167858
3.113624
3.041717
2.987466
2.933950
2.879761
2.826167
2.772273
2.718156
2.664261
2.610473
2.556679
2.520519
2.466474
2.430815
2.376643
2.340817
2.287062
2.250986
2.214749
2.161266
2.125434
2.089314
2.053505
2.017768
2.000000
2.000000
2.000000
2.000000
2.000000
2.000000
2.000000
2.000000
2.000000
2.200000
2.143086
2.107310
2.107310
2.107310
2.107310
2.107310
2.107310
2.107310
2.107310
2.107310
2.107310
2.107310
2.107310
2.107310
2.107310
2.107310
2.107310
2.071273
2.035620
2.000000
2.000000
2.102686
2.381678
2.342108
2.305309
2.266279
2.246658
2.208412
2.172954
2.134347
2.115271
2.075206
2.056592
2.019253
2.000000
2.200000
2.200000
2.075073
2.037600
2.018797
2.000000
2.110311
2.229588
2.465051
2.428502
2.389611
2.353112
2.335166
2.296185
2.258914
2.222492
2.202811
2.162907
2.127232
2.109825
2.054751
2.036760
2.000000
2.000000
2.112284
2.074105
2.056253
2.018302
2.000000
2.225007
2.457808
2.422015
2.386763
2.350714
2.315484
2.280031
2.223917
2.204240
2.150874
2.131971
2.094070
2.055291
2.036410
2.000000
2.000000
2.092919
2.056136
2.018797
2.000000
2.000000
2.215714
2.488781
2.450180
2.430665
2.393660
2.356454
2.320111
2.285482
2.246018
2.207945
2.189770
2.153500
2.114737
2.076407
2.039063
2.000000
2.000000
2.000000
2.265539
2.227416
2.189070
2.169950
2.113697
2.075162
2.056899
2.018875
2.000000
2.000000
2.000000
2.000000
2.000000
2.000000
2.000000
2.000000
2.000000
2.000000
2.200000
2.200000
2.200000
2.307464
2.522753
3.000000
3.000000
3.000000
3.105239
3.500000
3.500000
3.713194
4.139222
4.352841
4.775924
5.182336
5.109956
5.037809
4.983397
4.911829
4.839549
4.785443
4.714571
4.641100
4.568898
4.496473
4.406447
4.334262
4.262527
4.172568
4.100756
4.010752
3.938967
3.849241
3.777590
3.705655
3.616041
3.544367
3.472543
3.401136
3.347053
3.275557
3.203405
3.149611
3.077765
3.023548
2.970032
2.898258
2.844074
2.790536
2.736230
2.682619
2.646755
2.592727
2.538977
2.484993
2.449234
2.395596
2.359525
2.323622
2.269978
2.233991
2.197965
2.162300
2.124266
2.088824
2.035320
2.000000
2.000000
2.105304
2.309794
2.527896
2.753241
2.718400
2.683080
2.629759
2.593410
2.555204
2.501215
2.465956
2.431265
2.379680
2.342002
2.306221
2.270389
2.252922
2.252922
2.252922
2.252922
2.252922
2.252922
2.252922
2.252922
2.252922
2.252922
2.252922
2.252922
2.252922
2.252922
2.252922
2.252922
2.252922
2.252922
2.252922
2.252922
2.217240
2.181988
2.145739
2.109430
2.072975
2.036627
2.000000
2.000000
2.000000
2.000000
2.000000
2.200000
2.090121
2.053655
2.017930
2.000000
2.000000
2.178589
2.141250
2.106482
2.071207
2.035698
2.000000
2.000000
2.000000
2.000000
2.000000
2.000000
2.000000
2.000000
2.200000
2.200000
2.200000
2.414078
2.704816
2.668790
2.614495
2.614495
2.614495
2.614495
2.614495
2.614495
2.614495
2.560461
2.523695
2.487558
2.433408
2.397293
2.343204
2.306972
2.252966
2.217291
2.180948
2.144727
2.108145
2.071874
2.036126
2.000000
2.000000
2.207893
2.412873
2.622956
2.588677
2.549308
2.512431
2.474180
2.439761
2.400820
2.382624
2.345546
2.307896
2.272198
2.236511
2.216635
2.181042
2.163513
2.128127
2.091478
2.054618
2.019092
2.000000
2.000000
2.000000
2.000000
2.000000
2.000000
2.000000
2.000000
2.000000
2.000000
2.200000
2.200000
2.522622
2.817906
2.780706
2.725427
2.688844
2.652212
2.597216
2.561056
2.506344
2.470118
2.415856
2.379402
2.325040
2.288825
2.252872
2.198198
2.162145
2.126019
2.089497
2.053321
2.017618
2.000000
2.000000
2.216336
2.432638
2.632759
2.594986
2.558292
2.519863
2.482007
2.463816
2.406856
2.387830
2.349818
2.332022
2.295106
2.259709
2.241707
2.204952
2.167658
2.130514
2.074155
2.036899
2.000000
2.000000
2.000000
2.000000
2.000000
2.200000
2.200000
2.307497
2.833110
2.796561
2.760123
2.723630
2.723630
2.723630
2.723630
2.669074
2.614762
2.578090
2.523923
2.487725
2.432946
2.397148
2.343015
2.306811
2.271269
2.217230
2.180820
2.144900
2.108390
2.072191
2.036182
2.000000
2.000000
2.104912
2.312477
2.606456
2.569312
2.532274
2.497983
2.458686
2.441591
2.387764
2.348889
2.313492
2.277293
2.241112
2.223650
2.187462
2.169121
2.132288
2.094688
2.056910
2.018714
2.000000
2.000000
2.000000
2.000000
2.000000
2.000000
2.000000
2.000000
2.000000
2.200000
2.200000
2.200000
2.307857
2.779738
2.742766
2.706446
2.651505
2.614890
2.560656
2.524146
2.488115
2.433597
2.397226
2.342853
2.306660
2.270701
2.234352
2.180074
2.144382
2.107360
2.089625
2.053549
2.017785
2.000000
2.104486
2.312346
2.646666
2.610056
2.573279
2.534683
2.496320
2.477812
2.440746
2.404826
2.368377
2.331461
2.294717
2.259370
2.222598
2.185443
2.148644
2.111561
2.074216
2.036922
2.000000
2.000000
2.000000
2.000000
2.000000
2.200000
2.200000
2.308184
2.523832
2.777747
2.741237
2.722985
2.722985
2.722985
2.705005
2.650365
2.613911
2.559338
2.523495
2.469145
2.433074
2.379169
2.342998
2.288998
2.253239
2.216896
2.162601
2.144338
2.090110
2.054072
2.035987
2.000000
2.000000
2.207991
2.417029
2.605939
2.571710
2.534905
2.495669
2.459248
2.424446
2.387769
2.349351
2.313725
2.274762
2.237273
2.201843
2.184047
2.147002
2.110570
2.073827
2.037611
2.000000
2.000000
2.000000
2.000000
2.000000
2.000000
2.000000
2.000000
2.000000
2.000000
2.200000
2.200000
2.308119
2.522458
2.798236
2.743229
2.706886
2.652062
2.615853
2.561285
2.524964
2.470458
2.434360
2.397972
2.344128
2.307751
2.271547
2.217703
2.181287
2.145117
2.109135
2.072130
2.036276
2.000000
2.000000
2.204326
2.421283
2.621165
2.584566
2.548974
2.529653
2.492576
2.455276
2.419628
2.382623
2.347365
2.311984
2.275174
2.238814
2.204463
2.167864
2.131810
2.093381
2.074605
2.037261
2.000000
2.000000
2.000000
2.000000
2.000000
2.200000
2.200000
2.200000
2.419379
2.837544
2.800723
2.763556
2.707998
2.707998
2.707998
2.707998
2.689852
2.653514
2.598468
2.543878
2.507457
2.452339
2.416140
2.379575
2.325664
2.289521
2.253506
2.199033
2.162790
2.126458
2.090165
2.053894
2.018013
2.000000
2.000000
2.210183
2.431689
2.626111
2.608776
2.571371
2.534460
2.495964
2.457312
2.422037
2.385906
2.349362
2.313481
2.274212
2.239649
2.202788
2.166212
2.129540
2.092301
2.054974
2.018536
2.000000
2.000000
2.000000
2.000000
2.000000
2.000000
2.000000
2.000000
2.000000
2.200000
2.200000
2.308119
2.523407
2.778592
2.723357
2.687103
2.650649
2.595842
2.559599
2.505588
2.469167
2.415039
2.378840
2.342820
2.288508
2.252543
2.216106
2.180035
2.144310
2.089904
2.053833
2.036076
2.000000
2.000000
2.102523
2.309859
2.646643
2.610072
2.573323
2.554353
2.516163
2.462324
2.425191
2.406572
2.367637
2.330670
2.313586
2.276465
2.240389
2.203806
2.166929
2.130291
2.093208
2.055591
2.018681
2.000000
2.000000
2.000000
2.000000
2.000000
2.200000
2.200000
2.307530
2.523571
2.778426
2.741921
2.741921
2.741921
2.741921
2.705523
2.651094
2.596637
2.560161
2.506266
2.469623
2.415483
2.379241
2.343053
2.288725
2.253061
2.216479
2.180564
2.126386
2.089598
2.053588
2.017918
2.000000
2.000000
2.322331
2.285743
2.249211
2.214247
2.176986
2.142668
2.107204
2.071462
2.035803
2.017968
2.000000
2.000000
2.000000
2.000000
2.000000
2.200000
2.200000
2.200000
2.200000
2.306057
2.519905
2.731790
3.000000
3.000000
3.104192
3.500000
3.606024
3.923312
4.240960
4.560571
4.987613
5.307126
5.624511
5.999998
5.999998
5.999998
5.999998
5.999998
5.999998
5.999998
5.999998
5.999998
5.999998
5.999998
5.999998
5.999998
5.999998
5.999998
5.999998
5.999998
5.999998
5.999998
5.999998
5.999998
5.999998
5.999998
5.833674
5.744271
5.636288
5.546441
5.438952
5.349188
5.241499
5.133821
5.043785
4.936185
4.828280
4.721326
4.631861
4.542007
4.434480
4.344370
4.236392
4.146761
4.056969
3.967271
3.877468
3.805639
3.716230
3.644557
3.554725
3.482779
3.411428
3.340094
3.268187
3.213758
3.142390
3.089297
3.018035
3.000000
3.000000
3.000000
3.000000
3.000000
3.000000
3.000000
3.000000
3.000000
3.000000
3.000000
3.000000
3.000000
3.000000
3.000000
3.000000
3.000000
3.000000
3.000000
3.000000
3.000000
3.000000
3.000000
3.000000
3.000000
3.000000
3.000000
3.000000
3.000000
3.000000
3.000000
3.000000
3.000000
3.000000
3.000000
3.000000
3.000000
3.000000
3.000000
2.881418
2.827545
2.773829
2.719718
2.684253
2.630337
2.576437
2.541090
2.487173
2.451080
2.415444
2.361733
2.325774
2.289831
2.253900
2.200000
2.522565
2.486862
2.450897
2.414966
2.361199
2.325702
2.289281
2.253377
2.217779
2.253983
2.217674
2.200000
2.271957
2.235909
2.200000
2.253683
2.217796
2.200000
2.253839
2.217968
2.290126
2.254067
2.217913
2.200000
2.200000
2.200000
2.200000
2.200000
2.200000
2.200000
2.409660
2.619712
3.000000
3.000000
3.017746
3.104388
3.500000
3.500000
3.602490
3.918633
4.238080
4.657989
0.000000
0.000000
0.000000
0.000000
0.000000
0.000000
0.000000
0.000000
0.000000
0.000000
0.000000
0.000000
0.000000
0.000000
0.000000
0.000000
0.000000
0.000000
0.000000
0.000000
0.000000
0.000000
0.000000
0.000000
0.000000
0.000000
0.000000
0.000000
0.000000
0.000000
0.000000
0.000000
0.000000
0.000000
0.000000
0.000000
0.000000
0.000000
0.000000
0.000000
0.000000
0.000000
0.000000
0.000000
0.000000
0.000000
0.000000
0.000000
0.000000
0.000000
0.000000
0.000000
0.000000
0.000000
0.000000
0.000000
0.000000
0.000000
0.000000
0.000000
0.000000
0.000000
0.000000
0.000000
0.000000
0.000000
0.000000
0.000000
0.000000
0.000000
0.000000
0.000000
0.000000
0.000000
0.000000
0.000000
0.000000
0.000000
0.000000
0.000000
0.000000
0.000000
0.000000
0.000000
0.000000
0.000000
0.000000
0.000000
0.000000
0.000000
0.000000
0.000000
0.000000
0.000000
0.000000
0.000000
0.000000
0.000000
0.000000
0.000000
0.000000
0.000000
0.000000
0.000000
0.000000
0.000000
0.000000
0.000000
0.000000
0.000000
0.000000
0.000000
0.000000
0.000000
0.000000
0.000000
0.000000
0.000000
0.000000
0.000000
0.000000
0.000000
0.000000
0.000000
0.000000
0.000000
0.000000
0.000000
0.000000
0.000000
0.000000
0.000000
0.000000
0.000000
0.000000
0.000000
0.000000
0.000000
0.000000
0.000000
0.000000
0.000000
0.000000
0.000000
0.000000
0.000000
0.000000
0.000000
0.000000
0.000000
0.000000
0.000000
0.000000
0.000000
0.000000
0.000000
0.000000
0.000000
0.000000
0.000000
0.000000
0.000000
0.000000
0.000000
0.000000
0.000000
0.000000
0.000000
0.000000
0.000000
0.000000
0.000000
0.000000
0.000000
0.000000
0.000000
0.000000
0.000000
0.000000
0.000000
0.000000
0.000000
0.000000
0.000000
0.000000
0.000000
0.000000
0.000000
0.000000
0.000000
0.000000
0.000000
0.000000
0.000000
0.000000
0.000000
0.000000
0.000000
0.000000
0.000000
0.000000
0.000000
0.000000
0.000000
0.000000
0.000000
0.000000
0.000000
0.000000
0.000000
0.000000
0.000000
0.000000
0.000000
0.000000
0.000000
0.000000
0.000000
0.000000
0.000000
0.000000
0.000000
0.000000
0.000000
0.000000
0.000000
0.000000
0.000000
0.000000
0.000000
0.000000
0.000000
0.000000
0.000000
0.000000
0.000000
0.000000
0.000000
0.000000
0.000000
0.000000
0.000000
0.000000
0.000000
0.000000
0.000000
0.000000
0.000000
0.000000
0.000000
0.000000
0.000000
0.000000
0.000000
0.000000
0.000000
0.000000
0.000000
0.000000
0.000000
0.000000
0.000000
0.000000
0.000000
0.000000
0.000000
0.000000
0.000000
0.000000
0.000000
0.000000
0.000000
0.000000
0.000000
0.000000
0.000000
0.000000
0.000000
0.000000
0.000000
0.000000
0.000000
0.000000
0.000000
0.000000
0.000000
0.000000
0.000000
0.000000
0.000000
0.000000
0.000000
0.000000
0.000000
0.000000
0.000000
0.000000
0.000000
0.000000
0.000000
0.000000
0.000000
0.000000
0.000000
0.000000
0.000000
0.000000
0.000000
0.000000
0.000000
0.000000
0.000000
0.000000
0.000000
0.000000
0.000000
0.000000
0.000000
0.000000
0.000000
0.000000
0.000000
0.000000
0.000000
0.000000
0.000000
0.000000
0.000000
0.000000
0.000000
0.000000
0.000000
0.000000
0.000000
0.000000
0.000000
0.000000
0.000000
0.000000
0.000000
0.000000
0.000000
0.000000
0.000000
0.000000
0.000000
0.000000
0.000000
0.000000
0.000000
0.000000
0.000000
0.000000
0.000000
0.000000
0.000000
0.000000
0.000000
0.000000
0.000000
0.000000
0.000000
0.000000
0.000000
0.000000
0.000000
0.000000
0.000000
0.000000
0.000000
0.000000
0.000000
0.000000
0.000000
0.000000
0.000000
0.000000
0.000000
0.000000
0.000000
0.000000
0.000000
0.000000
0.000000
0.000000
0.000000
0.000000
0.000000
0.000000
0.000000
0.000000
0.000000
0.000000
0.000000
0.000000
0.000000
0.000000
0.000000
0.000000
0.000000
0.000000
0.000000
0.000000
0.000000
0.000000
0.000000
0.000000
0.000000
0.000000
0.000000
0.000000
0.000000
0.000000
0.000000
0.000000
0.000000
0.000000
0.000000
0.000000
0.000000
0.000000
0.000000
0.000000
0.000000
0.000000
0.000000
0.000000
0.000000
0.000000
0.000000
0.000000
0.000000
0.000000
0.000000
0.000000
0.000000
0.000000
0.000000
0.000000
0.000000
0.000000
0.000000
0.000000
0.000000
0.000000
0.000000
0.000000
0.000000
0.000000
0.000000
0.000000
0.000000
0.000000
0.000000
0.000000
0.000000
0.000000
0.000000
0.000000
0.000000
0.000000
0.000000
0.000000
0.000000
0.000000
0.000000
0.000000
0.000000
0.000000
0.000000
0.000000
0.000000
0.000000
0.000000
0.000000
0.000000
0.000000
0.000000
0.000000
0.000000
0.000000
0.000000
0.000000
0.000000
0.000000
0.000000
0.000000
0.000000
0.000000
0.000000
0.000000
0.000000
0.000000
0.000000
0.000000
0.000000
0.000000
0.000000
0.000000
0.000000
0.000000
0.000000
0.000000
0.000000
0.000000
0.000000
0.000000
0.000000
0.000000
0.000000
0.000000
0.000000
0.000000
0.000000
0.000000
0.000000
0.000000
0.000000
0.000000
0.000000
0.000000
0.000000
0.000000
0.000000
0.000000
0.000000
0.000000
0.000000
0.000000
0.000000
0.000000
0.000000
0.000000
0.000000
0.000000
0.000000
0.000000
0.000000
0.000000
0.000000
0.000000
0.000000
0.000000
0.000000
0.000000
0.000000
0.000000
0.000000
0.000000
0.000000
0.000000
0.000000
0.000000
0.000000
0.000000
0.000000
0.000000
0.000000
0.000000
0.000000
0.000000
0.000000
0.000000
0.000000
0.000000
0.000000
0.000000
0.000000
0.000000
0.000000
0.000000
0.000000
0.000000
0.000000
0.000000
0.000000
0.000000
0.000000
0.000000
0.000000
0.000000
0.000000
0.000000
0.000000
0.000000
0.000000
0.000000
0.000000
0.000000
0.000000
0.000000
0.000000
0.000000
0.000000
0.000000
0.000000
0.000000
0.000000
0.000000
0.000000
0.000000
0.000000
0.000000
0.000000
0.000000
0.000000
0.000000
0.000000
0.000000
0.000000
0.000000
0.000000
0.000000
0.000000
0.000000
0.000000
0.000000
0.000000
0.000000
0.000000
0.000000
0.000000
0.000000
0.000000
0.000000
0.000000
0.000000
0.000000
0.000000
0.000000
0.000000
0.000000
0.000000
0.000000
0.000000
0.000000
0.000000
0.000000
0.000000
0.000000
0.000000
0.000000
0.000000
0.000000
0.000000
0.000000
0.000000
0.000000
0.000000
0.000000
0.000000
0.000000
0.000000
0.000000
0.000000
0.000000
0.000000
0.000000
0.000000
0.000000
0.000000
0.000000
0.000000
0.000000
0.000000
0.000000
0.000000
0.000000
0.000000
0.000000
0.000000
0.000000
0.000000
0.000000
0.000000
0.000000
0.000000
0.000000
0.000000
0.000000
0.000000
0.000000
0.000000
0.000000
0.000000
0.000000
0.000000
0.000000
0.000000
0.000000
0.000000
0.000000
0.000000
0.000000
0.000000
0.000000
0.000000
0.000000
0.000000
0.000000
0.000000
0.000000
0.000000
0.000000
0.000000
0.000000
0.000000
0.000000
0.000000
0.000000
0.000000
0.000000
0.000000
0.000000
0.000000
0.000000
0.000000
0.000000
0.000000
0.000000
0.000000
0.000000
0.000000
0.000000
0.000000
0.000000
0.000000
0.000000
0.000000
0.000000
0.000000
0.000000
0.000000
0.000000
0.000000
0.000000
0.000000
0.000000
0.000000
0.000000
0.000000
0.000000
0.000000
0.000000
0.000000
0.000000
0.000000
0.000000
0.000000
0.000000
0.000000
0.000000
0.000000
0.000000
0.000000
0.000000
0.000000
0.000000
0.000000
0.000000
0.000000
0.000000
0.000000
0.000000
0.000000
0.000000
0.000000
0.000000
0.000000
0.000000
0.000000
0.000000
0.000000
0.000000
0.000000
0.000000
0.000000
0.000000
0.000000
0.000000
0.000000
0.000000
0.000000
0.000000
0.000000
0.000000
0.000000
0.000000
0.000000
0.000000
0.000000
0.000000
0.000000
0.000000
0.000000
0.000000
0.000000
0.000000
0.000000
0.000000
0.000000
0.000000
0.000000
0.000000
0.000000
0.000000
0.000000
0.000000
0.000000
0.000000
0.000000
0.000000
0.000000
0.000000
0.000000
0.000000
0.000000
0.000000
0.000000
0.000000
0.000000
0.000000
0.000000
0.000000
0.000000
0.000000
0.000000
0.000000
0.000000
0.000000
0.000000
0.000000
0.000000
0.000000
0.000000
0.000000
0.000000
0.000000
0.000000
0.000000
0.000000
0.000000
0.000000
0.000000
0.000000
0.000000
0.000000
0.000000
0.000000
0.000000
0.000000
0.000000
0.000000
0.000000
0.000000
0.000000
0.000000
0.000000
0.000000
0.000000
0.000000
0.000000
0.000000
0.000000
0.000000
0.000000
0.000000
0.000000
0.000000
0.000000
0.000000
0.000000
0.000000
0.000000
0.000000
0.000000
0.000000
0.000000
0.000000
0.000000
0.000000
0.000000
0.000000
0.000000
0.000000
0.000000
0.000000
0.000000
0.000000
0.000000
0.000000
0.000000
0.000000
0.000000
0.000000
0.000000
0.000000
0.000000
0.000000
0.000000
0.000000
0.000000
0.000000
0.000000
0.000000
0.000000
0.000000
0.000000
0.000000
0.000000
0.000000
0.000000
0.000000
0.000000
0.000000
0.000000
0.000000
0.000000
0.000000
0.000000
0.000000
0.000000
0.000000
0.000000
0.000000
0.000000
0.000000
0.000000
0.000000
0.000000
0.000000
0.000000
0.000000
0.000000
0.000000
0.000000
0.000000
0.000000
0.000000
0.000000
0.000000
0.000000
0.000000
0.000000
0.000000
0.000000
0.000000
0.000000
0.000000
0.000000
0.000000
0.000000
0.000000
0.000000
0.000000
0.000000
0.000000
0.000000
0.000000
0.000000
0.000000
0.000000
0.000000
0.000000
0.000000
0.000000
0.000000
0.000000
0.000000
0.000000
0.000000
0.000000
0.000000
0.000000
0.000000
0.000000
0.000000
0.000000
0.000000
0.000000
0.000000
0.000000
0.000000
0.000000
0.000000
0.000000
0.000000
0.000000
0.000000
0.000000
0.000000
0.000000
0.000000
0.000000
0.000000
0.000000
0.000000
0.000000
0.000000
0.000000
0.000000
0.000000
0.000000
0.000000
0.000000
0.000000
0.000000
0.000000
0.000000
0.000000
0.000000
0.000000
0.000000
0.000000
0.000000
0.000000
0.000000
0.000000
0.000000
0.000000
0.000000
0.000000
0.000000
0.000000
0.000000
0.000000
0.000000
0.000000
0.000000
0.000000
0.000000
0.000000
0.000000
0.000000
0.000000
0.000000
0.000000
0.000000
0.000000
0.000000
0.000000
0.000000
0.000000
0.000000
0.000000
0.000000
0.000000
0.000000
0.000000
0.000000
0.000000
0.000000
0.000000
0.000000
0.000000
0.000000
0.000000
0.000000
0.000000
0.000000
0.000000
0.000000
0.000000
0.000000
0.000000
0.000000
0.000000
0.000000
0.000000
0.000000
0.000000
0.000000
0.000000
0.000000
0.000000
0.000000
0.000000
0.000000
0.000000
0.000000
0.000000
0.000000
0.000000
0.000000
0.000000
0.000000
0.000000
0.000000
0.000000
0.000000
0.000000
0.000000
0.000000
0.000000
0.000000
0.000000
0.000000
0.000000
0.000000
0.000000
0.000000
0.000000
0.000000
0.000000
0.000000
0.000000
0.000000
0.000000
0.000000
0.000000
0.000000
0.000000
0.000000
0.000000
0.000000
0.000000
0.000000
0.000000
0.000000
0.000000
0.000000
0.000000
0.000000
0.000000
0.000000
0.000000
0.000000
0.000000
0.000000
0.000000
0.000000
0.000000
0.000000
0.000000
0.000000
0.000000
0.000000
0.000000
0.000000
0.000000
0.000000
0.000000
0.000000
0.000000
0.000000
0.000000
0.000000
0.000000
0.000000
0.000000
0.000000
0.000000
0.000000
0.000000
0.000000
0.000000
0.000000
0.000000
0.000000
0.000000
0.000000
0.000000
0.000000
0.000000
0.000000
0.000000
0.000000
0.000000
0.000000
0.000000
0.000000
0.000000
0.000000
0.000000
0.000000
0.000000
0.000000
0.000000
0.000000
0.000000
0.000000
0.000000
0.000000
0.000000
0.000000
0.000000
0.000000
0.000000
0.000000
0.000000
0.000000
0.000000
0.000000
0.000000
0.000000
0.000000
0.000000
0.000000
0.000000
0.000000
0.000000
0.000000
0.000000
