1.781407
1.781407
1.781407
1.781407
1.781407
1.781407
1.781407
1.781407
1.781407
1.781407
1.781407
1.781407
1.781407
1.781407
1.781407
1.781407
1.781407
1.781407
1.781407
1.781407
1.781407
1.781407
1.781407
1.781407
1.781407
1.781407
1.781407
1.781407
1.781407
1.781407
1.781407
1.781407
1.781407
1.781407
1.874059
2.060864
2.248672
2.444600
2.632046
2.821661
3.008717
3.287701
3.474924
3.750320
4.025745
4.481405
4.481405
4.481405
4.481405
4.481405
4.481405
4.481405
4.481405
4.481405
4.481405
4.481405
4.481405
4.481405
4.481405
4.481405
4.481405
4.481405
4.481405
4.481405
4.481405
4.481405
4.481405
4.481405
4.481405
4.481405
4.481405
4.481405
4.481405
4.481405
4.481405
4.481405
4.481405
4.481405
4.481405
4.481405
4.481405
4.481405
4.481405
4.481405
4.481405
4.481405
4.481405
4.481405
4.481405
4.481405
4.481405
4.481405
4.481405
4.481405
4.481405
4.481405
4.481405
4.481405
4.481405
4.481405
4.481405
4.481405
4.481405
4.481405
4.481405
4.481405
4.481405
4.481405
4.481405
4.481405
4.481405
4.481405
4.481405
4.481405
4.481405
4.270255
4.165024
4.059834
3.954293
3.849684
3.770272
3.665384
3.585621
3.480774
3.401297
3.296107
3.216204
3.137283
3.058337
2.978574
2.899260
2.846469
2.767605
2.688250
2.635426
2.556440
2.503395
2.423918
2.371601
2.318564
2.265617
2.186615
2.132743
2.079715
2.026302
2.000000
2.000000
2.089286
2.267302
2.442398
2.529848
2.529848
2.618495
2.970499
2.890833
2.836954
2.783664
2.731077
2.650634
2.597794
2.543890
2.488735
2.460159
2.405208
2.352695
2.325739
2.271908
2.217710
2.163234
2.109313
2.054460
2.000000
2.000000
2.000000
2.000000
2.000000
2.000000
2.000000
2.000000
2.091150
2.272949
2.500000
2.500000
2.500000
2.500000
2.500000
2.500000
2.500000
2.681549
2.950770
3.130761
3.402124
3.673098
3.944545
4.481405
4.481405
4.481405
4.481405
4.481405
4.481405
4.481405
4.481405
4.481405
4.481405
4.481405
4.481405
4.481405
4.481405
4.481405
4.481405
4.481405
4.481405
4.481405
4.481405
4.481405
4.481405
4.481405
4.481405
4.481405
4.481405
4.481405
4.481405
4.481405
4.481405
4.481405
4.481405
4.481405
4.481405
4.481405
4.481405
4.481405
4.481405
4.481405
4.481405
4.481405
4.481405
4.481405
4.481405
4.481405
4.481405
4.481405
4.481405
4.481405
4.481405
4.481405
4.481405
4.481405
4.481405
4.264789
4.159934
4.054106
3.949072
3.869390
3.764552
3.659018
3.579909
3.474957
3.395659
3.316419
3.210526
3.130746
3.051670
2.973280
2.894817
2.842803
2.763710
2.684577
2.631966
2.552480
2.500000
2.500000
2.500000
2.500000
2.500000
2.500000
2.500000
2.500000
2.500000
2.500000
2.500000
2.500000
2.500000
2.790258
2.737638
2.658595
2.605501
2.552407
2.526563
2.500000
2.500000
2.500000
2.500000
2.500000
2.500000
2.500000
2.500000
2.500000
2.769083
2.949240
3.219129
3.488045
3.669065
3.938676
4.481405
4.481405
4.481405
4.481405
4.481405
4.481405
4.267382
4.162029
4.056552
3.950823
3.845559
3.766335
3.660524
3.554950
3.476192
3.369955
3.291304
3.211933
3.106432
3.027135
2.948566
2.869563
2.790667
2.738178
2.659044
2.580238
2.527675
2.447928
2.421299
2.368934
2.314293
2.262148
2.183939
2.131688
2.079093
2.026596
2.000000
2.000000
2.000000
2.000000
2.000000
2.000000
2.000000
2.000000
2.000000
2.000000
2.000000
2.000000
2.000000
2.000000
2.000000
2.000000
2.000000
2.000000
2.000000
2.000000
2.000000
2.000000
2.000000
2.000000
2.000000
2.000000
2.000000
2.000000
2.000000
2.000000
2.000000
2.000000
2.000000
2.000000
2.000000
2.000000
2.000000
2.000000
2.000000
2.000000
2.000000
2.000000
2.000000
2.000000
2.000000
2.000000
2.000000
2.000000
2.000000
2.000000
2.000000
2.000000
2.000000
2.000000
2.000000
2.000000
2.000000
2.000000
2.000000
2.000000
2.000000
2.000000
2.000000
2.000000
2.000000
2.000000
2.000000
2.000000
2.000000
2.000000
2.000000
2.000000
2.000000
2.000000
2.000000
2.000000
2.000000
2.000000
2.000000
2.000000
2.000000
2.000000
2.000000
2.000000
2.000000
2.000000
2.000000
2.000000
2.000000
2.000000
2.000000
2.088090
2.266051
2.500000
2.500000
2.500000
2.500000
2.500000
2.500000
2.500000
2.677877
2.948712
3.127201
3.395060
3.664559
3.933280
4.481405
4.481405
4.481405
4.481405
4.481405
4.481405
4.481405
4.481405
4.481405
4.481405
4.481405
4.481405
4.481405
4.481405
4.481405
4.481405
4.481405
4.481405
4.481405
4.481405
4.481405
4.481405
4.481405
4.481405
4.481405
4.481405
4.481405
4.481405
4.481405
4.481405
4.268593
4.162961
4.057624
3.952148
3.846623
3.741670
3.662757
3.557527
3.478532
3.373244
3.293726
3.214870
3.135794
3.056823
2.977682
2.898221
2.819340
2.739994
2.661179
2.607856
2.528812
2.476291
2.423058
2.343876
2.291379
2.238375
2.185665
2.131835
2.079690
2.053380
2.000000
2.000000
2.000000
2.000000
2.000000
2.000000
2.000000
2.000000
2.000000
2.000000
2.090009
2.341969
2.289039
2.236117
2.182491
2.130199
2.077031
2.025492
2.000000
2.000000
2.089926
2.267998
2.500000
2.500000
2.500000
2.500000
2.500000
2.500000
2.500000
2.500000
2.500000
2.500000
2.500000
2.500000
2.589453
2.770918
3.040585
3.218128
3.488823
3.755986
3.934448
4.203197
4.481405
4.481405
4.481405
4.481405
4.481405
4.481405
4.481405
4.481405
4.481405
4.481405
4.481405
4.481405
4.481405
4.481405
4.481405
4.481405
4.481405
4.481405
4.481405
4.481405
4.481405
4.481405
4.481405
4.481405
4.323102
4.217397
4.112321
4.007058
3.901754
3.769313
3.689975
3.584434
3.479121
3.401043
3.295468
3.190008
3.110539
3.031316
2.951822
2.872304
2.793260
2.714126
2.661458
2.581342
2.528486
2.449450
2.396201
2.317255
2.264816
2.211656
2.159012
2.106155
2.054035
2.000000
2.000000
2.192035
2.278790
2.451660
2.638967
2.848398
2.794593
2.741498
2.659379
2.605098
2.577513
2.521907
2.438683
2.381638
2.324666
2.299077
2.243839
2.188798
2.135680
2.081621
2.027136
2.000000
2.000000
2.000000
2.000000
2.000000
2.000000
2.026833
2.091233
2.276843
2.500000
2.500000
2.500000
2.500000
2.500000
2.681688
2.681688
2.681688
2.681688
2.772921
2.955944
3.229254
3.503121
3.685254
3.957285
4.230762
4.481405
4.481405
4.481405
4.481405
4.481405
4.481405
4.481405
4.481405
4.481405
4.481405
4.481405
4.481405
4.481405
4.481405
4.481405
4.481405
4.481405
4.481405
4.481405
4.481405
4.481405
4.481405
4.481405
4.481405
4.481405
4.481405
4.481405
4.481405
4.481405
4.481405
4.481405
4.481405
4.481405
4.481405
4.481405
4.481405
4.481405
4.481405
4.481405
4.481405
4.481405
4.481405
4.243797
4.137568
4.032959
3.927099
3.821426
3.717079
3.637863
3.532633
3.453605
3.347908
3.268693
3.188823
3.109771
3.030097
2.950841
2.871879
2.792614
2.739962
2.660403
2.581678
2.528715
2.449434
2.396945
2.343949
2.290749
2.237900
2.158006
2.052521
2.000000
2.000000
2.000000
2.000000
2.264259
2.211459
2.158333
2.104682
2.052030
2.025892
2.000000
2.000000
2.000000
2.000000
2.000000
2.000000
2.289792
2.237017
2.184348
2.131942
2.078758
2.026383
2.000000
2.000000
2.000000
2.000000
2.000000
2.290487
2.237221
2.184528
2.131892
2.079126
2.026195
2.000000
2.000000
2.000000
2.000000
2.289472
2.262991
2.210510
2.158071
2.105378
2.052480
2.000000
2.000000
2.000000
2.000000
2.000000
2.317590
2.291305
2.237867
2.184593
2.131958
2.080083
2.026375
2.000000
2.000000
2.000000
2.000000
2.287779
2.235740
2.183784
2.130534
2.077669
2.025843
2.000000
2.000000
2.000000
2.000000
2.000000
2.289988
2.237475
2.185060
2.132015
2.079199
2.026899
2.000000
2.000000
2.000000
2.000000
2.000000
2.289979
2.237098
2.184765
2.131933
2.078888
2.026424
2.000000
2.000000
2.000000
2.000000
2.000000
2.290348
2.237695
2.184871
2.131925
2.079019
2.026809
2.000000
2.000000
2.000000
2.000000
2.000000
2.180686
2.315668
2.263228
2.210036
2.157752
2.105247
2.052619
2.000000
2.000000
2.000000
2.000000
2.000000
2.000000
2.000000
2.000000
2.000000
2.000000
2.000000
2.000000
2.000000
2.000000
2.000000
2.000000
2.000000
2.000000
2.000000
2.000000
2.000000
2.000000
2.000000
2.000000
2.000000
2.183190
2.361984
2.539611
2.942225
2.890808
2.840471
2.754474
2.700562
2.647926
2.590431
2.537485
2.482599
2.426396
2.349226
2.322507
2.269675
2.215943
2.188880
2.134666
2.081351
2.054207
2.000000
2.000000
2.000000
2.000000
2.000000
2.000000
2.000000
2.000000
2.000000
2.134788
2.081907
2.027013
2.000000
2.000000
2.179462
2.368966
2.782184
2.727887
2.673607
2.619744
2.568785
2.510970
2.431878
2.374628
2.321689
2.270935
2.220254
2.165794
2.110909
2.056816
2.000000
2.000000
2.081277
2.026841
2.000000
2.000000
2.180686
2.446014
2.703777
2.652941
2.600763
2.519699
2.467374
2.413601
2.362103
2.306489
2.251292
2.196816
2.141767
2.113657
2.056824
2.028150
2.000000
2.000000
2.000000
2.000000
2.000000
2.000000
2.000000
2.000000
2.000000
2.000000
2.000000
2.000000
2.094293
2.281877
2.500000
2.500000
2.686249
2.965011
3.277233
3.223141
3.141529
3.061004
2.980120
2.899791
2.792769
2.713128
2.632653
2.552415
2.500000
2.500000
2.500000
2.500000
2.500000
2.500000
2.500000
2.500000
2.500000
2.500000
2.500000
2.500000
2.500000
2.500000
2.500000
2.500000
2.500000
2.500000
2.500000
2.500000
2.500000
2.500000
2.500000
2.500000
2.500000
2.500000
2.500000
2.500000
2.500000
2.500000
2.396945
2.344112
2.264733
2.212065
2.159225
2.105885
2.053118
2.000000
2.000000
2.000000
2.000000
2.000000
2.000000
2.210879
2.158235
2.105656
2.052963
2.000000
2.000000
2.000000
2.159617
2.106212
2.053421
2.000000
2.000000
2.175096
2.262045
2.262045
2.262045
2.262045
2.262045
2.262045
2.262045
2.262045
2.262045
2.262045
2.262045
2.262045
2.262045
2.262045
2.262045
2.262045
2.262045
2.262045
2.262045
2.347994
2.601557
2.519061
2.461730
2.404881
2.378743
2.298496
2.242785
2.189821
2.164379
2.112128
2.057774
2.000000
2.000000
2.111465
2.085417
2.029525
2.000000
2.090760
2.269527
2.445624
2.704661
2.653170
2.596739
2.545927
2.461075
2.408079
2.352940
2.298349
2.242817
2.189870
2.106613
2.053503
2.027079
2.000000
2.000000
2.055000
2.000000
2.000000
2.272726
2.365350
2.696578
2.644474
2.565798
2.512312
2.455757
2.405273
2.351950
2.297931
2.239496
2.188324
2.134191
2.108192
2.055524
2.000000
2.000000
2.054820
2.026531
2.000000
2.097214
2.187056
2.275869
2.460617
2.766467
2.714780
2.660680
2.605197
2.550443
2.496384
2.439846
2.383577
2.331064
2.279017
2.226742
2.169508
2.113984
2.057193
2.029288
2.000000
2.000000
2.194558
2.137374
2.081809
2.026874
2.000000
2.000000
2.000000
2.000000
2.000000
2.218773
2.163274
2.108618
2.054534
2.000000
2.000000
2.000000
2.000000
2.000000
2.000000
2.000000
2.000000
2.000000
2.000000
2.091372
2.500000
2.500000
2.500000
2.500000
2.500000
2.500000
2.682049
2.952244
3.223635
3.493552
3.764415
4.036335
4.481405
4.481405
4.481405
4.481405
4.481405
4.481405
4.481405
4.481405
4.481405
4.481405
4.481405
4.481405
4.481405
4.481405
4.481405
4.481405
4.481405
4.481405
4.481405
4.481405
4.481405
4.323478
4.217364
4.085906
3.981051
3.874978
3.769542
3.663281
3.558255
3.452132
3.347049
3.267776
3.162422
3.083256
2.977706
2.897901
2.818817
2.739053
2.660197
2.580802
2.528280
2.449294
2.369931
2.317107
2.237957
2.184969
2.132448
2.078847
2.025974
2.000000
2.000000
2.178322
2.354113
2.539278
2.811892
3.139360
3.063179
3.010364
2.929831
2.876615
2.799297
2.722986
2.671021
2.594014
2.511428
2.456796
2.402336
2.323447
2.270165
2.216671
2.162579
2.108241
2.054534
2.000000
2.000000
2.000000
2.000000
2.000000
2.000000
2.052660
2.000000
2.000000
2.088313
2.426739
2.372885
2.346272
2.292017
2.241197
2.185731
2.107227
2.080721
2.027750
2.000000
2.000000
2.000000
2.000000
2.000000
2.000000
2.000000
2.000000
2.000000
2.000000
2.000000
2.179796
2.500000
2.500000
2.500000
2.500000
2.500000
2.584483
2.531266
2.478107
2.399121
2.372590
2.346223
2.319398
2.292908
2.266541
2.213808
2.132743
2.079494
2.027038
2.000000
2.000000
2.087756
2.263742
2.351470
0.000000
0.000000
0.000000
0.000000
0.000000
0.000000
0.000000
0.000000
0.000000
0.000000
0.000000
0.000000
0.000000
0.000000
0.000000
0.000000
0.000000
0.000000
0.000000
0.000000
0.000000
0.000000
0.000000
0.000000
0.000000
0.000000
0.000000
0.000000
0.000000
0.000000
0.000000
0.000000
0.000000
0.000000
0.000000
0.000000
0.000000
0.000000
0.000000
0.000000
0.000000
0.000000
0.000000
0.000000
0.000000
0.000000
0.000000
0.000000
0.000000
0.000000
0.000000
0.000000
0.000000
0.000000
0.000000
0.000000
0.000000
0.000000
0.000000
0.000000
0.000000
0.000000
0.000000
0.000000
0.000000
0.000000
0.000000
0.000000
0.000000
0.000000
0.000000
0.000000
0.000000
0.000000
0.000000
0.000000
0.000000
0.000000
0.000000
0.000000
0.000000
0.000000
0.000000
0.000000
0.000000
0.000000
0.000000
0.000000
0.000000
0.000000
0.000000
0.000000
0.000000
0.000000
0.000000
0.000000
0.000000
0.000000
0.000000
0.000000
0.000000
0.000000
0.000000
0.000000
0.000000
0.000000
0.000000
0.000000
0.000000
0.000000
0.000000
0.000000
0.000000
0.000000
0.000000
0.000000
0.000000
0.000000
0.000000
0.000000
0.000000
0.000000
0.000000
0.000000
0.000000
0.000000
0.000000
0.000000
0.000000
0.000000
0.000000
0.000000
0.000000
0.000000
0.000000
0.000000
0.000000
0.000000
0.000000
0.000000
0.000000
0.000000
0.000000
0.000000
0.000000
0.000000
0.000000
0.000000
0.000000
0.000000
0.000000
0.000000
0.000000
0.000000
0.000000
0.000000
0.000000
0.000000
0.000000
0.000000
0.000000
0.000000
0.000000
0.000000
0.000000
0.000000
0.000000
0.000000
0.000000
0.000000
0.000000
0.000000
0.000000
0.000000
0.000000
0.000000
0.000000
0.000000
0.000000
0.000000
0.000000
0.000000
0.000000
0.000000
0.000000
0.000000
0.000000
0.000000
0.000000
0.000000
0.000000
0.000000
0.000000
0.000000
0.000000
0.000000
0.000000
0.000000
0.000000
0.000000
0.000000
0.000000
0.000000
0.000000
0.000000
0.000000
0.000000
0.000000
0.000000
0.000000
0.000000
0.000000
0.000000
0.000000
0.000000
0.000000
0.000000
0.000000
0.000000
0.000000
0.000000
0.000000
0.000000
0.000000
0.000000
0.000000
0.000000
0.000000
0.000000
0.000000
0.000000
0.000000
0.000000
0.000000
0.000000
0.000000
0.000000
0.000000
0.000000
0.000000
0.000000
0.000000
0.000000
0.000000
0.000000
0.000000
0.000000
0.000000
0.000000
0.000000
0.000000
0.000000
0.000000
0.000000
0.000000
0.000000
0.000000
0.000000
0.000000
0.000000
0.000000
0.000000
0.000000
0.000000
0.000000
0.000000
0.000000
0.000000
0.000000
0.000000
0.000000
0.000000
0.000000
0.000000
0.000000
0.000000
0.000000
0.000000
0.000000
0.000000
0.000000
0.000000
0.000000
0.000000
0.000000
0.000000
0.000000
0.000000
0.000000
0.000000
0.000000
0.000000
0.000000
0.000000
0.000000
0.000000
0.000000
0.000000
0.000000
0.000000
0.000000
0.000000
0.000000
0.000000
0.000000
0.000000
0.000000
0.000000
0.000000
0.000000
0.000000
0.000000
0.000000
0.000000
0.000000
0.000000
0.000000
0.000000
0.000000
0.000000
0.000000
0.000000
0.000000
0.000000
0.000000
0.000000
0.000000
0.000000
0.000000
0.000000
0.000000
0.000000
0.000000
0.000000
0.000000
0.000000
0.000000
0.000000
0.000000
0.000000
0.000000
0.000000
0.000000
0.000000
0.000000
0.000000
0.000000
0.000000
0.000000
0.000000
0.000000
0.000000
0.000000
0.000000
0.000000
0.000000
0.000000
0.000000
0.000000
0.000000
0.000000
0.000000
0.000000
0.000000
0.000000
0.000000
0.000000
0.000000
0.000000
0.000000
0.000000
0.000000
0.000000
0.000000
0.000000
0.000000
0.000000
0.000000
0.000000
0.000000
0.000000
0.000000
0.000000
0.000000
0.000000
0.000000
0.000000
0.000000
0.000000
0.000000
0.000000
0.000000
0.000000
0.000000
0.000000
0.000000
0.000000
0.000000
0.000000
0.000000
0.000000
0.000000
0.000000
0.000000
0.000000
0.000000
0.000000
0.000000
0.000000
0.000000
0.000000
0.000000
0.000000
0.000000
0.000000
0.000000
0.000000
0.000000
0.000000
0.000000
0.000000
0.000000
0.000000
0.000000
0.000000
0.000000
0.000000
0.000000
0.000000
0.000000
0.000000
0.000000
0.000000
0.000000
0.000000
0.000000
0.000000
0.000000
0.000000
0.000000
0.000000
0.000000
0.000000
0.000000
0.000000
0.000000
0.000000
0.000000
0.000000
0.000000
0.000000
0.000000
0.000000
0.000000
0.000000
0.000000
0.000000
0.000000
0.000000
0.000000
0.000000
0.000000
0.000000
0.000000
0.000000
0.000000
0.000000
0.000000
0.000000
0.000000
0.000000
0.000000
0.000000
0.000000
0.000000
0.000000
0.000000
0.000000
0.000000
0.000000
0.000000
0.000000
0.000000
0.000000
0.000000
0.000000
0.000000
0.000000
0.000000
0.000000
0.000000
0.000000
0.000000
0.000000
0.000000
0.000000
0.000000
0.000000
0.000000
0.000000
0.000000
0.000000
0.000000
0.000000
0.000000
0.000000
0.000000
0.000000
0.000000
0.000000
0.000000
0.000000
0.000000
0.000000
0.000000
0.000000
0.000000
0.000000
0.000000
0.000000
0.000000
0.000000
0.000000
0.000000
0.000000
0.000000
0.000000
0.000000
0.000000
0.000000
0.000000
0.000000
0.000000
0.000000
0.000000
0.000000
0.000000
0.000000
0.000000
0.000000
0.000000
0.000000
0.000000
0.000000
0.000000
0.000000
0.000000
0.000000
0.000000
0.000000
0.000000
0.000000
0.000000
0.000000
0.000000
0.000000
0.000000
0.000000
0.000000
0.000000
0.000000
0.000000
0.000000
0.000000
0.000000
0.000000
0.000000
0.000000
0.000000
0.000000
0.000000
0.000000
0.000000
0.000000
0.000000
0.000000
0.000000
0.000000
0.000000
0.000000
0.000000
0.000000
0.000000
0.000000
0.000000
0.000000
0.000000
0.000000
0.000000
0.000000
0.000000
0.000000
0.000000
0.000000
0.000000
0.000000
0.000000
0.000000
0.000000
0.000000
0.000000
0.000000
0.000000
0.000000
0.000000
0.000000
0.000000
0.000000
0.000000
0.000000
0.000000
0.000000
0.000000
0.000000
0.000000
0.000000
0.000000
0.000000
0.000000
0.000000
0.000000
0.000000
0.000000
0.000000
0.000000
0.000000
0.000000
0.000000
0.000000
0.000000
0.000000
0.000000
0.000000
0.000000
0.000000
0.000000
0.000000
0.000000
0.000000
0.000000
0.000000
0.000000
0.000000
0.000000
0.000000
0.000000
0.000000
0.000000
0.000000
0.000000
0.000000
0.000000
0.000000
0.000000
0.000000
0.000000
0.000000
0.000000
0.000000
0.000000
0.000000
0.000000
0.000000
0.000000
0.000000
0.000000
0.000000
0.000000
0.000000
0.000000
0.000000
0.000000
0.000000
0.000000
0.000000
0.000000
0.000000
0.000000
0.000000
0.000000
0.000000
0.000000
0.000000
0.000000
0.000000
0.000000
0.000000
0.000000
0.000000
0.000000
0.000000
0.000000
0.000000
0.000000
0.000000
0.000000
0.000000
0.000000
0.000000
0.000000
0.000000
0.000000
0.000000
0.000000
0.000000
0.000000
0.000000
0.000000
0.000000
0.000000
0.000000
0.000000
0.000000
0.000000
0.000000
0.000000
0.000000
0.000000
0.000000
0.000000
0.000000
0.000000
0.000000
0.000000
0.000000
0.000000
0.000000
0.000000
0.000000
0.000000
0.000000
0.000000
0.000000
0.000000
0.000000
0.000000
0.000000
0.000000
0.000000
0.000000
0.000000
0.000000
0.000000
0.000000
0.000000
0.000000
0.000000
0.000000
0.000000
0.000000
0.000000
0.000000
0.000000
0.000000
0.000000
0.000000
0.000000
0.000000
0.000000
0.000000
0.000000
0.000000
0.000000
0.000000
0.000000
0.000000
0.000000
0.000000
0.000000
0.000000
0.000000
0.000000
0.000000
0.000000
0.000000
0.000000
0.000000
0.000000
0.000000
0.000000
0.000000
0.000000
0.000000
0.000000
0.000000
0.000000
0.000000
0.000000
0.000000
0.000000
0.000000
0.000000
0.000000
0.000000
0.000000
0.000000
0.000000
0.000000
0.000000
0.000000
0.000000
0.000000
0.000000
0.000000
0.000000
0.000000
0.000000
0.000000
0.000000
0.000000
0.000000
0.000000
0.000000
0.000000
0.000000
0.000000
0.000000
0.000000
0.000000
0.000000
0.000000
0.000000
0.000000
0.000000
0.000000
0.000000
0.000000
0.000000
0.000000
0.000000
0.000000
0.000000
0.000000
0.000000
0.000000
0.000000
0.000000
0.000000
0.000000
0.000000
0.000000
0.000000
0.000000
0.000000
0.000000
0.000000
0.000000
0.000000
0.000000
0.000000
0.000000
0.000000
0.000000
0.000000
0.000000
0.000000
0.000000
0.000000
0.000000
0.000000
0.000000
0.000000
0.000000
0.000000
0.000000
0.000000
0.000000
0.000000
0.000000
0.000000
0.000000
0.000000
0.000000
0.000000
0.000000
0.000000
0.000000
0.000000
0.000000
0.000000
0.000000
0.000000
0.000000
0.000000
0.000000
0.000000
0.000000
0.000000
0.000000
0.000000
0.000000
0.000000
0.000000
0.000000
0.000000
0.000000
0.000000
0.000000
0.000000
0.000000
0.000000
0.000000
0.000000
0.000000
0.000000
0.000000
0.000000
0.000000
0.000000
0.000000
0.000000
0.000000
0.000000
0.000000
0.000000
0.000000
0.000000
0.000000
0.000000
0.000000
0.000000
0.000000
0.000000
0.000000
0.000000
0.000000
0.000000
0.000000
0.000000
0.000000
0.000000
0.000000
0.000000
0.000000
0.000000
0.000000
0.000000
0.000000
0.000000
0.000000
0.000000
0.000000
0.000000
0.000000
0.000000
0.000000
0.000000
0.000000
0.000000
0.000000
0.000000
0.000000
0.000000
0.000000
0.000000
0.000000
0.000000
0.000000
0.000000
0.000000
0.000000
0.000000
0.000000
0.000000
0.000000
0.000000
0.000000
0.000000
0.000000
0.000000
0.000000
0.000000
0.000000
0.000000
0.000000
0.000000
0.000000
0.000000
0.000000
0.000000
0.000000
0.000000
0.000000
0.000000
0.000000
0.000000
0.000000
0.000000
0.000000
0.000000
0.000000
0.000000
0.000000
0.000000
0.000000
0.000000
0.000000
0.000000
0.000000
0.000000
0.000000
0.000000
0.000000
0.000000
0.000000
0.000000
0.000000
0.000000
0.000000
0.000000
0.000000
0.000000
0.000000
0.000000
0.000000
0.000000
0.000000
0.000000
0.000000
0.000000
0.000000
0.000000
0.000000
0.000000
0.000000
0.000000
0.000000
0.000000
0.000000
0.000000
0.000000
0.000000
0.000000
0.000000
0.000000
0.000000
0.000000
0.000000
0.000000
0.000000
0.000000
0.000000
0.000000
0.000000
0.000000
0.000000
0.000000
0.000000
0.000000
0.000000
0.000000
0.000000
0.000000
0.000000
0.000000
0.000000
0.000000
0.000000
0.000000
0.000000
0.000000
0.000000
0.000000
0.000000
0.000000
0.000000
0.000000
0.000000
0.000000
0.000000
0.000000
0.000000
0.000000
0.000000
0.000000
0.000000
0.000000
0.000000
0.000000
0.000000
0.000000
0.000000
0.000000
0.000000
0.000000
0.000000
0.000000
0.000000
0.000000
0.000000
0.000000
0.000000
0.000000
0.000000
0.000000
0.000000
0.000000
0.000000
0.000000
0.000000
0.000000
0.000000
0.000000
0.000000
0.000000
0.000000
0.000000
0.000000
0.000000
0.000000
0.000000
0.000000
0.000000
0.000000
0.000000
0.000000
0.000000
0.000000
0.000000
0.000000
0.000000
0.000000
0.000000
0.000000
0.000000
0.000000
0.000000
0.000000
0.000000
0.000000
0.000000
0.000000
0.000000
0.000000
0.000000
0.000000
0.000000
0.000000
0.000000
0.000000
0.000000
0.000000
0.000000
0.000000
0.000000
0.000000
0.000000
0.000000
0.000000
0.000000
0.000000
0.000000
0.000000
0.000000
0.000000
0.000000
0.000000
0.000000
0.000000
0.000000
0.000000
0.000000
0.000000
0.000000
0.000000
0.000000
0.000000
0.000000
0.000000
0.000000
0.000000
0.000000
0.000000
0.000000
0.000000
0.000000
0.000000
0.000000
0.000000
0.000000
0.000000
0.000000
0.000000
0.000000
0.000000
0.000000
0.000000
0.000000
0.000000
0.000000
0.000000
0.000000
0.000000
0.000000
0.000000
0.000000
0.000000
0.000000
0.000000
0.000000
0.000000
0.000000
0.000000
0.000000
0.000000
0.000000
0.000000
0.000000
0.000000
0.000000
0.000000
0.000000
0.000000
0.000000
0.000000
0.000000
0.000000
0.000000
0.000000
0.000000
0.000000
0.000000
0.000000
0.000000
0.000000
0.000000
0.000000
0.000000
0.000000
0.000000
0.000000
0.000000
0.000000
0.000000
0.000000
0.000000
0.000000
0.000000
0.000000
0.000000
0.000000
0.000000
0.000000
0.000000
0.000000
0.000000
0.000000
0.000000
0.000000
0.000000
0.000000
0.000000
0.000000
0.000000
0.000000
0.000000
0.000000
0.000000
0.000000
0.000000
0.000000
0.000000
0.000000
0.000000
0.000000
0.000000
0.000000
0.000000
0.000000
0.000000
0.000000
0.000000
0.000000
0.000000
0.000000
0.000000
0.000000
0.000000
0.000000
0.000000
0.000000
0.000000
0.000000
0.000000
0.000000
0.000000
0.000000
0.000000
0.000000
0.000000
0.000000
0.000000
0.000000
0.000000
0.000000
0.000000
0.000000
0.000000
0.000000
0.000000
0.000000
0.000000
0.000000
0.000000
0.000000
0.000000
0.000000
0.000000
0.000000
0.000000
0.000000
0.000000
0.000000
0.000000
0.000000
0.000000
0.000000
0.000000
0.000000
0.000000
0.000000
0.000000
0.000000
0.000000
0.000000
0.000000
0.000000
0.000000
0.000000
0.000000
0.000000
0.000000
0.000000
0.000000
0.000000
0.000000
0.000000
0.000000
0.000000
0.000000
0.000000
0.000000
0.000000
0.000000
0.000000
0.000000
0.000000
0.000000
0.000000
0.000000
0.000000
0.000000
0.000000
0.000000
0.000000
0.000000
0.000000
0.000000
0.000000
0.000000
0.000000
0.000000
0.000000
0.000000
0.000000
0.000000
0.000000
0.000000
0.000000
0.000000
0.000000
0.000000
0.000000
0.000000
0.000000
0.000000
0.000000
0.000000
0.000000
0.000000
0.000000
0.000000
0.000000
0.000000
0.000000
0.000000
0.000000
0.000000
0.000000
0.000000
0.000000
0.000000
0.000000
0.000000
0.000000
0.000000
0.000000
0.000000
0.000000
0.000000
0.000000
0.000000
0.000000
0.000000
0.000000
0.000000
0.000000
0.000000
0.000000
0.000000
0.000000
0.000000
0.000000
0.000000
0.000000
0.000000
0.000000
0.000000
0.000000
0.000000
0.000000
0.000000
0.000000
0.000000
0.000000
0.000000
0.000000
0.000000
0.000000
0.000000
0.000000
0.000000
0.000000
0.000000
0.000000
0.000000
0.000000
0.000000
0.000000
0.000000
0.000000
0.000000
0.000000
0.000000
0.000000
0.000000
0.000000
0.000000
0.000000
0.000000
0.000000
0.000000
0.000000
0.000000
0.000000
0.000000
0.000000
0.000000
0.000000
0.000000
0.000000
0.000000
0.000000
0.000000
0.000000
0.000000
0.000000
0.000000
0.000000
0.000000
0.000000
0.000000
0.000000
0.000000
0.000000
0.000000
0.000000
0.000000
0.000000
0.000000
0.000000
0.000000
0.000000
0.000000
0.000000
0.000000
0.000000
0.000000
0.000000
0.000000
0.000000
0.000000
0.000000
0.000000
0.000000
0.000000
0.000000
0.000000
0.000000
0.000000
0.000000
0.000000
0.000000
0.000000
0.000000
0.000000
0.000000
0.000000
0.000000
0.000000
0.000000
0.000000
0.000000
0.000000
0.000000
0.000000
0.000000
0.000000
0.000000
0.000000
0.000000
0.000000
0.000000
0.000000
0.000000
0.000000
0.000000
0.000000
0.000000
0.000000
0.000000
0.000000
0.000000
0.000000
0.000000
0.000000
0.000000
0.000000
0.000000
0.000000
0.000000
0.000000
0.000000
0.000000
0.000000
0.000000
0.000000
0.000000
0.000000
0.000000
0.000000
0.000000
0.000000
0.000000
0.000000
0.000000
0.000000
0.000000
0.000000
0.000000
0.000000
0.000000
0.000000
0.000000
0.000000
0.000000
0.000000
0.000000
0.000000
0.000000
0.000000
0.000000
0.000000
0.000000
0.000000
0.000000
0.000000
0.000000
0.000000
0.000000
0.000000
0.000000
0.000000
0.000000
0.000000
0.000000
0.000000
0.000000
0.000000
0.000000
0.000000
0.000000
0.000000
0.000000
0.000000
0.000000
0.000000
0.000000
0.000000
0.000000
0.000000
0.000000
0.000000
0.000000
0.000000
0.000000
0.000000
0.000000
0.000000
0.000000
0.000000
0.000000
0.000000
0.000000
0.000000
0.000000
0.000000
0.000000
0.000000
0.000000
0.000000
0.000000
0.000000
0.000000
0.000000
0.000000
0.000000
0.000000
0.000000
0.000000
0.000000
0.000000
0.000000
0.000000
0.000000
0.000000
0.000000
0.000000
0.000000
0.000000
0.000000
0.000000
0.000000
0.000000
0.000000
0.000000
0.000000
0.000000
0.000000
0.000000
0.000000
0.000000
0.000000
0.000000
0.000000
0.000000
0.000000
0.000000
0.000000
0.000000
0.000000
0.000000
0.000000
0.000000
0.000000
0.000000
0.000000
0.000000
0.000000
0.000000
0.000000
0.000000
0.000000
0.000000
0.000000
0.000000
0.000000
0.000000
0.000000
0.000000
0.000000
0.000000
0.000000
0.000000
0.000000
0.000000
0.000000
0.000000
0.000000
0.000000
0.000000
0.000000
0.000000
0.000000
0.000000
0.000000
0.000000
0.000000
0.000000
0.000000
0.000000
0.000000
0.000000
0.000000
0.000000
0.000000
0.000000
0.000000
0.000000
0.000000
0.000000
0.000000
0.000000
0.000000
0.000000
0.000000
0.000000
0.000000
0.000000
0.000000
0.000000
0.000000
0.000000
0.000000
0.000000
0.000000
0.000000
0.000000
0.000000
