1.781407
1.781407
1.781407
1.781407
1.781407
1.781407
1.781407
1.781407
1.781407
1.781407
1.781407
1.781407
1.781407
1.781407
1.781407
1.781407
1.781407
1.781407
1.781407
1.781407
1.781407
1.781407
1.781407
1.781407
1.781407
1.781407
1.781407
1.781407
1.781407
1.781407
1.781407
1.781407
1.781407
1.781407
1.781407
1.781407
1.781407
1.781407
1.781407
1.781407
1.781407
1.781407
1.781407
1.888904
2.101411
2.314277
2.421741
2.744756
2.957230
3.168919
3.490002
3.703818
4.130501
4.448181
4.765600
5.293725
5.613827
5.981403
5.981403
5.981403
5.981403
5.981403
5.981403
5.981403
5.981403
5.981403
5.816103
5.731231
5.625351
5.540840
5.455778
5.350363
5.265675
5.180960
5.076487
4.970626
4.885761
4.780535
4.674798
4.569069
4.463713
4.358316
4.252672
4.147256
4.042770
4.314212
4.843941
5.368500
5.981403
5.981403
5.981403
5.981403
5.981403
5.981403
5.981403
5.833479
5.749504
5.643611
5.538072
5.475301
5.369460
5.263750
5.158976
5.053004
4.947091
4.841583
4.736770
4.630909
4.524806
4.440988
4.334786
4.250327
4.145297
4.039548
3.955272
3.871198
3.765207
3.681454
3.597040
3.533288
3.427631
3.342942
3.280460
3.195666
3.111861
3.047899
2.963682
2.900009
2.836794
2.773277
2.710363
2.646866
2.583075
2.519918
2.455950
2.414195
2.351025
2.287195
2.245309
2.203049
2.139566
2.098066
2.056140
2.013044
1.971171
1.926902
1.885180
1.843758
1.801840
1.781407
1.781407
1.781407
1.781407
1.781407
1.781407
1.781407
1.781407
1.781407
1.781407
1.781407
1.781407
1.781407
1.781407
1.781407
1.781407
1.781407
1.781407
1.781407
1.781407
1.781407
1.781407
1.887988
1.998495
2.400000
2.443450
2.400000
2.505435
2.718466
2.930122
3.300000
3.537933
3.473094
3.408099
3.343653
3.300000
3.300000
3.620723
4.050875
4.372253
4.692715
5.012719
5.439533
5.756297
5.981403
5.981403
5.834636
5.770661
5.686150
5.601101
5.516667
5.432077
5.347486
5.263262
5.157723
5.073205
4.988248
4.882551
4.776906
4.692040
4.586409
4.502113
4.396233
4.290954
4.185486
4.080110
3.996482
3.891249
3.785958
3.701282
3.617425
3.511512
3.426692
3.342462
3.512769
3.934739
4.359491
4.777520
4.671751
4.586846
4.502596
4.396743
4.312584
4.207280
4.122422
4.037818
3.953522
3.868997
3.784741
3.700209
3.616182
3.531742
3.468716
3.384243
3.321035
3.362993
3.300000
3.618367
3.933234
4.419190
4.334992
4.250010
4.165963
4.081425
4.018125
3.933397
3.848826
3.764785
3.701073
3.616829
3.553313
3.468847
3.405527
3.342252
3.678435
3.614807
3.531179
3.468448
3.405625
3.341781
3.300000
3.300000
3.300000
3.300000
3.300000
3.300000
3.363353
3.320668
3.342252
3.300000
3.300000
3.146699
3.084080
3.021251
3.000000
3.000000
3.300000
3.447786
3.384518
3.300000
3.300000
3.300000
3.300000
3.300000
3.300000
3.617484
3.932775
4.248230
4.565485
4.752522
4.668272
4.583714
4.520610
4.435444
4.351613
4.266440
4.203781
4.118307
4.034246
3.949369
3.865609
3.780908
3.696533
3.633613
3.549310
3.465492
3.401812
3.317948
3.253790
3.169050
3.105612
3.105612
3.021133
3.000000
3.000000
3.083844
3.021139
3.000000
3.000000
3.063785
3.000000
3.000000
3.021270
3.084715
3.021035
3.000000
3.000000
3.000000
3.000000
3.000000
3.000000
3.000000
3.000000
3.000000
3.000000
3.000000
3.000000
3.000000
3.000000
3.000000
3.042017
3.105664
3.063399
3.000000
3.000000
3.000000
3.021323
3.000000
3.000000
3.000000
3.000000
3.000000
3.000000
3.000000
3.000000
3.000000
3.000000
3.021794
3.000000
3.000000
3.000000
3.000000
3.000000
3.063464
3.000000
3.300000
3.300000
3.300000
3.300000
3.300000
3.300000
3.300000
3.300000
3.300000
3.404617
3.721545
4.035364
4.458610
4.774556
5.091778
5.513192
5.981403
5.981403
5.981403
5.981403
5.981403
5.981403
5.981403
5.981403
5.981403
5.981403
5.981403
5.981403
5.981403
5.981403
5.981403
5.777155
5.671621
5.566258
5.460882
5.354904
5.228028
5.122377
5.017452
4.911546
4.805273
4.678580
4.573400
4.467716
4.361907
4.256544
4.151083
4.045562
3.939767
3.855949
3.750036
3.666009
3.581975
3.497371
3.413625
3.328655
3.244883
3.160129
3.097057
3.012572
2.949625
2.885611
2.823076
2.758912
2.695867
2.632475
2.568808
2.505514
2.462980
2.442037
2.400000
2.400000
2.400000
2.400000
2.400000
2.608613
2.824130
3.105285
3.063615
3.000000
3.000000
3.000000
3.000000
3.000000
3.000000
3.300000
3.300000
3.300000
3.300000
3.300000
3.300000
3.300000
3.510085
3.932088
4.211284
4.147616
4.063654
4.042704
4.042704
4.042704
4.106711
4.424458
4.845315
5.163029
5.479727
5.711933
5.627421
5.542948
5.458731
5.416642
5.332286
5.247290
5.163033
5.077900
4.994370
4.910774
4.825785
4.741161
4.656886
4.550979
4.508824
4.424247
4.319341
4.234201
4.150108
4.107659
4.023480
3.938627
3.832957
3.749139
3.664293
3.580547
3.495721
3.411628
3.327287
3.263725
3.179121
3.093942
3.010746
2.947164
2.842213
2.757295
2.694551
2.630498
2.567191
2.482561
2.420125
2.356150
2.313930
2.251395
2.186937
2.145214
2.081704
2.038797
1.976184
1.932996
1.824026
1.781407
1.781407
1.781407
1.781407
1.781407
1.781407
1.781407
1.781407
1.781407
1.781407
1.781407
1.781407
1.781407
1.781407
1.781407
1.781407
1.781407
1.781407
1.995026
2.209202
2.423410
2.631467
2.847606
2.958735
3.300000
3.300000
3.300000
3.408969
3.737710
4.068022
4.503343
4.720758
5.152284
5.478571
5.692288
5.692288
5.692288
5.841396
5.776368
5.691234
5.627194
5.584340
5.477504
5.414184
5.328866
5.223353
5.180380
5.096261
4.990335
4.905319
4.821266
4.736426
4.652209
4.546237
4.461411
4.377422
4.292563
4.165793
4.081307
3.974995
3.890882
3.785604
3.679809
3.595500
3.490379
3.405710
3.300000
3.616437
4.142436
4.292754
4.187312
4.102702
3.997175
3.913481
3.828387
3.722827
3.638034
3.553863
3.469345
3.405704
3.321067
3.807176
3.722671
3.637720
3.553588
3.490098
3.406063
3.342331
3.300000
3.511067
3.689013
3.604429
3.541365
3.456735
3.393441
3.329807
3.245485
3.182086
3.118438
3.055053
2.991687
2.928374
2.865139
2.801675
2.738355
2.675231
2.632468
2.569076
2.400000
2.400000
2.630132
2.588403
2.525678
2.484165
2.442547
2.400000
2.400000
2.400000
2.400000
2.631925
2.589633
2.547204
2.484407
2.441814
2.400000
2.400000
2.400000
2.400000
2.674367
2.631742
2.589358
2.568906
2.526483
2.463372
2.421120
2.400000
2.400000
2.400000
2.400000
2.610838
2.568592
2.526987
2.463163
2.420989
2.400000
2.400000
2.400000
2.674780
2.610897
2.568978
2.526398
2.484342
2.442593
2.400000
2.400000
2.400000
2.651056
2.609326
2.567663
2.504899
2.462587
2.421061
2.400000
2.400000
2.400000
2.400000
2.654537
2.612560
2.569980
2.505632
2.463353
2.421100
2.400000
2.400000
2.400000
2.631813
2.589613
2.547485
2.484302
2.442266
2.400000
2.400000
2.400000
2.400000
2.653418
2.590196
2.569390
2.505291
2.463386
2.421558
2.400000
2.400000
2.400000
2.507628
2.906260
2.864282
2.800923
2.758952
2.695841
2.653412
2.611473
2.548290
2.505567
2.442286
2.400000
2.400000
2.462928
2.420989
2.400000
2.400000
2.421283
2.400000
2.245525
2.182336
2.140064
2.098334
2.055997
2.013338
1.971596
1.929219
1.886823
1.844446
1.802429
1.781407
1.781407
1.781407
1.781407
1.781407
1.781407
1.781407
1.781407
1.781407
1.781407
1.781407
1.781407
1.781407
1.990183
2.220132
2.576530
2.533924
2.490435
2.469282
2.425963
2.383180
2.340109
2.275055
2.232344
2.189031
2.146170
2.103518
2.060127
2.017364
1.975000
1.930620
1.888361
1.844544
1.802049
1.781407
1.781407
1.781407
1.781407
1.781407
1.781407
1.781407
1.781407
1.781407
1.781407
1.781407
1.781407
1.781407
1.781407
1.781407
1.882065
2.082097
2.039072
1.995386
1.975268
1.932027
1.889382
1.867941
1.824641
1.781407
1.781407
1.781407
1.781407
1.781407
1.781407
1.781407
1.781407
1.781407
1.781407
1.781407
1.781407
1.781407
1.894140
1.997612
2.211787
2.313001
2.640106
2.750253
3.000000
3.300000
3.300000
3.300000
3.411489
3.635711
3.887617
3.843787
3.777895
3.711675
3.646595
3.580853
3.516270
3.450705
3.365094
3.300000
3.556467
3.470483
3.385435
3.321323
3.300000
3.321041
3.300000
3.321159
3.300000
3.448800
3.363601
3.300000
3.300000
3.300000
3.300000
3.300000
3.321035
3.363765
3.300000
3.300000
3.300000
3.300000
3.300000
3.139886
3.077174
2.991661
2.928930
2.864818
2.802055
2.759972
2.695978
2.633574
2.569521
2.527622
2.463660
2.421369
2.400000
2.400000
2.268274
2.226277
2.226277
2.226277
2.226277
2.226277
2.226277
2.226277
2.184522
2.142616
2.100468
2.055997
2.013580
1.971125
1.928951
1.886757
1.865565
1.823535
1.781407
1.781407
1.781407
1.781407
1.781407
1.781407
1.781407
1.781407
1.781407
1.781407
1.781407
1.781407
1.781407
1.781407
1.781407
1.781407
2.017082
1.996263
1.954102
1.909415
1.887595
1.843863
1.802946
1.781407
1.781407
1.781407
1.781407
1.781407
1.781407
1.781407
1.781407
1.781407
1.781407
1.781407
1.781407
1.781407
1.781407
1.781407
1.781407
1.781407
1.781407
2.016781
1.970772
1.950692
1.886685
1.865886
1.823771
1.781407
1.781407
1.781407
1.781407
1.781407
1.781407
1.781407
1.781407
1.781407
1.781407
1.781407
1.781407
1.781407
1.781407
1.781407
1.781407
1.781407
1.977480
1.957106
1.912255
1.867876
1.847423
1.803286
1.781407
1.781407
1.781407
1.781407
1.781407
1.781407
1.781407
1.781407
1.781407
1.781407
1.781407
1.781407
1.781407
1.781407
1.781407
1.781407
1.781407
1.889657
2.097779
2.713007
2.669262
2.624601
2.579934
2.534795
2.489394
2.422069
2.400000
2.400000
2.400000
2.400000
2.400000
2.400000
2.400000
2.400000
2.400000
2.400000
2.400000
2.616467
2.942819
3.300000
3.300000
3.300000
3.300000
3.623963
3.944360
4.266196
4.638491
4.574379
4.508022
4.444120
4.357933
4.294299
4.208988
4.124600
4.060770
3.975996
3.891550
3.806299
3.722147
3.636738
3.552547
3.489201
3.405769
3.320766
3.300000
3.725668
4.145773
4.461878
4.377883
4.293679
4.208676
4.124774
4.039921
3.955946
3.871179
3.786876
3.702731
3.618042
3.555331
3.470315
3.407408
3.322438
3.259720
3.174913
3.111822
3.047553
2.984416
2.921829
2.858006
2.795222
2.731319
2.668405
2.626264
2.562440
2.499349
2.456808
2.393671
2.351765
2.309264
2.245623
2.203973
2.161210
2.118656
2.076868
2.034746
1.991996
1.949907
1.907458
1.865120
1.844197
1.802278
1.781407
1.781407
1.781407
1.781407
1.781407
1.781407
1.781407
1.781407
1.781407
1.781407
1.781407
1.948428
1.928113
1.887326
1.845735
1.802285
1.781407
1.781407
1.781407
1.781407
1.781407
1.781407
1.781407
1.781407
1.781407
1.781407
1.882817
2.102196
2.380071
2.337472
2.295913
2.253647
2.211035
2.168023
2.125613
2.082784
2.039334
1.996767
1.953821
1.910220
1.867116
1.824065
1.781407
1.781407
1.781407
1.781407
1.781407
1.781407
1.781407
1.781407
2.001015
2.102916
2.505468
2.718171
3.000000
3.000000
2.929408
2.865289
2.822487
2.779580
2.736810
2.672240
2.629536
2.565797
2.523485
2.459576
2.417094
2.353041
2.310396
2.268111
2.225642
2.162106
2.119716
2.077280
2.034857
1.992696
1.949691
1.906640
1.885998
1.844033
1.802101
1.781407
1.781407
1.781407
1.781407
1.781407
1.781407
1.781407
1.781407
1.781407
1.781407
1.781407
1.781407
1.781407
1.781407
1.781407
1.781407
1.997023
2.212933
2.316470
2.525181
2.739978
3.000000
3.000000
3.000000
3.300000
3.155789
3.112711
3.046695
2.981222
2.937392
2.871690
2.828985
2.764213
2.699630
2.635112
2.591943
2.527608
2.463352
2.420792
2.378311
2.314042
2.271632
2.207638
2.165293
2.122818
2.058981
2.016578
1.974057
1.931896
1.888950
1.846697
1.803574
1.781407
1.781407
1.781407
1.781407
1.781407
1.781407
1.781407
1.781407
1.781407
1.781407
1.781407
1.781407
1.781407
1.781407
1.781407
1.781407
1.884650
2.086489
2.506875
2.720266
3.000000
3.000000
3.000000
3.172446
3.106665
3.042147
2.998500
2.933165
2.869026
2.825511
2.760836
2.718007
2.718007
2.652743
2.610059
2.546241
2.502909
2.439621
2.375228
2.332720
2.268778
2.226323
2.183684
2.141576
2.077791
2.035525
1.993489
1.951125
1.908237
1.865507
1.842450
1.801715
1.781407
1.781407
1.781407
1.781407
1.781407
1.781407
1.781407
1.781407
1.781407
1.781407
1.781407
1.781407
1.781407
1.781407
1.781407
1.896038
2.115057
2.400000
2.710841
3.000000
3.000000
3.000000
3.300000
3.147825
3.082744
3.082744
3.039955
2.975307
2.932190
2.867914
2.803455
2.782106
2.718020
2.674524
2.610537
2.546490
2.503661
2.440387
2.397637
2.354887
2.290926
2.248437
2.206185
2.142348
2.100075
2.057541
2.015315
1.972885
1.930135
1.887464
1.823817
1.781407
1.781407
1.781407
1.781407
1.781407
1.781407
1.781407
1.781407
1.781407
1.781407
1.781407
1.781407
1.781407
1.781407
1.781407
1.781407
1.893093
1.993521
2.197912
2.410485
2.627900
3.000000
3.300000
3.300000
3.127110
3.083267
3.017591
2.953184
2.909374
2.844712
2.779567
2.779567
2.715605
2.651709
2.587106
2.544697
2.480892
2.416918
2.374783
2.310122
2.267980
2.225688
2.161622
2.119690
2.077359
2.034792
1.992009
1.950097
1.907052
1.864675
1.822992
1.801938
1.781407
1.781407
1.781407
1.781407
1.781407
1.781407
1.781407
1.781407
1.781407
1.781407
1.781407
1.781407
1.781407
1.781407
1.781407
1.781407
2.006480
2.107432
2.504028
2.719971
3.000000
3.000000
3.300000
3.153171
3.110113
3.044974
3.001432
2.936607
2.871624
2.828226
2.764023
2.699381
2.656539
2.592074
2.527575
2.484858
2.421080
2.378441
2.314676
2.272214
2.229779
2.165987
2.123597
2.081449
2.039040
1.996139
1.953998
1.911058
1.868635
1.803142
1.781407
1.781407
1.781407
1.781407
1.781407
1.781407
1.781407
1.781407
1.781407
1.781407
1.781407
1.781407
1.781407
1.781407
1.781407
1.781407
1.891096
2.121241
2.224092
2.432573
2.652181
3.000000
3.000000
3.300000
3.300000
3.130042
3.063895
3.020562
2.954867
2.889845
2.824902
2.781281
2.738774
2.738774
2.695552
2.631139
2.588919
2.524179
2.481318
2.418534
2.375751
2.332511
2.269191
2.227023
2.184240
2.120665
2.078281
2.035329
1.993187
1.949835
1.907805
1.865716
1.844845
1.802972
1.781407
1.781407
1.781407
1.781407
1.781407
1.781407
1.781407
1.781407
1.781407
1.781407
1.781407
1.781407
1.781407
1.781407
1.781407
1.781407
1.781407
1.882981
2.088583
2.400000
2.615485
3.000000
3.000000
3.300000
3.151352
3.107705
3.064307
3.020772
2.955181
2.890382
2.825406
2.782649
2.718302
2.653712
2.611237
2.546490
2.503792
2.440309
2.375673
2.333538
2.291181
2.226663
2.184764
2.142341
2.099408
2.057123
2.015073
1.972310
1.929488
1.887824
1.802213
1.781407
1.781407
1.781407
1.781407
1.781407
1.781407
1.781407
1.781407
1.781407
1.781407
1.781407
1.781407
1.781407
1.781407
1.781407
1.781407
1.893093
2.103407
2.305311
2.520959
2.734382
3.000000
3.000000
3.300000
3.130121
3.086533
3.021230
2.955436
2.912653
2.847357
2.782643
2.782643
2.717922
2.653188
2.610713
2.546163
2.482398
2.440047
2.376151
2.333290
2.291305
2.227220
2.184771
2.142322
2.099585
2.057050
2.014752
1.972558
1.929671
1.886888
1.844190
1.823018
1.781407
1.781407
1.781407
1.781407
1.781407
1.781407
1.883865
2.092412
2.400000
2.503603
2.715095
3.000000
3.000000
3.300000
3.300000
3.514012
3.957095
3.892970
3.830593
3.766370
3.702631
3.617772
3.554544
3.469626
3.406306
3.342757
3.405632
3.828027
4.146395
4.569903
4.888500
5.312892
5.736401
5.981403
5.981403
5.981403
5.981403
5.981403
5.981403
5.981403
5.981403
5.981403
5.981403
5.981403
5.981403
5.981403
5.981403
5.981403
5.981403
5.981403
5.981403
5.981403
5.981403
5.981403
5.981403
5.981403
5.981403
5.981403
5.981403
5.772485
5.646055
5.540443
5.435073
5.308630
5.202913
5.076953
4.971629
4.845002
4.718630
4.612651
4.485468
4.380053
4.274709
4.146374
4.039342
3.933344
3.827915
3.743011
3.637484
3.553084
3.447498
3.384113
3.340963
3.340963
3.300000
3.300000
3.300000
3.300000
3.300000
3.300000
3.300000
3.300000
3.105894
3.042194
3.300000
3.300000
3.300000
3.300000
3.300000
3.300000
3.300000
3.300000
3.300000
3.300000
3.300000
3.300000
3.300000
3.300000
3.300000
3.300000
3.300000
3.300000
3.300000
3.106299
3.042527
3.000000
3.300000
3.300000
3.300000
3.300000
3.300000
3.300000
3.300000
3.300000
3.300000
3.126738
3.063909
3.000000
3.085278
3.021264
3.000000
3.300000
3.300000
3.300000
3.300000
3.300000
3.300000
3.300000
3.300000
3.300000
3.300000
3.300000
3.300000
3.300000
3.300000
3.173683
3.110153
3.046951
2.983179
2.941267
2.878169
2.814352
2.751699
2.709093
2.646002
2.581249
2.539336
2.476821
2.434634
2.370882
2.328237
2.286501
2.243392
2.202409
2.140051
2.098145
2.055840
2.013666
1.971668
1.929206
1.908165
1.866010
1.823503
0.000000
0.000000
0.000000
0.000000
0.000000
0.000000
0.000000
0.000000
0.000000
0.000000
0.000000
0.000000
0.000000
0.000000
0.000000
0.000000
0.000000
0.000000
0.000000
0.000000
0.000000
0.000000
0.000000
0.000000
0.000000
0.000000
0.000000
0.000000
0.000000
0.000000
0.000000
0.000000
0.000000
0.000000
0.000000
0.000000
0.000000
0.000000
0.000000
0.000000
0.000000
0.000000
0.000000
0.000000
0.000000
0.000000
0.000000
0.000000
0.000000
0.000000
0.000000
0.000000
0.000000
0.000000
0.000000
0.000000
0.000000
0.000000
0.000000
0.000000
0.000000
0.000000
0.000000
0.000000
0.000000
0.000000
0.000000
0.000000
0.000000
0.000000
0.000000
0.000000
0.000000
0.000000
0.000000
0.000000
0.000000
0.000000
0.000000
0.000000
0.000000
0.000000
0.000000
0.000000
0.000000
0.000000
0.000000
0.000000
0.000000
0.000000
0.000000
0.000000
0.000000
0.000000
0.000000
0.000000
0.000000
0.000000
0.000000
0.000000
0.000000
0.000000
0.000000
0.000000
0.000000
0.000000
0.000000
0.000000
0.000000
0.000000
0.000000
0.000000
0.000000
0.000000
0.000000
0.000000
0.000000
0.000000
0.000000
0.000000
0.000000
0.000000
0.000000
0.000000
0.000000
0.000000
0.000000
0.000000
0.000000
0.000000
0.000000
0.000000
0.000000
0.000000
0.000000
0.000000
0.000000
0.000000
0.000000
0.000000
0.000000
0.000000
0.000000
0.000000
0.000000
0.000000
0.000000
0.000000
0.000000
0.000000
0.000000
0.000000
0.000000
0.000000
0.000000
0.000000
0.000000
0.000000
0.000000
0.000000
0.000000
0.000000
0.000000
0.000000
0.000000
0.000000
0.000000
0.000000
0.000000
0.000000
0.000000
0.000000
0.000000
0.000000
0.000000
0.000000
0.000000
0.000000
0.000000
0.000000
0.000000
0.000000
0.000000
0.000000
0.000000
0.000000
0.000000
0.000000
0.000000
0.000000
0.000000
0.000000
0.000000
0.000000
0.000000
0.000000
0.000000
0.000000
0.000000
0.000000
0.000000
0.000000
0.000000
0.000000
0.000000
0.000000
0.000000
0.000000
0.000000
0.000000
0.000000
0.000000
0.000000
0.000000
0.000000
0.000000
0.000000
0.000000
0.000000
0.000000
0.000000
0.000000
0.000000
0.000000
0.000000
0.000000
0.000000
0.000000
0.000000
0.000000
0.000000
0.000000
0.000000
0.000000
0.000000
0.000000
0.000000
0.000000
0.000000
0.000000
0.000000
0.000000
0.000000
0.000000
0.000000
0.000000
0.000000
0.000000
0.000000
0.000000
0.000000
0.000000
0.000000
0.000000
0.000000
0.000000
0.000000
0.000000
0.000000
0.000000
0.000000
0.000000
0.000000
0.000000
0.000000
0.000000
0.000000
0.000000
0.000000
0.000000
0.000000
0.000000
0.000000
0.000000
0.000000
0.000000
0.000000
0.000000
0.000000
0.000000
0.000000
0.000000
0.000000
0.000000
0.000000
0.000000
0.000000
0.000000
0.000000
0.000000
0.000000
0.000000
0.000000
0.000000
0.000000
0.000000
0.000000
0.000000
0.000000
0.000000
0.000000
0.000000
0.000000
0.000000
0.000000
0.000000
0.000000
0.000000
0.000000
0.000000
0.000000
0.000000
0.000000
0.000000
0.000000
0.000000
0.000000
0.000000
0.000000
0.000000
0.000000
0.000000
0.000000
0.000000
0.000000
0.000000
0.000000
0.000000
0.000000
0.000000
0.000000
0.000000
0.000000
0.000000
0.000000
0.000000
0.000000
0.000000
0.000000
0.000000
0.000000
0.000000
0.000000
0.000000
0.000000
0.000000
0.000000
0.000000
0.000000
0.000000
0.000000
0.000000
0.000000
0.000000
0.000000
0.000000
0.000000
0.000000
0.000000
0.000000
0.000000
0.000000
0.000000
0.000000
0.000000
0.000000
0.000000
0.000000
0.000000
0.000000
0.000000
0.000000
0.000000
0.000000
0.000000
0.000000
0.000000
0.000000
0.000000
0.000000
0.000000
0.000000
0.000000
0.000000
0.000000
0.000000
0.000000
0.000000
0.000000
0.000000
0.000000
0.000000
0.000000
0.000000
0.000000
0.000000
0.000000
0.000000
0.000000
0.000000
0.000000
0.000000
0.000000
0.000000
0.000000
0.000000
0.000000
0.000000
0.000000
0.000000
0.000000
0.000000
0.000000
0.000000
0.000000
0.000000
0.000000
0.000000
0.000000
0.000000
0.000000
0.000000
0.000000
0.000000
0.000000
0.000000
0.000000
0.000000
0.000000
0.000000
0.000000
0.000000
0.000000
0.000000
0.000000
0.000000
0.000000
0.000000
0.000000
0.000000
0.000000
0.000000
0.000000
0.000000
0.000000
0.000000
0.000000
0.000000
0.000000
0.000000
0.000000
0.000000
0.000000
0.000000
0.000000
0.000000
0.000000
0.000000
0.000000
0.000000
0.000000
0.000000
0.000000
0.000000
0.000000
0.000000
0.000000
0.000000
0.000000
0.000000
0.000000
0.000000
0.000000
0.000000
0.000000
0.000000
0.000000
0.000000
0.000000
0.000000
0.000000
0.000000
0.000000
0.000000
0.000000
0.000000
0.000000
0.000000
0.000000
0.000000
0.000000
0.000000
0.000000
0.000000
0.000000
0.000000
0.000000
0.000000
0.000000
0.000000
0.000000
0.000000
0.000000
0.000000
0.000000
0.000000
0.000000
0.000000
0.000000
0.000000
0.000000
0.000000
0.000000
0.000000
0.000000
0.000000
0.000000
0.000000
0.000000
0.000000
0.000000
0.000000
0.000000
0.000000
0.000000
0.000000
0.000000
0.000000
0.000000
0.000000
0.000000
0.000000
0.000000
0.000000
0.000000
0.000000
0.000000
0.000000
0.000000
0.000000
0.000000
0.000000
0.000000
0.000000
0.000000
0.000000
0.000000
0.000000
0.000000
0.000000
0.000000
0.000000
0.000000
0.000000
0.000000
0.000000
0.000000
0.000000
0.000000
0.000000
0.000000
0.000000
0.000000
0.000000
0.000000
0.000000
0.000000
0.000000
0.000000
0.000000
0.000000
0.000000
0.000000
0.000000
0.000000
0.000000
0.000000
0.000000
0.000000
0.000000
0.000000
0.000000
0.000000
0.000000
0.000000
0.000000
0.000000
0.000000
0.000000
0.000000
0.000000
0.000000
0.000000
0.000000
0.000000
0.000000
0.000000
0.000000
0.000000
0.000000
0.000000
0.000000
0.000000
0.000000
0.000000
0.000000
0.000000
0.000000
0.000000
0.000000
0.000000
0.000000
0.000000
0.000000
0.000000
0.000000
0.000000
0.000000
0.000000
0.000000
0.000000
0.000000
0.000000
0.000000
0.000000
0.000000
0.000000
0.000000
0.000000
0.000000
0.000000
0.000000
0.000000
0.000000
0.000000
0.000000
0.000000
0.000000
0.000000
0.000000
0.000000
0.000000
0.000000
0.000000
0.000000
0.000000
0.000000
0.000000
0.000000
0.000000
0.000000
0.000000
0.000000
0.000000
0.000000
0.000000
0.000000
0.000000
0.000000
0.000000
0.000000
0.000000
0.000000
0.000000
0.000000
0.000000
0.000000
0.000000
0.000000
0.000000
0.000000
0.000000
0.000000
0.000000
0.000000
0.000000
0.000000
0.000000
0.000000
0.000000
0.000000
0.000000
0.000000
0.000000
0.000000
0.000000
0.000000
0.000000
0.000000
0.000000
0.000000
0.000000
0.000000
0.000000
0.000000
0.000000
0.000000
0.000000
0.000000
0.000000
0.000000
0.000000
0.000000
0.000000
0.000000
0.000000
0.000000
0.000000
0.000000
0.000000
0.000000
0.000000
0.000000
0.000000
0.000000
0.000000
0.000000
0.000000
0.000000
0.000000
0.000000
0.000000
0.000000
0.000000
0.000000
0.000000
0.000000
0.000000
0.000000
0.000000
0.000000
0.000000
0.000000
0.000000
0.000000
0.000000
0.000000
0.000000
0.000000
0.000000
0.000000
0.000000
0.000000
0.000000
0.000000
0.000000
0.000000
0.000000
0.000000
0.000000
0.000000
0.000000
0.000000
0.000000
0.000000
0.000000
0.000000
0.000000
0.000000
0.000000
0.000000
0.000000
0.000000
0.000000
0.000000
0.000000
0.000000
0.000000
0.000000
0.000000
0.000000
0.000000
0.000000
0.000000
0.000000
0.000000
0.000000
0.000000
0.000000
0.000000
0.000000
0.000000
0.000000
0.000000
0.000000
0.000000
0.000000
0.000000
0.000000
0.000000
0.000000
0.000000
0.000000
0.000000
0.000000
0.000000
0.000000
0.000000
0.000000
0.000000
0.000000
0.000000
0.000000
0.000000
0.000000
0.000000
0.000000
0.000000
0.000000
0.000000
0.000000
0.000000
0.000000
0.000000
0.000000
0.000000
0.000000
0.000000
0.000000
0.000000
0.000000
0.000000
0.000000
0.000000
0.000000
0.000000
0.000000
0.000000
0.000000
0.000000
0.000000
0.000000
0.000000
0.000000
0.000000
0.000000
0.000000
0.000000
0.000000
0.000000
0.000000
0.000000
0.000000
0.000000
0.000000
0.000000
0.000000
0.000000
0.000000
0.000000
0.000000
0.000000
0.000000
0.000000
0.000000
0.000000
0.000000
0.000000
0.000000
0.000000
0.000000
0.000000
0.000000
0.000000
0.000000
0.000000
0.000000
0.000000
0.000000
0.000000
0.000000
0.000000
0.000000
0.000000
0.000000
0.000000
0.000000
0.000000
0.000000
0.000000
0.000000
0.000000
0.000000
0.000000
0.000000
0.000000
0.000000
0.000000
0.000000
0.000000
0.000000
0.000000
0.000000
0.000000
0.000000
0.000000
0.000000
0.000000
0.000000
0.000000
0.000000
0.000000
0.000000
0.000000
0.000000
0.000000
0.000000
0.000000
0.000000
0.000000
0.000000
0.000000
0.000000
0.000000
0.000000
0.000000
0.000000
0.000000
0.000000
0.000000
0.000000
0.000000
0.000000
0.000000
0.000000
0.000000
0.000000
0.000000
0.000000
0.000000
0.000000
0.000000
0.000000
0.000000
0.000000
0.000000
0.000000
0.000000
0.000000
0.000000
0.000000
0.000000
0.000000
0.000000
0.000000
0.000000
0.000000
0.000000
0.000000
0.000000
0.000000
0.000000
0.000000
0.000000
0.000000
0.000000
0.000000
0.000000
0.000000
0.000000
0.000000
0.000000
0.000000
0.000000
0.000000
0.000000
0.000000
0.000000
0.000000
0.000000
0.000000
0.000000
0.000000
0.000000
0.000000
0.000000
0.000000
0.000000
0.000000
0.000000
0.000000
0.000000
0.000000
0.000000
0.000000
0.000000
0.000000
0.000000
0.000000
0.000000
0.000000
0.000000
0.000000
0.000000
0.000000
0.000000
0.000000
0.000000
0.000000
0.000000
0.000000
0.000000
0.000000
0.000000
0.000000
0.000000
0.000000
0.000000
0.000000
0.000000
0.000000
0.000000
0.000000
0.000000
0.000000
0.000000
0.000000
0.000000
0.000000
0.000000
0.000000
0.000000
0.000000
0.000000
0.000000
0.000000
0.000000
0.000000
0.000000
0.000000
0.000000
0.000000
0.000000
0.000000
0.000000
0.000000
0.000000
0.000000
0.000000
0.000000
0.000000
0.000000
0.000000
0.000000
0.000000
0.000000
0.000000
0.000000
0.000000
0.000000
0.000000
0.000000
0.000000
0.000000
0.000000
0.000000
0.000000
0.000000
0.000000
0.000000
0.000000
0.000000
0.000000
0.000000
0.000000
0.000000
0.000000
0.000000
0.000000
0.000000
0.000000
0.000000
0.000000
0.000000
0.000000
0.000000
0.000000
0.000000
0.000000
0.000000
0.000000
0.000000
0.000000
0.000000
0.000000
0.000000
0.000000
0.000000
0.000000
0.000000
0.000000
0.000000
0.000000
0.000000
0.000000
0.000000
0.000000
0.000000
0.000000
0.000000
0.000000
0.000000
0.000000
0.000000
0.000000
0.000000
0.000000
0.000000
0.000000
0.000000
0.000000
0.000000
0.000000
0.000000
0.000000
0.000000
0.000000
0.000000
0.000000
0.000000
0.000000
0.000000
0.000000
0.000000
0.000000
0.000000
0.000000
0.000000
0.000000
0.000000
0.000000
0.000000
0.000000
0.000000
0.000000
0.000000
0.000000
0.000000
0.000000
0.000000
0.000000
0.000000
0.000000
0.000000
0.000000
0.000000
0.000000
0.000000
0.000000
0.000000
0.000000
0.000000
0.000000
0.000000
0.000000
0.000000
0.000000
0.000000
0.000000
0.000000
0.000000
0.000000
0.000000
0.000000
0.000000
0.000000
0.000000
0.000000
0.000000
0.000000
0.000000
0.000000
0.000000
0.000000
0.000000
0.000000
0.000000
0.000000
0.000000
0.000000
0.000000
0.000000
0.000000
0.000000
0.000000
0.000000
0.000000
0.000000
0.000000
0.000000
0.000000
0.000000
0.000000
0.000000
0.000000
0.000000
0.000000
0.000000
0.000000
0.000000
0.000000
0.000000
0.000000
0.000000
0.000000
0.000000
0.000000
0.000000
0.000000
0.000000
0.000000
0.000000
0.000000
0.000000
0.000000
0.000000
0.000000
0.000000
0.000000
0.000000
0.000000
0.000000
0.000000
0.000000
0.000000
0.000000
0.000000
0.000000
0.000000
0.000000
0.000000
0.000000
0.000000
0.000000
0.000000
0.000000
0.000000
0.000000
0.000000
0.000000
0.000000
0.000000
0.000000
0.000000
0.000000
0.000000
0.000000
0.000000
0.000000
0.000000
0.000000
0.000000
0.000000
0.000000
0.000000
0.000000
0.000000
0.000000
0.000000
0.000000
0.000000
0.000000
0.000000
0.000000
0.000000
0.000000
0.000000
0.000000
0.000000
0.000000
0.000000
0.000000
0.000000
0.000000
0.000000
0.000000
0.000000
0.000000
0.000000
0.000000
0.000000
0.000000
0.000000
0.000000
0.000000
0.000000
0.000000
0.000000
0.000000
0.000000
0.000000
0.000000
0.000000
0.000000
0.000000
0.000000
0.000000
0.000000
0.000000
0.000000
0.000000
0.000000
0.000000
0.000000
0.000000
0.000000
0.000000
0.000000
0.000000
0.000000
0.000000
0.000000
0.000000
0.000000
0.000000
0.000000
0.000000
0.000000
0.000000
0.000000
0.000000
0.000000
0.000000
0.000000
0.000000
0.000000
0.000000
0.000000
0.000000
0.000000
0.000000
0.000000
0.000000
0.000000
0.000000
0.000000
0.000000
0.000000
0.000000
0.000000
0.000000
0.000000
0.000000
0.000000
0.000000
0.000000
0.000000
0.000000
0.000000
0.000000
0.000000
0.000000
0.000000
0.000000
0.000000
0.000000
0.000000
0.000000
0.000000
0.000000
0.000000
0.000000
0.000000
0.000000
0.000000
0.000000
0.000000
0.000000
0.000000
0.000000
0.000000
0.000000
0.000000
0.000000
0.000000
0.000000
0.000000
0.000000
0.000000
0.000000
0.000000
0.000000
0.000000
0.000000
0.000000
0.000000
0.000000
0.000000
0.000000
0.000000
0.000000
0.000000
0.000000
0.000000
0.000000
0.000000
0.000000
0.000000
0.000000
0.000000
0.000000
0.000000
0.000000
0.000000
0.000000
0.000000
0.000000
0.000000
0.000000
0.000000
0.000000
0.000000
0.000000
0.000000
0.000000
0.000000
0.000000
0.000000
0.000000
0.000000
0.000000
0.000000
0.000000
0.000000
0.000000
0.000000
0.000000
0.000000
0.000000
0.000000
0.000000
0.000000
0.000000
0.000000
0.000000
0.000000
0.000000
0.000000
0.000000
0.000000
0.000000
0.000000
0.000000
0.000000
0.000000
0.000000
0.000000
0.000000
0.000000
0.000000
0.000000
0.000000
0.000000
0.000000
0.000000
0.000000
0.000000
0.000000
0.000000
0.000000
0.000000
0.000000
0.000000
0.000000
0.000000
0.000000
0.000000
0.000000
0.000000
0.000000
0.000000
0.000000
0.000000
0.000000
0.000000
0.000000
0.000000
0.000000
0.000000
0.000000
0.000000
0.000000
0.000000
0.000000
0.000000
0.000000
0.000000
0.000000
0.000000
0.000000
0.000000
0.000000
0.000000
0.000000
0.000000
0.000000
0.000000
0.000000
0.000000
0.000000
0.000000
0.000000
0.000000
0.000000
0.000000
0.000000
0.000000
0.000000
0.000000
0.000000
0.000000
0.000000
0.000000
0.000000
0.000000
0.000000
0.000000
0.000000
0.000000
0.000000
0.000000
0.000000
0.000000
0.000000
0.000000
0.000000
0.000000
0.000000
0.000000
0.000000
0.000000
0.000000
0.000000
0.000000
0.000000
0.000000
0.000000
0.000000
0.000000
0.000000
0.000000
0.000000
0.000000
0.000000
0.000000
0.000000
0.000000
0.000000
0.000000
0.000000
0.000000
0.000000
0.000000
0.000000
0.000000
0.000000
0.000000
0.000000
0.000000
0.000000
0.000000
0.000000
0.000000
0.000000
0.000000
0.000000
0.000000
0.000000
0.000000
0.000000
0.000000
0.000000
0.000000
0.000000
0.000000
0.000000
0.000000
0.000000
0.000000
0.000000
0.000000
0.000000
0.000000
0.000000
0.000000
0.000000
0.000000
0.000000
0.000000
0.000000
0.000000
0.000000
0.000000
0.000000
0.000000
0.000000
0.000000
0.000000
0.000000
0.000000
0.000000
0.000000
0.000000
0.000000
0.000000
0.000000
0.000000
0.000000
0.000000
0.000000
0.000000
0.000000
0.000000
0.000000
0.000000
0.000000
0.000000
0.000000
0.000000
0.000000
0.000000
0.000000
0.000000
0.000000
0.000000
0.000000
0.000000
0.000000
0.000000
0.000000
0.000000
0.000000
0.000000
0.000000
0.000000
0.000000
0.000000
0.000000
0.000000
0.000000
0.000000
0.000000
0.000000
0.000000
0.000000
0.000000
0.000000
0.000000
0.000000
0.000000
0.000000
0.000000
0.000000
0.000000
0.000000
0.000000
0.000000
0.000000
0.000000
0.000000
0.000000
0.000000
0.000000
0.000000
0.000000
0.000000
0.000000
0.000000
0.000000
0.000000
0.000000
0.000000
0.000000
0.000000
0.000000
0.000000
0.000000
0.000000
0.000000
0.000000
0.000000
0.000000
0.000000
0.000000
0.000000
0.000000
0.000000
0.000000
0.000000
0.000000
0.000000
0.000000
0.000000
0.000000
0.000000
0.000000
0.000000
0.000000
0.000000
0.000000
0.000000
0.000000
0.000000
0.000000
0.000000
0.000000
0.000000
0.000000
0.000000
0.000000
0.000000
0.000000
0.000000
0.000000
0.000000
0.000000
0.000000
0.000000
0.000000
0.000000
0.000000
0.000000
0.000000
0.000000
0.000000
0.000000
0.000000
0.000000
0.000000
0.000000
0.000000
0.000000
0.000000
0.000000
0.000000
0.000000
0.000000
0.000000
0.000000
0.000000
0.000000
0.000000
0.000000
0.000000
0.000000
0.000000
0.000000
0.000000
