1.781407
1.781407
1.781407
1.781407
1.781407
1.781407
1.781407
1.781407
1.781407
1.781407
1.781407
1.781407
1.781407
1.781407
1.781407
1.781407
1.781407
1.781407
1.781407
1.781407
1.781407
1.781407
1.781407
1.781407
1.781407
1.781407
1.781407
1.781407
1.781407
1.781407
1.781407
1.781407
1.781407
1.961120
2.142557
2.326053
2.506850
2.687258
2.867193
3.050021
3.319215
3.591301
3.862359
4.131608
4.481405
4.481405
4.481405
4.481405
4.481405
4.481405
4.481405
4.481405
4.481405
4.481405
4.481405
4.481405
4.481405
4.481405
4.481405
4.481405
4.481405
4.481405
4.481405
4.481405
4.481405
4.481405
4.481405
4.481405
4.481405
4.481405
4.481405
4.481405
4.481405
4.481405
4.481405
4.481405
4.481405
4.481405
4.481405
4.481405
4.481405
4.481405
4.481405
4.481405
4.481405
4.481405
4.481405
4.481405
4.481405
4.481405
4.481405
4.481405
4.481405
4.481405
4.481405
4.481405
4.481405
4.481405
4.481405
4.481405
4.481405
4.481405
4.481405
4.481405
4.481405
4.481405
4.481405
4.481405
4.342835
4.236974
4.152803
4.068369
4.005174
3.920951
3.836511
3.752778
3.689032
3.605201
3.541652
3.457566
3.393754
3.330572
3.266865
3.203205
3.140376
3.076244
3.013572
2.950514
2.887626
2.824136
2.781693
2.718838
2.654988
2.612781
2.549853
2.507300
2.464890
2.401937
2.359318
2.317117
2.275042
2.232638
2.169116
2.127288
2.085212
2.042920
2.000000
2.000000
2.000000
2.176737
2.265745
2.354336
2.796576
2.755966
2.715690
2.671500
2.605876
2.584933
2.541064
2.498105
2.453673
2.408305
2.385614
2.323426
2.302248
2.259354
2.216689
2.173592
2.129932
2.086174
2.064799
2.021578
2.000000
2.000000
2.000000
2.000000
2.000000
2.000000
2.000000
2.000000
2.092151
2.273672
2.500000
2.500000
2.500000
2.680881
2.863542
3.132597
3.313395
3.585147
3.854313
4.217605
4.481405
4.481405
4.481405
4.481405
4.481405
4.481405
4.481405
4.481405
4.481405
4.481405
4.481405
4.481405
4.481405
4.481405
4.481405
4.481405
4.481405
4.481405
4.481405
4.481405
4.481405
4.481405
4.481405
4.481405
4.481405
4.481405
4.481405
4.481405
4.481405
4.481405
4.481405
4.481405
4.481405
4.481405
4.481405
4.481405
4.481405
4.481405
4.481405
4.481405
4.481405
4.481405
4.481405
4.481405
4.481405
4.481405
4.481405
4.481405
4.481405
4.481405
4.355942
4.271378
4.187095
4.102871
4.018104
3.934515
3.849459
3.765524
3.701667
3.617901
3.553927
3.470122
3.406625
3.344188
3.280194
3.196167
3.132670
3.069658
3.005939
2.963607
2.899875
2.836771
2.774072
2.732514
2.669089
2.627105
2.563130
2.520864
2.500000
2.500000
2.500000
2.500000
2.500000
2.500000
2.500000
2.500000
2.500000
2.500000
2.500000
2.500000
2.500000
2.712029
2.669645
2.606175
2.563830
2.500000
2.500000
2.500000
2.500000
2.500000
2.500000
2.500000
2.500000
2.500000
2.589954
2.858674
3.037358
3.308387
3.576246
3.846663
4.318050
4.254259
4.170022
4.106840
4.022839
3.959512
3.875825
3.812138
3.728209
3.664751
3.580344
3.516710
3.432879
3.369853
3.285852
3.222473
3.159827
3.096684
3.032971
2.970312
2.906573
2.843822
2.780574
2.738263
2.675637
2.611714
2.569808
2.506711
2.464183
2.400870
2.358990
2.316057
2.295140
2.231670
2.187827
2.146824
2.104814
2.061841
2.020635
2.000000
2.000000
2.000000
2.000000
2.000000
2.000000
2.000000
2.000000
2.000000
2.000000
2.000000
2.000000
2.000000
2.000000
2.000000
2.000000
2.000000
2.000000
2.000000
2.000000
2.000000
2.000000
2.000000
2.000000
2.000000
2.000000
2.000000
2.000000
2.000000
2.000000
2.000000
2.000000
2.000000
2.000000
2.000000
2.000000
2.000000
2.000000
2.000000
2.000000
2.000000
2.000000
2.000000
2.000000
2.000000
2.000000
2.000000
2.000000
2.000000
2.000000
2.000000
2.000000
2.000000
2.000000
2.000000
2.000000
2.000000
2.000000
2.000000
2.000000
2.000000
2.000000
2.000000
2.000000
2.000000
2.000000
2.000000
2.000000
2.000000
2.000000
2.000000
2.000000
2.000000
2.000000
2.000000
2.000000
2.000000
2.000000
2.000000
2.000000
2.000000
2.000000
2.000000
2.000000
2.000000
2.000000
2.000000
2.000000
2.000000
2.000000
2.000000
2.086366
2.263575
2.500000
2.500000
2.500000
2.500000
2.500000
2.500000
2.500000
2.589731
2.858953
3.037887
3.308888
3.576775
3.844939
4.114467
4.481405
4.481405
4.481405
4.481405
4.481405
4.481405
4.481405
4.481405
4.481405
4.481405
4.481405
4.481405
4.481405
4.481405
4.481405
4.481405
4.481405
4.481405
4.481405
4.481405
4.481405
4.481405
4.481405
4.481405
4.342135
4.257950
4.173235
4.088757
4.004598
3.919445
3.835358
3.750415
3.687356
3.602838
3.539708
3.455124
3.391935
3.328360
3.244476
3.180861
3.118000
3.054536
2.991078
2.928157
2.864353
2.822369
2.759009
2.695630
2.653842
2.590149
2.548165
2.485290
2.442638
2.400457
2.337785
2.295160
2.253378
2.211374
2.168768
2.126306
2.084472
2.042167
2.000000
2.000000
2.000000
2.000000
2.000000
2.000000
2.000000
2.000000
2.000000
2.089231
2.316227
2.274099
2.231585
2.189286
2.145659
2.103891
2.061717
2.020616
2.000000
2.089092
2.266078
2.500000
2.500000
2.500000
2.500000
2.500000
2.500000
2.500000
2.500000
2.500000
2.500000
2.680603
2.861428
3.038054
3.309917
3.579751
3.845551
4.114467
4.481405
4.481405
4.481405
4.481405
4.481405
4.481405
4.481405
4.481405
4.481405
4.481405
4.481405
4.481405
4.481405
4.481405
4.481405
4.481405
4.481405
4.481405
4.481405
4.481405
4.481405
4.481405
4.305695
4.241714
4.157516
4.052258
3.988866
3.904393
3.798604
3.714537
3.651080
3.567602
3.503772
3.398408
3.334774
3.271572
3.187021
3.124467
3.060361
2.975862
2.912411
2.849078
2.806897
2.743466
2.680434
2.637946
2.574658
2.532458
2.468673
2.426342
2.363015
2.320304
2.278143
2.235989
2.193265
2.150855
2.108891
2.065041
2.000000
2.000000
2.090427
2.178767
2.354419
2.527095
2.693700
2.673621
2.607899
2.565633
2.520252
2.476874
2.433424
2.390346
2.347459
2.303576
2.282130
2.236644
2.195261
2.153061
2.110141
2.066259
2.022088
2.000000
2.000000
2.000000
2.000000
2.000000
2.000000
2.000000
2.092902
2.277427
2.500000
2.500000
2.500000
2.500000
2.683551
2.956917
3.047372
3.047372
3.047372
3.047372
3.047372
3.229032
3.502147
3.773844
4.048545
4.481405
4.481405
4.481405
4.481405
4.481405
4.481405
4.481405
4.481405
4.481405
4.481405
4.481405
4.481405
4.481405
4.481405
4.481405
4.481405
4.481405
4.481405
4.481405
4.481405
4.481405
4.481405
4.481405
4.481405
4.481405
4.481405
4.481405
4.481405
4.481405
4.481405
4.481405
4.481405
4.481405
4.481405
4.481405
4.481405
4.481405
4.323058
4.238245
4.153406
4.068357
3.983557
3.899065
3.835543
3.750671
3.666277
3.603376
3.518877
3.454883
3.392296
3.309269
3.246368
3.183382
3.120337
3.056650
2.993527
2.929539
2.866527
2.803023
2.760666
2.697673
2.634098
2.592172
2.529055
2.486665
2.444268
2.381263
2.338912
2.296777
2.254648
2.212193
2.169764
2.127851
2.000000
2.000000
2.000000
2.000000
2.232252
2.190091
2.148408
2.105474
2.084682
2.042305
2.000000
2.000000
2.000000
2.000000
2.000000
2.000000
2.000000
2.209758
2.167695
2.126143
2.083740
2.041592
2.000000
2.000000
2.000000
2.000000
2.000000
2.252698
2.210668
2.168690
2.126326
2.084106
2.042299
2.000000
2.000000
2.000000
2.000000
2.000000
2.233116
2.190222
2.147747
2.105717
2.062947
2.020688
2.000000
2.000000
2.000000
2.000000
2.000000
2.232225
2.189999
2.148257
2.105520
2.063523
2.021604
2.000000
2.000000
2.000000
2.000000
2.000000
2.232651
2.189836
2.147282
2.104584
2.062456
2.020923
2.000000
2.000000
2.000000
2.000000
2.000000
2.232343
2.190215
2.147995
2.105396
2.063202
2.021139
2.000000
2.000000
2.000000
2.000000
2.000000
2.211643
2.169181
2.127026
2.084734
2.041945
2.000000
2.000000
2.000000
2.000000
2.000000
2.000000
2.210909
2.168807
2.126627
2.083942
2.041860
2.000000
2.000000
2.000000
2.000000
2.000000
2.000000
2.316862
2.274511
2.232265
2.190255
2.147884
2.106201
2.063464
2.020871
2.000000
2.000000
2.000000
2.000000
2.000000
2.000000
2.000000
2.000000
2.000000
2.000000
2.000000
2.000000
2.000000
2.000000
2.000000
2.000000
2.000000
2.000000
2.000000
2.000000
2.000000
2.000000
2.090705
2.269722
2.449796
2.629565
2.808553
2.746365
2.705428
2.662193
2.595660
2.554710
2.510978
2.448260
2.407238
2.365921
2.323917
2.280866
2.237678
2.216087
2.172983
2.129559
2.107961
2.065015
2.021290
2.000000
2.000000
2.000000
2.000000
2.000000
2.000000
2.000000
2.149415
2.106666
2.064112
2.020851
2.000000
2.089453
2.265856
2.626734
2.562956
2.542622
2.500029
2.454648
2.408488
2.345567
2.301882
2.256363
2.212932
2.170228
2.129912
2.087823
2.042534
2.021414
2.000000
2.087254
2.043620
2.021768
2.000000
2.000000
2.177599
2.353000
2.591164
2.525965
2.484812
2.440321
2.396832
2.331647
2.285074
2.243313
2.199974
2.156026
2.111738
2.066580
2.022121
2.000000
2.000000
2.000000
2.000000
2.000000
2.000000
2.000000
2.000000
2.185192
2.500000
2.500000
2.500000
2.500000
2.685109
3.077675
3.034853
2.970093
2.905890
2.862989
2.798681
2.734922
2.692238
2.628080
2.563733
2.500000
2.500000
2.500000
2.500000
2.500000
2.500000
2.500000
2.500000
2.564034
2.521323
2.521067
2.563831
2.500000
2.500000
2.500000
2.500000
2.627229
2.563353
2.520904
2.542521
2.500000
2.500000
2.500000
2.500000
2.500000
2.500000
2.500000
2.500000
2.500000
2.500000
2.500000
2.500000
2.500000
2.317072
2.275258
2.233077
2.190615
2.148578
2.105985
2.042731
2.000000
2.000000
2.000000
2.000000
2.000000
2.000000
2.000000
2.129540
2.087634
2.042855
2.021192
2.000000
2.000000
2.000000
2.105167
2.062881
2.041723
2.000000
2.000000
2.089175
2.264994
2.439183
2.395516
2.349134
2.302869
2.260250
2.217677
2.174907
2.130999
2.086966
2.042992
2.000000
2.087418
2.043660
2.020995
2.000000
2.183301
2.364210
2.537603
2.494879
2.453366
2.409929
2.366374
2.323473
2.256553
2.234982
2.192539
2.148722
2.105992
2.085978
2.043876
2.000000
2.089191
2.065611
2.021715
2.000000
2.000000
2.183691
2.278289
2.511730
2.469766
2.428495
2.387996
2.347399
2.302483
2.259779
2.215471
2.173997
2.133309
2.087346
2.044648
2.000000
2.000000
2.088570
2.044236
2.000000
2.000000
2.092068
2.366352
2.591910
2.528086
2.484767
2.442573
2.420923
2.374593
2.332936
2.290219
2.223266
2.178232
2.134232
2.090382
2.046284
2.000000
2.000000
2.000000
2.199084
2.154481
2.132511
2.088917
2.044622
2.000000
2.000000
2.000000
2.000000
2.000000
2.130659
2.087365
2.065689
2.022010
2.000000
2.000000
2.000000
2.000000
2.000000
2.000000
2.000000
2.000000
2.000000
2.000000
2.000000
2.091038
2.272226
2.500000
2.500000
2.500000
2.500000
2.500000
2.500000
2.500000
2.680992
2.859064
3.040195
3.221299
3.492301
3.671902
3.943070
4.213850
4.481405
4.481405
4.481405
4.481405
4.481405
4.481405
4.481405
4.481405
4.481405
4.481405
4.481405
4.481405
4.481405
4.481405
4.481405
4.481405
4.481405
4.481405
4.481405
4.481405
4.481405
4.322587
4.259398
4.195830
4.111351
4.047906
3.963466
3.900002
3.815778
3.752281
3.689099
3.604397
3.520409
3.435988
3.351470
3.266768
3.181864
3.097967
3.013533
2.908039
2.823946
2.739166
2.633842
2.549311
2.464858
2.380372
2.295736
2.211296
2.147937
2.084924
2.000000
2.000000
2.267525
2.618022
2.933034
2.871154
2.806675
2.723106
2.660983
2.598069
2.536300
2.472325
2.405870
2.342184
2.277731
2.214019
2.171544
2.107157
2.064263
2.021611
2.000000
2.000000
2.000000
2.000000
2.085317
2.041978
2.000000
2.000000
2.384417
2.342740
2.278909
2.234006
2.190320
2.148905
2.106718
2.063359
2.021467
2.000000
2.000000
2.000000
2.000000
2.000000
2.000000
2.000000
2.000000
2.000000
2.000000
2.000000
2.000000
2.180074
2.500000
2.500000
2.500000
2.500000
2.500000
2.359507
2.317196
2.275153
2.232795
2.189914
2.147969
2.105370
2.084859
2.042272
2.000000
2.000000
2.089982
2.177933
2.356338
2.780214
2.739604
2.699178
2.635583
2.589750
2.545789
2.501187
2.456218
2.411531
2.370424
2.301816
2.260578
2.216525
2.173599
2.129716
2.086089
2.022232
2.000000
2.000000
2.000000
2.000000
2.000000
2.000000
2.000000
2.000000
2.091984
2.276008
2.500000
2.500000
2.500000
2.500000
2.500000
2.500000
2.595948
2.553015
2.510271
2.446146
2.403403
2.360829
2.296757
2.254209
2.211617
2.147635
2.105579
2.063765
2.021244
2.000000
2.000000
2.175179
2.352082
2.813382
2.772504
2.728746
2.663672
2.621479
2.579246
2.515906
2.472730
2.429653
2.408049
2.367707
2.305808
2.284596
2.262920
2.219640
2.175954
2.131856
2.109362
2.065512
2.022003
2.000000
2.000000
2.000000
2.000000
2.000000
2.000000
2.000000
2.000000
2.000000
2.000000
2.000000
2.092123
2.275313
2.500000
2.500000
2.500000
2.500000
2.500000
2.573742
2.509127
2.466730
2.403705
2.339619
2.297647
2.233928
2.190942
2.127884
2.085553
2.042744
2.000000
2.000000
2.178406
2.357590
2.794547
2.754062
2.692967
2.651905
2.585529
2.541791
2.475008
2.430033
2.388455
2.324317
2.281626
2.217337
2.174345
2.130574
2.108321
2.064897
2.021748
2.000000
2.000000
2.000000
2.000000
2.000000
2.000000
2.000000
2.000000
2.091873
2.276314
2.500000
2.500000
2.500000
2.500000
2.500000
2.500000
2.616250
2.552458
2.509682
2.445465
2.403043
2.360535
2.317248
2.253823
2.211322
2.168565
2.126385
2.083654
2.021427
2.000000
2.000000
2.175429
2.357061
2.530126
2.736385
2.692915
2.626473
2.583239
2.537007
2.474250
2.431251
2.366465
2.326195
2.284054
2.240983
2.175228
2.131837
2.087497
2.043313
2.000000
2.000000
2.000000
2.000000
2.000000
2.000000
2.000000
2.000000
2.000000
2.183468
2.500000
2.500000
2.500000
2.500000
2.500000
2.500000
2.594750
2.573290
2.530684
2.467201
2.424588
2.382152
2.340233
2.318996
2.276089
2.234242
2.191452
2.148709
2.106096
2.063673
2.021375
2.000000
2.000000
2.180631
2.358146
2.817048
2.775856
2.714826
2.671192
2.606714
2.562910
2.497398
2.455472
2.386367
2.343695
2.300991
2.236604
2.193527
2.150018
2.107019
2.064682
2.021611
2.000000
2.000000
2.000000
2.000000
2.000000
2.000000
2.000000
2.000000
2.091372
2.183468
2.500000
2.500000
2.500000
2.500000
2.500000
2.500000
2.500000
2.521054
2.444667
2.401976
2.359442
2.316803
2.274387
2.231473
2.189279
2.146863
2.104133
2.082869
2.041186
2.000000
2.000000
2.087200
2.261962
2.438448
2.764992
2.721673
2.655898
2.613076
2.546425
2.501704
2.459602
2.392545
2.351287
2.308583
2.241598
2.197624
2.153389
2.110429
2.044694
2.000000
2.000000
2.000000
2.000000
2.000000
2.000000
2.000000
2.000000
2.000000
2.185276
2.277232
2.500000
2.500000
2.500000
2.500000
2.500000
2.500000
2.500000
2.554696
2.511848
2.447488
2.405032
2.383801
2.319715
2.277253
2.234504
2.213181
2.170555
2.127713
2.085638
2.064335
2.020956
2.000000
2.000000
2.087923
2.265522
2.448545
2.782453
2.740122
2.671546
2.628600
2.585078
2.520861
2.476455
2.432167
2.367473
2.325770
2.261513
2.218004
2.174030
2.130488
2.065853
2.022010
2.000000
2.000000
2.000000
2.000000
2.000000
2.000000
2.000000
2.000000
2.000000
2.182161
2.500000
2.500000
2.500000
2.500000
2.500000
2.574678
2.531915
2.468326
2.425609
2.383075
2.319539
2.106712
2.000000
2.090315
2.265661
2.438949
2.796335
2.732419
2.689741
2.644779
2.601067
2.558022
2.516201
2.494185
2.450826
2.410557
2.365562
2.324494
2.304140
2.260264
2.217291
2.174253
2.108806
2.064878
2.021454
2.000000
2.000000
2.000000
2.000000
2.000000
2.000000
2.000000
2.091650
2.275591
2.500000
2.500000
2.500000
2.500000
2.500000
2.575673
2.511555
2.469433
2.405772
2.363539
2.321084
2.256965
2.214693
2.171943
2.129108
2.065022
2.020917
2.000000
2.000000
2.176848
2.463188
2.421505
2.380561
2.317974
2.276258
2.234431
2.192205
2.149232
2.128014
2.085677
2.042802
2.021460
2.000000
2.000000
2.000000
2.000000
2.000000
2.000000
2.000000
2.000000
2.000000
2.000000
2.088619
2.269555
2.269555
2.500000
2.500000
2.500000
2.500000
2.500000
2.542383
2.500000
2.590065
2.769249
3.038972
3.309389
3.581448
3.760271
4.030354
4.481405
4.481405
4.481405
4.481405
4.481405
4.481405
4.481405
4.481405
4.481405
4.481405
4.481405
4.481405
4.481405
4.481405
4.481405
4.481405
4.481405
4.481405
4.481405
4.481405
4.481405
4.481405
4.481405
4.481405
4.481405
4.481405
4.481405
4.481405
4.481405
4.481405
0.000000
0.000000
0.000000
0.000000
0.000000
0.000000
0.000000
0.000000
0.000000
0.000000
0.000000
0.000000
0.000000
0.000000
0.000000
0.000000
0.000000
0.000000
0.000000
0.000000
0.000000
0.000000
0.000000
0.000000
0.000000
0.000000
0.000000
0.000000
0.000000
0.000000
0.000000
0.000000
0.000000
0.000000
0.000000
0.000000
0.000000
0.000000
0.000000
0.000000
0.000000
0.000000
0.000000
0.000000
0.000000
0.000000
0.000000
0.000000
0.000000
0.000000
0.000000
0.000000
0.000000
0.000000
0.000000
0.000000
0.000000
0.000000
0.000000
0.000000
0.000000
0.000000
0.000000
0.000000
0.000000
0.000000
0.000000
0.000000
0.000000
0.000000
0.000000
0.000000
0.000000
0.000000
0.000000
0.000000
0.000000
0.000000
0.000000
0.000000
0.000000
0.000000
0.000000
0.000000
0.000000
0.000000
0.000000
0.000000
0.000000
0.000000
0.000000
0.000000
0.000000
0.000000
0.000000
0.000000
0.000000
0.000000
0.000000
0.000000
0.000000
0.000000
0.000000
0.000000
0.000000
0.000000
0.000000
0.000000
0.000000
0.000000
0.000000
0.000000
0.000000
0.000000
0.000000
0.000000
0.000000
0.000000
0.000000
0.000000
0.000000
0.000000
0.000000
0.000000
0.000000
0.000000
0.000000
0.000000
0.000000
0.000000
0.000000
0.000000
0.000000
0.000000
0.000000
0.000000
0.000000
0.000000
0.000000
0.000000
0.000000
0.000000
0.000000
0.000000
0.000000
0.000000
0.000000
0.000000
0.000000
0.000000
0.000000
0.000000
0.000000
0.000000
0.000000
0.000000
0.000000
0.000000
0.000000
0.000000
0.000000
0.000000
0.000000
0.000000
0.000000
0.000000
0.000000
0.000000
0.000000
0.000000
0.000000
0.000000
0.000000
0.000000
0.000000
0.000000
0.000000
0.000000
0.000000
0.000000
0.000000
0.000000
0.000000
0.000000
0.000000
0.000000
0.000000
0.000000
0.000000
0.000000
0.000000
0.000000
0.000000
0.000000
0.000000
0.000000
0.000000
0.000000
0.000000
0.000000
0.000000
0.000000
0.000000
0.000000
0.000000
0.000000
0.000000
0.000000
0.000000
0.000000
0.000000
0.000000
0.000000
0.000000
0.000000
0.000000
0.000000
0.000000
0.000000
0.000000
0.000000
0.000000
0.000000
0.000000
0.000000
0.000000
0.000000
0.000000
0.000000
0.000000
0.000000
0.000000
0.000000
0.000000
0.000000
0.000000
0.000000
0.000000
0.000000
0.000000
0.000000
0.000000
0.000000
0.000000
0.000000
0.000000
0.000000
0.000000
0.000000
0.000000
0.000000
0.000000
0.000000
0.000000
0.000000
0.000000
0.000000
0.000000
0.000000
0.000000
0.000000
0.000000
0.000000
0.000000
0.000000
0.000000
0.000000
0.000000
0.000000
0.000000
0.000000
0.000000
0.000000
0.000000
0.000000
0.000000
0.000000
0.000000
0.000000
0.000000
0.000000
0.000000
0.000000
0.000000
0.000000
0.000000
0.000000
0.000000
0.000000
0.000000
0.000000
0.000000
0.000000
0.000000
0.000000
0.000000
0.000000
0.000000
0.000000
0.000000
0.000000
0.000000
0.000000
0.000000
0.000000
0.000000
0.000000
0.000000
0.000000
0.000000
0.000000
0.000000
0.000000
0.000000
0.000000
0.000000
0.000000
0.000000
0.000000
0.000000
0.000000
0.000000
0.000000
0.000000
0.000000
0.000000
0.000000
0.000000
0.000000
0.000000
0.000000
0.000000
0.000000
0.000000
0.000000
0.000000
0.000000
0.000000
0.000000
0.000000
0.000000
0.000000
0.000000
0.000000
0.000000
0.000000
0.000000
0.000000
0.000000
0.000000
0.000000
0.000000
0.000000
0.000000
0.000000
0.000000
0.000000
0.000000
0.000000
0.000000
0.000000
0.000000
0.000000
0.000000
0.000000
0.000000
0.000000
0.000000
0.000000
0.000000
0.000000
0.000000
0.000000
0.000000
0.000000
0.000000
0.000000
0.000000
0.000000
0.000000
0.000000
0.000000
0.000000
0.000000
0.000000
0.000000
0.000000
0.000000
0.000000
0.000000
0.000000
0.000000
0.000000
0.000000
0.000000
0.000000
0.000000
0.000000
0.000000
0.000000
0.000000
0.000000
0.000000
0.000000
0.000000
0.000000
0.000000
0.000000
0.000000
0.000000
0.000000
0.000000
0.000000
0.000000
0.000000
0.000000
0.000000
0.000000
0.000000
0.000000
0.000000
0.000000
0.000000
0.000000
0.000000
0.000000
0.000000
0.000000
0.000000
0.000000
0.000000
0.000000
0.000000
0.000000
0.000000
0.000000
0.000000
0.000000
0.000000
0.000000
0.000000
0.000000
0.000000
0.000000
0.000000
0.000000
0.000000
0.000000
0.000000
0.000000
0.000000
0.000000
0.000000
0.000000
0.000000
0.000000
0.000000
0.000000
0.000000
0.000000
0.000000
0.000000
0.000000
0.000000
0.000000
0.000000
0.000000
0.000000
0.000000
0.000000
0.000000
0.000000
0.000000
0.000000
0.000000
0.000000
0.000000
0.000000
0.000000
0.000000
0.000000
0.000000
0.000000
0.000000
0.000000
0.000000
0.000000
0.000000
0.000000
0.000000
0.000000
0.000000
0.000000
0.000000
0.000000
0.000000
0.000000
0.000000
0.000000
0.000000
0.000000
0.000000
0.000000
0.000000
0.000000
0.000000
0.000000
0.000000
0.000000
0.000000
0.000000
0.000000
0.000000
0.000000
0.000000
0.000000
0.000000
0.000000
0.000000
0.000000
0.000000
0.000000
0.000000
0.000000
0.000000
0.000000
0.000000
0.000000
0.000000
0.000000
0.000000
0.000000
0.000000
0.000000
0.000000
0.000000
0.000000
0.000000
0.000000
0.000000
0.000000
0.000000
0.000000
0.000000
0.000000
0.000000
0.000000
0.000000
0.000000
0.000000
0.000000
0.000000
0.000000
0.000000
0.000000
0.000000
0.000000
0.000000
0.000000
0.000000
0.000000
0.000000
0.000000
0.000000
0.000000
0.000000
0.000000
0.000000
0.000000
0.000000
0.000000
0.000000
0.000000
0.000000
0.000000
0.000000
0.000000
0.000000
0.000000
0.000000
0.000000
0.000000
0.000000
0.000000
0.000000
0.000000
0.000000
0.000000
0.000000
0.000000
0.000000
0.000000
0.000000
0.000000
0.000000
0.000000
0.000000
0.000000
0.000000
0.000000
0.000000
0.000000
0.000000
0.000000
0.000000
0.000000
0.000000
0.000000
0.000000
0.000000
0.000000
0.000000
0.000000
0.000000
0.000000
0.000000
0.000000
0.000000
0.000000
0.000000
0.000000
0.000000
0.000000
0.000000
0.000000
0.000000
0.000000
0.000000
0.000000
0.000000
0.000000
0.000000
0.000000
0.000000
0.000000
0.000000
0.000000
0.000000
0.000000
0.000000
0.000000
0.000000
0.000000
0.000000
0.000000
0.000000
0.000000
0.000000
0.000000
0.000000
0.000000
0.000000
0.000000
0.000000
0.000000
0.000000
0.000000
0.000000
0.000000
0.000000
0.000000
0.000000
0.000000
0.000000
0.000000
0.000000
0.000000
0.000000
0.000000
0.000000
0.000000
0.000000
0.000000
0.000000
0.000000
0.000000
0.000000
0.000000
0.000000
0.000000
0.000000
0.000000
0.000000
0.000000
0.000000
0.000000
0.000000
0.000000
0.000000
0.000000
0.000000
0.000000
0.000000
0.000000
0.000000
0.000000
0.000000
0.000000
0.000000
0.000000
0.000000
0.000000
0.000000
0.000000
0.000000
0.000000
0.000000
0.000000
0.000000
0.000000
0.000000
0.000000
0.000000
0.000000
0.000000
0.000000
0.000000
0.000000
0.000000
0.000000
0.000000
0.000000
0.000000
0.000000
0.000000
0.000000
0.000000
0.000000
0.000000
0.000000
0.000000
0.000000
0.000000
0.000000
0.000000
0.000000
0.000000
0.000000
0.000000
0.000000
0.000000
0.000000
0.000000
0.000000
0.000000
0.000000
0.000000
0.000000
0.000000
0.000000
0.000000
0.000000
0.000000
0.000000
0.000000
0.000000
0.000000
0.000000
0.000000
0.000000
0.000000
0.000000
0.000000
0.000000
0.000000
0.000000
0.000000
0.000000
0.000000
0.000000
0.000000
0.000000
0.000000
0.000000
0.000000
0.000000
0.000000
0.000000
0.000000
0.000000
0.000000
0.000000
0.000000
0.000000
0.000000
0.000000
0.000000
0.000000
0.000000
0.000000
0.000000
0.000000
0.000000
0.000000
0.000000
0.000000
0.000000
0.000000
0.000000
0.000000
0.000000
0.000000
0.000000
0.000000
0.000000
0.000000
0.000000
0.000000
0.000000
0.000000
0.000000
0.000000
0.000000
0.000000
0.000000
0.000000
0.000000
0.000000
0.000000
0.000000
0.000000
0.000000
0.000000
0.000000
0.000000
0.000000
0.000000
0.000000
0.000000
0.000000
0.000000
0.000000
0.000000
0.000000
0.000000
0.000000
0.000000
0.000000
0.000000
0.000000
0.000000
0.000000
0.000000
0.000000
0.000000
0.000000
0.000000
0.000000
0.000000
0.000000
0.000000
0.000000
0.000000
0.000000
0.000000
0.000000
0.000000
0.000000
0.000000
0.000000
0.000000
0.000000
0.000000
0.000000
0.000000
0.000000
0.000000
0.000000
0.000000
0.000000
0.000000
0.000000
0.000000
0.000000
0.000000
0.000000
0.000000
0.000000
0.000000
0.000000
0.000000
0.000000
0.000000
0.000000
0.000000
0.000000
0.000000
0.000000
0.000000
0.000000
0.000000
0.000000
0.000000
0.000000
0.000000
0.000000
0.000000
0.000000
0.000000
0.000000
0.000000
0.000000
0.000000
0.000000
0.000000
0.000000
0.000000
0.000000
0.000000
0.000000
0.000000
0.000000
0.000000
0.000000
0.000000
0.000000
0.000000
0.000000
0.000000
0.000000
0.000000
0.000000
0.000000
0.000000
0.000000
0.000000
0.000000
0.000000
0.000000
0.000000
0.000000
0.000000
0.000000
0.000000
0.000000
0.000000
0.000000
0.000000
0.000000
0.000000
0.000000
0.000000
0.000000
0.000000
0.000000
0.000000
0.000000
0.000000
0.000000
0.000000
0.000000
0.000000
0.000000
0.000000
0.000000
0.000000
0.000000
0.000000
0.000000
0.000000
0.000000
0.000000
0.000000
0.000000
0.000000
0.000000
0.000000
0.000000
0.000000
0.000000
0.000000
0.000000
0.000000
0.000000
0.000000
0.000000
0.000000
0.000000
0.000000
0.000000
0.000000
0.000000
0.000000
0.000000
0.000000
0.000000
0.000000
0.000000
0.000000
0.000000
0.000000
0.000000
0.000000
0.000000
0.000000
0.000000
0.000000
0.000000
0.000000
0.000000
0.000000
0.000000
0.000000
0.000000
0.000000
0.000000
0.000000
0.000000
0.000000
0.000000
0.000000
0.000000
0.000000
0.000000
0.000000
0.000000
0.000000
0.000000
0.000000
0.000000
0.000000
0.000000
0.000000
0.000000
0.000000
0.000000
0.000000
0.000000
0.000000
0.000000
0.000000
0.000000
0.000000
0.000000
0.000000
0.000000
0.000000
0.000000
0.000000
0.000000
0.000000
0.000000
0.000000
0.000000
0.000000
0.000000
0.000000
0.000000
0.000000
0.000000
0.000000
0.000000
0.000000
0.000000
0.000000
0.000000
0.000000
0.000000
0.000000
0.000000
0.000000
0.000000
0.000000
0.000000
0.000000
0.000000
0.000000
0.000000
0.000000
0.000000
0.000000
0.000000
0.000000
0.000000
0.000000
0.000000
0.000000
0.000000
0.000000
0.000000
0.000000
0.000000
0.000000
0.000000
0.000000
0.000000
0.000000
0.000000
0.000000
0.000000
0.000000
0.000000
0.000000
0.000000
0.000000
0.000000
0.000000
0.000000
0.000000
0.000000
0.000000
0.000000
0.000000
0.000000
0.000000
0.000000
0.000000
0.000000
0.000000
0.000000
0.000000
0.000000
0.000000
0.000000
0.000000
0.000000
0.000000
0.000000
0.000000
0.000000
0.000000
0.000000
0.000000
0.000000
0.000000
0.000000
0.000000
0.000000
0.000000
0.000000
0.000000
0.000000
0.000000
0.000000
0.000000
0.000000
0.000000
0.000000
0.000000
0.000000
0.000000
0.000000
0.000000
0.000000
0.000000
0.000000
0.000000
0.000000
0.000000
0.000000
0.000000
0.000000
0.000000
0.000000
0.000000
0.000000
0.000000
0.000000
0.000000
0.000000
0.000000
0.000000
0.000000
0.000000
0.000000
0.000000
0.000000
0.000000
0.000000
0.000000
0.000000
0.000000
0.000000
0.000000
0.000000
0.000000
0.000000
0.000000
0.000000
0.000000
0.000000
0.000000
0.000000
0.000000
0.000000
0.000000
0.000000
0.000000
0.000000
0.000000
0.000000
0.000000
0.000000
0.000000
0.000000
0.000000
0.000000
0.000000
0.000000
0.000000
0.000000
0.000000
0.000000
0.000000
0.000000
0.000000
0.000000
0.000000
0.000000
0.000000
0.000000
0.000000
0.000000
0.000000
0.000000
0.000000
0.000000
0.000000
0.000000
0.000000
0.000000
0.000000
0.000000
0.000000
0.000000
0.000000
0.000000
0.000000
0.000000
0.000000
0.000000
0.000000
0.000000
0.000000
0.000000
0.000000
0.000000
0.000000
0.000000
0.000000
0.000000
0.000000
0.000000
0.000000
0.000000
0.000000
0.000000
0.000000
0.000000
0.000000
0.000000
0.000000
0.000000
0.000000
0.000000
0.000000
0.000000
0.000000
0.000000
0.000000
0.000000
0.000000
0.000000
0.000000
0.000000
0.000000
0.000000
0.000000
0.000000
0.000000
0.000000
0.000000
0.000000
0.000000
0.000000
0.000000
0.000000
0.000000
0.000000
0.000000
0.000000
