1.800000
1.800000
1.800000
1.800000
1.800000
1.800000
1.800000
1.800000
1.800000
1.800000
1.800000
1.800000
1.800000
1.800000
1.800000
1.800000
1.800000
1.800000
1.800000
1.800000
1.800000
1.800000
1.800000
1.800000
1.800000
1.800000
1.800000
1.800000
1.800000
1.800000
1.800000
1.800000
1.800000
1.800000
1.800000
1.800000
1.800000
1.800000
1.800000
1.800000
1.895186
1.992935
2.181658
2.375093
2.568234
2.761345
3.047434
3.238602
3.524603
3.810544
4.096721
4.499999
4.499999
4.499999
4.499999
4.499999
4.499999
4.499999
4.499999
4.499999
4.499999
4.499999
4.499999
4.499999
4.499999
4.499999
4.499999
4.499999
4.499999
4.499999
4.499999
4.499999
4.499999
4.499999
4.499999
4.499999
4.499999
4.499999
4.499999
4.499999
4.499999
4.499999
4.499999
4.499999
4.499999
4.499999
4.499999
4.499999
4.499999
4.499999
4.499999
4.499999
4.499999
4.499999
4.499999
4.499999
4.499999
4.499999
4.499999
4.499999
4.499999
4.499999
4.499999
4.499999
4.499999
4.499999
4.499999
4.499999
4.499999
4.499999
4.499999
4.499999
4.499999
4.499999
4.499999
4.499999
4.499999
4.499999
4.499999
4.499999
4.499999
4.499999
4.499999
4.499999
4.499999
4.247890
4.121299
3.994659
3.868706
3.741497
3.647342
3.520378
3.425133
3.298807
3.204347
3.108857
3.014270
2.918916
2.824290
2.729104
2.665734
2.571098
2.507051
2.412709
2.349311
2.285657
2.222828
2.126738
2.063261
2.032053
2.000000
1.800000
1.800000
1.800000
1.800000
1.800000
1.800000
1.800000
1.800000
1.800000
1.800000
1.800000
1.800000
1.800000
1.800000
1.800000
1.800000
1.800000
1.800000
1.800000
1.800000
1.800000
1.800000
1.800000
1.800000
1.800000
1.800000
1.800000
1.800000
1.800000
1.800000
2.000000
2.000000
2.000000
2.000000
2.000000
2.097631
2.294041
2.488389
2.682473
3.000000
3.000000
3.000000
3.000000
3.000000
3.289211
3.578156
3.865246
4.155075
4.499999
4.499999
4.499999
4.499999
4.499999
4.499999
4.499999
4.499999
4.499999
4.499999
4.499999
4.499999
4.499999
4.499999
4.499999
4.499999
4.499999
4.499999
4.499999
4.499999
4.499999
4.499999
4.499999
4.499999
4.499999
4.499999
4.499999
4.499999
4.499999
4.499999
4.499999
4.499999
4.499999
4.499999
4.499999
4.499999
4.499999
4.499999
4.499999
4.499999
4.499999
4.499999
4.499999
4.499999
4.499999
4.499999
4.499999
4.499999
4.499999
4.499999
4.499999
4.499999
4.499999
4.499999
4.499999
4.499999
4.499999
4.499999
4.499999
4.499999
4.499999
4.499999
4.499999
4.329015
4.201688
4.075676
3.948761
3.853800
3.727032
3.600029
3.505245
3.378870
3.284067
3.190000
3.126267
3.031209
3.000000
3.000000
3.000000
3.000000
3.349006
3.253496
3.190048
3.095363
3.000000
3.000000
3.000000
3.000000
3.000000
3.000000
3.000000
3.000000
3.190314
3.475136
3.760400
4.044487
4.499999
4.499999
4.499999
4.499999
4.499999
4.499999
4.499999
4.499999
4.499999
4.499999
4.499999
4.499999
4.499999
4.499999
4.499999
4.499999
4.204092
4.077825
3.950812
3.824869
3.698032
3.602836
3.476383
3.380745
3.255018
3.191020
3.096629
3.000000
3.000000
2.791707
2.696325
2.633476
2.538446
2.475647
2.380785
2.316610
2.253398
2.158242
2.094902
2.031258
2.126621
2.063016
2.000000
2.000000
2.000000
2.000000
2.000000
2.000000
2.000000
2.000000
2.000000
2.000000
2.000000
2.000000
2.000000
2.000000
2.000000
2.000000
2.000000
2.000000
2.000000
2.000000
2.000000
2.000000
2.000000
2.000000
2.000000
2.000000
2.000000
2.000000
2.000000
2.000000
2.062643
2.000000
2.000000
2.000000
2.000000
2.000000
2.000000
2.000000
2.000000
2.000000
2.000000
2.000000
2.000000
2.000000
2.000000
2.000000
2.000000
2.000000
2.000000
2.000000
2.000000
2.000000
2.000000
2.000000
2.000000
2.000000
2.000000
2.000000
2.000000
2.000000
2.000000
2.000000
2.000000
2.000000
2.000000
2.000000
2.000000
2.000000
2.000000
2.000000
2.000000
2.000000
2.000000
2.000000
2.189077
2.378330
2.569026
3.000000
3.000000
3.000000
3.000000
3.031866
3.095598
3.382424
3.667275
3.953393
4.238569
4.499999
4.499999
4.499999
4.499999
4.499999
4.499999
4.499999
4.499999
4.499999
4.499999
4.499999
4.499999
4.499999
4.499999
4.499999
4.499999
4.499999
4.499999
4.499999
4.499999
4.499999
4.499999
4.499999
4.499999
4.499999
4.499999
4.499999
4.499999
4.499999
4.499999
4.499999
4.499999
4.499999
4.499999
4.499999
4.499999
4.311663
4.152853
4.026105
3.931370
3.805270
3.679111
3.551774
3.457343
3.329977
3.235261
3.140036
3.045743
2.950714
2.855547
2.760076
2.664527
2.601305
2.506266
2.442455
2.347779
2.189244
2.126316
2.063477
2.000000
2.000000
2.000000
2.000000
2.000000
2.000000
2.095304
2.284086
2.472073
2.663506
2.851582
3.128770
3.032583
3.000000
3.000000
3.000000
3.000000
3.000000
3.000000
3.000000
3.000000
3.000000
3.000000
3.000000
3.190019
3.473840
3.759664
3.951215
4.234830
4.499999
4.499999
4.499999
4.499999
4.499999
4.499999
4.499999
4.499999
4.499999
4.499999
4.499999
4.499999
4.499999
4.499999
4.499999
4.499999
4.499999
4.499999
4.499999
4.499999
4.499999
4.499999
4.499999
4.499999
4.499999
4.499999
4.499999
4.499999
4.499999
4.499999
4.499999
4.499999
4.313272
4.155197
4.027595
3.932762
3.806476
3.680228
3.521644
3.426850
3.299660
3.204769
3.109494
3.015496
2.888415
2.825654
2.730311
2.635449
2.540410
2.476569
2.381668
2.318073
2.254252
2.190294
2.000000
1.830865
1.800000
1.800000
1.800000
1.800000
1.800000
1.800000
1.800000
1.800000
1.800000
1.800000
1.800000
1.800000
1.800000
1.800000
1.800000
1.800000
1.800000
1.800000
1.800000
1.800000
1.800000
1.800000
1.800000
1.800000
1.800000
2.000000
2.000000
2.000000
2.000000
2.199738
2.398180
2.594031
3.000000
3.000000
3.000000
3.000000
3.000000
3.289505
3.582839
3.872992
4.163882
4.499999
4.499999
4.499999
4.499999
4.499999
4.499999
4.499999
4.499999
4.499999
4.499999
4.499999
4.499999
4.499999
4.499999
4.499999
4.499999
4.499999
4.499999
4.499999
4.499999
4.499999
4.499999
4.499999
4.499999
4.499999
4.499999
4.499999
4.499999
4.499999
4.499999
4.499999
4.499999
4.499999
4.499999
4.499999
4.499999
4.499999
4.499999
4.499999
4.499999
4.499999
4.499999
4.499999
4.499999
4.499999
4.499999
4.499999
4.499999
4.499999
4.499999
4.499999
4.499999
4.499999
4.499999
4.280916
4.154069
4.027028
3.900849
3.773894
3.646891
3.551705
3.424662
3.329230
3.234535
3.139339
3.012718
2.948946
2.854487
2.663280
2.600264
2.505657
2.441974
2.378556
2.314696
2.250365
2.218989
2.156533
2.062368
2.031169
2.000000
2.000000
2.000000
2.196381
2.385899
2.577685
2.916520
2.821089
2.757749
2.695431
2.631816
2.536571
2.473231
2.408321
2.345551
2.282663
2.219892
2.156994
2.094381
2.031189
2.000000
2.000000
2.199149
2.387077
2.574092
2.763964
3.063693
3.000000
2.759605
2.696314
2.601354
2.537965
2.472702
2.441346
2.346611
2.283517
2.220943
2.157446
2.093753
2.031837
2.000000
2.198354
2.476412
2.383778
2.320782
2.253584
2.190029
2.095442
2.031434
2.000000
2.093419
2.475469
2.410186
2.346925
2.283978
2.189332
2.126296
2.062485
2.000000
2.000000
2.000000
2.190991
2.381746
2.571117
2.762580
2.887432
2.823356
2.728808
2.664556
2.569890
2.506550
2.473869
2.410559
2.347111
2.315765
2.221325
2.158280
2.094352
2.031915
2.000000
2.093154
2.285088
2.664478
2.600402
2.505520
2.442082
2.378320
2.283821
2.220119
2.157653
2.094902
2.000000
2.000000
2.000000
2.000000
2.000000
2.000000
2.000000
2.000000
2.000000
2.000000
2.000000
1.831572
1.800000
1.831738
1.800000
1.800000
1.800000
1.800000
1.832190
1.800000
1.800000
1.800000
1.800000
1.800000
1.800000
1.800000
1.800000
1.800000
1.800000
1.800000
1.800000
1.800000
1.800000
1.800000
1.800000
1.800000
1.800000
1.800000
1.800000
1.800000
1.800000
1.800000
1.800000
1.800000
1.800000
1.800000
1.800000
2.000000
2.000000
2.000000
2.000000
2.000000
2.097012
2.352736
2.288837
2.224938
2.160568
2.127484
2.095648
2.000000
2.000000
1.800000
1.800000
1.800000
1.800000
1.800000
1.800000
1.800000
1.800000
1.800000
1.800000
1.800000
1.800000
1.800000
1.800000
1.800000
1.800000
1.800000
1.800000
1.800000
1.800000
2.000000
2.000000
2.160382
2.094921
2.031218
2.000000
1.800000
1.800000
1.800000
1.800000
1.800000
1.800000
1.800000
1.800000
1.800000
1.800000
1.800000
1.800000
1.800000
1.800000
1.800000
1.800000
1.800000
1.800000
1.800000
2.000000
2.000000
2.000000
2.000000
2.000000
2.202889
2.403776
2.604073
3.000000
3.000000
3.000000
3.197294
3.492836
3.687597
3.961198
3.864353
3.767380
3.670927
3.542010
3.446637
3.350233
3.220815
3.126542
3.031464
3.000000
3.063605
3.000000
3.000000
3.093743
3.379302
3.667629
3.891516
3.764091
3.668080
3.572442
3.445076
3.350056
3.254153
3.158869
3.063546
3.000000
3.000000
3.000000
3.000000
3.000000
2.791294
2.695912
2.632513
2.537671
2.442455
2.379655
2.316070
2.221483
2.158604
2.094695
2.094695
2.063232
2.000000
2.000000
2.000000
2.000000
2.000000
1.800000
1.800000
1.800000
1.800000
2.000000
2.000000
2.000000
2.226067
2.158359
2.094882
2.031572
2.000000
1.800000
1.800000
1.800000
1.800000
1.800000
1.800000
1.800000
1.800000
1.800000
1.800000
1.800000
1.800000
1.800000
1.800000
1.800000
1.800000
1.800000
1.800000
2.000000
2.161982
2.095579
2.064233
2.000000
1.800000
1.800000
1.800000
1.800000
1.800000
1.800000
1.800000
1.800000
1.800000
1.800000
1.800000
1.800000
1.800000
1.800000
1.800000
1.800000
1.800000
1.800000
1.800000
2.000000
2.160067
2.128142
2.063507
2.000000
1.800000
1.800000
1.800000
1.800000
1.800000
1.800000
1.800000
1.800000
1.800000
1.800000
1.800000
1.800000
1.800000
1.800000
1.800000
1.800000
1.800000
1.800000
2.000000
2.197686
2.134170
2.069220
2.000000
1.832288
1.800000
1.800000
1.800000
1.800000
1.800000
1.800000
1.800000
1.800000
1.800000
1.800000
1.800000
1.800000
1.800000
1.800000
1.800000
1.800000
1.800000
1.800000
1.800000
1.800000
2.000000
2.096335
2.395962
2.329902
2.264570
2.166271
2.099201
2.033299
2.000000
2.000000
2.000000
1.832701
1.800000
1.800000
1.800000
1.800000
2.000000
2.000000
2.000000
2.000000
2.000000
2.000000
2.000000
2.096099
2.289152
2.483147
2.675875
3.000000
3.000000
3.000000
3.000000
3.193082
3.479053
3.768882
4.054205
4.499999
4.499999
4.499999
4.499999
4.499999
4.499999
4.499999
4.499999
4.499999
4.499999
4.499999
4.499999
4.499999
4.499999
4.499999
4.499999
4.499999
4.499999
4.499999
4.499999
4.499999
4.499999
4.499999
4.499999
4.499999
4.499999
4.499999
4.249483
4.123422
3.996281
3.869798
3.743845
3.616793
3.521803
3.394809
3.300437
3.172884
3.078346
2.983002
2.888150
2.793023
2.697424
2.634997
2.539144
2.475715
2.381069
2.317455
2.222681
2.158653
2.095118
2.031748
2.000000
1.800000
1.800000
1.800000
1.800000
1.800000
1.800000
1.800000
1.800000
1.800000
1.800000
1.800000
1.800000
1.800000
1.800000
1.800000
1.800000
1.800000
1.800000
1.800000
1.800000
1.800000
1.800000
1.800000
1.800000
1.800000
1.800000
1.800000
1.800000
1.800000
1.800000
1.800000
1.800000
1.800000
1.800000
1.800000
1.800000
2.000000
2.000000
2.000000
2.000000
2.222494
2.158173
2.094352
2.031709
1.831061
1.800000
1.800000
1.800000
1.800000
1.800000
1.800000
1.800000
1.800000
1.800000
1.800000
1.800000
2.000000
2.000000
2.000000
2.000000
2.000000
2.000000
2.000000
2.193141
2.386075
2.580895
2.771827
3.000000
3.000000
3.000000
3.000000
2.827362
2.731931
2.635596
2.572286
2.477011
2.413436
2.318328
2.254616
2.190746
2.127033
2.063507
2.000000
1.831532
1.800000
1.800000
1.800000
1.800000
1.800000
1.800000
1.800000
1.800000
1.800000
1.800000
1.800000
1.800000
1.800000
1.800000
1.800000
1.800000
1.800000
1.800000
1.800000
1.800000
1.800000
1.800000
1.800000
1.800000
1.800000
1.800000
2.000000
2.000000
2.000000
2.000000
2.000000
2.000000
2.000000
2.194407
2.387784
2.578657
2.770060
3.000000
3.000000
3.000000
3.084550
2.988598
2.892901
2.828707
2.732971
2.636862
2.573002
2.477423
2.413858
2.318102
2.254232
2.191462
2.126709
2.063399
2.000000
1.830884
1.800000
1.800000
1.800000
1.800000
1.800000
1.800000
1.800000
1.800000
1.800000
1.800000
1.800000
1.800000
1.800000
1.800000
1.800000
1.800000
1.800000
1.800000
1.800000
1.800000
1.800000
1.800000
1.800000
1.800000
1.800000
1.800000
2.000000
2.000000
2.000000
2.000000
2.000000
2.098190
2.293334
2.487918
2.681059
2.779219
3.000000
3.000000
3.000000
3.000000
3.000000
3.000000
2.924159
2.827824
2.731980
2.668660
2.572315
2.477099
2.413946
2.317651
2.254753
2.190912
2.128378
2.064125
2.000000
1.800000
1.800000
1.800000
1.800000
1.800000
1.800000
1.800000
1.800000
1.800000
1.800000
1.800000
1.800000
1.800000
1.800000
1.800000
1.800000
1.800000
1.800000
1.800000
1.800000
1.800000
1.800000
1.800000
1.800000
1.800000
1.800000
2.000000
2.000000
2.000000
2.000000
2.000000
2.000000
2.097925
2.294365
2.488477
2.682325
3.000000
3.000000
3.000000
3.000000
3.053185
2.956546
2.892970
2.797058
2.700860
2.636981
2.540862
2.476864
2.381737
2.317739
2.223073
2.159311
2.096737
2.032475
2.000000
1.800000
1.800000
1.800000
1.800000
1.800000
1.800000
1.800000
1.800000
1.800000
1.800000
1.800000
1.800000
1.800000
1.800000
1.800000
1.800000
1.800000
1.800000
1.800000
1.800000
1.800000
1.800000
1.800000
1.800000
1.800000
1.800000
1.800000
2.000000
2.000000
2.000000
2.000000
2.000000
2.000000
2.196115
2.390405
2.584194
2.779190
3.000000
3.000000
3.000000
3.000000
3.000000
2.924875
2.828314
2.732274
2.668807
2.573041
2.477688
2.414387
2.318573
2.254615
2.190627
2.126601
2.062643
2.000000
1.800000
1.800000
1.800000
1.800000
1.800000
1.800000
1.800000
1.800000
1.800000
1.800000
1.800000
1.800000
1.800000
1.800000
1.800000
1.800000
1.800000
1.800000
1.800000
1.800000
1.800000
1.800000
1.800000
1.800000
1.800000
1.800000
2.000000
2.000000
2.000000
2.000000
2.000000
2.000000
2.000000
2.194054
2.390081
2.488301
2.778277
3.000000
3.000000
3.000000
3.000000
3.000000
2.958587
2.862635
2.798451
2.702735
2.606950
2.543247
2.446941
2.383788
2.287669
2.224408
2.160695
2.096050
2.032809
1.831591
1.800000
1.800000
1.800000
1.800000
1.800000
1.800000
1.800000
1.800000
1.800000
1.800000
1.800000
1.800000
1.800000
1.800000
1.800000
1.800000
1.800000
1.800000
1.800000
1.800000
1.800000
1.800000
1.800000
1.800000
1.800000
1.800000
1.800000
2.000000
2.000000
2.000000
2.000000
2.000000
2.199473
2.397296
2.594089
3.000000
3.000000
3.000000
3.000000
3.000000
3.000000
3.000000
3.000000
3.000000
3.000000
3.000000
3.000000
2.895110
2.798864
2.703216
2.638885
2.543541
2.447687
2.383484
2.287836
2.223093
2.159341
2.095765
2.000000
1.800000
1.800000
1.800000
1.800000
1.800000
1.800000
1.800000
1.800000
1.800000
1.800000
1.800000
1.800000
1.800000
1.800000
1.800000
1.800000
1.800000
1.800000
0.000000
0.000000
0.000000
0.000000
0.000000
0.000000
0.000000
0.000000
0.000000
0.000000
0.000000
0.000000
0.000000
0.000000
0.000000
0.000000
0.000000
0.000000
0.000000
0.000000
0.000000
0.000000
0.000000
0.000000
0.000000
0.000000
0.000000
0.000000
0.000000
0.000000
0.000000
0.000000
0.000000
0.000000
0.000000
0.000000
0.000000
0.000000
0.000000
0.000000
0.000000
0.000000
0.000000
0.000000
0.000000
0.000000
0.000000
0.000000
0.000000
0.000000
0.000000
0.000000
0.000000
0.000000
0.000000
0.000000
0.000000
0.000000
0.000000
0.000000
0.000000
0.000000
0.000000
0.000000
0.000000
0.000000
0.000000
0.000000
0.000000
0.000000
0.000000
0.000000
0.000000
0.000000
0.000000
0.000000
0.000000
0.000000
0.000000
0.000000
0.000000
0.000000
0.000000
0.000000
0.000000
0.000000
0.000000
0.000000
0.000000
0.000000
0.000000
0.000000
0.000000
0.000000
0.000000
0.000000
0.000000
0.000000
0.000000
0.000000
0.000000
0.000000
0.000000
0.000000
0.000000
0.000000
0.000000
0.000000
0.000000
0.000000
0.000000
0.000000
0.000000
0.000000
0.000000
0.000000
0.000000
0.000000
0.000000
0.000000
0.000000
0.000000
0.000000
0.000000
0.000000
0.000000
0.000000
0.000000
0.000000
0.000000
0.000000
0.000000
0.000000
0.000000
0.000000
0.000000
0.000000
0.000000
0.000000
0.000000
0.000000
0.000000
0.000000
0.000000
0.000000
0.000000
0.000000
0.000000
0.000000
0.000000
0.000000
0.000000
0.000000
0.000000
0.000000
0.000000
0.000000
0.000000
0.000000
0.000000
0.000000
0.000000
0.000000
0.000000
0.000000
0.000000
0.000000
0.000000
0.000000
0.000000
0.000000
0.000000
0.000000
0.000000
0.000000
0.000000
0.000000
0.000000
0.000000
0.000000
0.000000
0.000000
0.000000
0.000000
0.000000
0.000000
0.000000
0.000000
0.000000
0.000000
0.000000
0.000000
0.000000
0.000000
0.000000
0.000000
0.000000
0.000000
0.000000
0.000000
0.000000
0.000000
0.000000
0.000000
0.000000
0.000000
0.000000
0.000000
0.000000
0.000000
0.000000
0.000000
0.000000
0.000000
0.000000
0.000000
0.000000
0.000000
0.000000
0.000000
0.000000
0.000000
0.000000
0.000000
0.000000
0.000000
0.000000
0.000000
0.000000
0.000000
0.000000
0.000000
0.000000
0.000000
0.000000
0.000000
0.000000
0.000000
0.000000
0.000000
0.000000
0.000000
0.000000
0.000000
0.000000
0.000000
0.000000
0.000000
0.000000
0.000000
0.000000
0.000000
0.000000
0.000000
0.000000
0.000000
0.000000
0.000000
0.000000
0.000000
0.000000
0.000000
0.000000
0.000000
0.000000
0.000000
0.000000
0.000000
0.000000
0.000000
0.000000
0.000000
0.000000
0.000000
0.000000
0.000000
0.000000
0.000000
0.000000
0.000000
0.000000
0.000000
0.000000
0.000000
0.000000
0.000000
0.000000
0.000000
0.000000
0.000000
0.000000
0.000000
0.000000
0.000000
0.000000
0.000000
0.000000
0.000000
0.000000
0.000000
0.000000
0.000000
0.000000
0.000000
0.000000
0.000000
0.000000
0.000000
0.000000
0.000000
0.000000
0.000000
0.000000
0.000000
0.000000
0.000000
0.000000
0.000000
0.000000
0.000000
0.000000
0.000000
0.000000
0.000000
0.000000
0.000000
0.000000
0.000000
0.000000
0.000000
0.000000
0.000000
0.000000
0.000000
0.000000
0.000000
0.000000
0.000000
0.000000
0.000000
0.000000
0.000000
0.000000
0.000000
0.000000
0.000000
0.000000
0.000000
0.000000
0.000000
0.000000
0.000000
0.000000
0.000000
0.000000
0.000000
0.000000
0.000000
0.000000
0.000000
0.000000
0.000000
0.000000
0.000000
0.000000
0.000000
0.000000
0.000000
0.000000
0.000000
0.000000
0.000000
0.000000
0.000000
0.000000
0.000000
0.000000
0.000000
0.000000
0.000000
0.000000
0.000000
0.000000
0.000000
0.000000
0.000000
0.000000
0.000000
0.000000
0.000000
0.000000
0.000000
0.000000
0.000000
0.000000
0.000000
0.000000
0.000000
0.000000
0.000000
0.000000
0.000000
0.000000
0.000000
0.000000
0.000000
0.000000
0.000000
0.000000
0.000000
0.000000
0.000000
0.000000
0.000000
0.000000
0.000000
0.000000
0.000000
0.000000
0.000000
0.000000
0.000000
0.000000
0.000000
0.000000
0.000000
0.000000
0.000000
0.000000
0.000000
0.000000
0.000000
0.000000
0.000000
0.000000
0.000000
0.000000
0.000000
0.000000
0.000000
0.000000
0.000000
0.000000
0.000000
0.000000
0.000000
0.000000
0.000000
0.000000
0.000000
0.000000
0.000000
0.000000
0.000000
0.000000
0.000000
0.000000
0.000000
0.000000
0.000000
0.000000
0.000000
0.000000
0.000000
0.000000
0.000000
0.000000
0.000000
0.000000
0.000000
0.000000
0.000000
0.000000
0.000000
0.000000
0.000000
0.000000
0.000000
0.000000
0.000000
0.000000
0.000000
0.000000
0.000000
0.000000
0.000000
0.000000
0.000000
0.000000
0.000000
0.000000
0.000000
0.000000
0.000000
0.000000
0.000000
0.000000
0.000000
0.000000
0.000000
0.000000
0.000000
0.000000
0.000000
0.000000
0.000000
0.000000
0.000000
0.000000
0.000000
0.000000
0.000000
0.000000
0.000000
0.000000
0.000000
0.000000
0.000000
0.000000
0.000000
0.000000
0.000000
0.000000
0.000000
0.000000
0.000000
0.000000
0.000000
0.000000
0.000000
0.000000
0.000000
0.000000
0.000000
0.000000
0.000000
0.000000
0.000000
0.000000
0.000000
0.000000
0.000000
0.000000
0.000000
0.000000
0.000000
0.000000
0.000000
0.000000
0.000000
0.000000
0.000000
0.000000
0.000000
0.000000
0.000000
0.000000
0.000000
0.000000
0.000000
0.000000
0.000000
0.000000
0.000000
0.000000
0.000000
0.000000
0.000000
0.000000
0.000000
0.000000
0.000000
0.000000
0.000000
0.000000
0.000000
0.000000
0.000000
0.000000
0.000000
0.000000
0.000000
0.000000
0.000000
0.000000
0.000000
0.000000
0.000000
0.000000
0.000000
0.000000
0.000000
0.000000
0.000000
0.000000
0.000000
0.000000
0.000000
0.000000
0.000000
0.000000
0.000000
0.000000
0.000000
0.000000
0.000000
0.000000
0.000000
0.000000
0.000000
0.000000
0.000000
0.000000
0.000000
0.000000
0.000000
0.000000
0.000000
0.000000
0.000000
0.000000
0.000000
0.000000
0.000000
0.000000
0.000000
0.000000
0.000000
0.000000
0.000000
0.000000
0.000000
0.000000
0.000000
0.000000
0.000000
0.000000
0.000000
0.000000
0.000000
0.000000
0.000000
0.000000
0.000000
0.000000
0.000000
0.000000
0.000000
0.000000
0.000000
0.000000
0.000000
0.000000
0.000000
0.000000
0.000000
0.000000
0.000000
0.000000
0.000000
0.000000
0.000000
0.000000
0.000000
0.000000
0.000000
0.000000
0.000000
0.000000
0.000000
0.000000
0.000000
0.000000
0.000000
0.000000
0.000000
0.000000
0.000000
0.000000
0.000000
0.000000
0.000000
0.000000
0.000000
0.000000
0.000000
0.000000
0.000000
0.000000
0.000000
0.000000
0.000000
0.000000
0.000000
0.000000
0.000000
0.000000
0.000000
0.000000
0.000000
0.000000
0.000000
0.000000
0.000000
0.000000
0.000000
0.000000
0.000000
0.000000
0.000000
0.000000
0.000000
0.000000
0.000000
0.000000
0.000000
0.000000
0.000000
0.000000
0.000000
0.000000
0.000000
0.000000
0.000000
0.000000
0.000000
0.000000
0.000000
0.000000
0.000000
0.000000
0.000000
0.000000
0.000000
0.000000
0.000000
0.000000
0.000000
0.000000
0.000000
0.000000
0.000000
0.000000
0.000000
0.000000
0.000000
0.000000
0.000000
0.000000
0.000000
0.000000
0.000000
0.000000
0.000000
0.000000
0.000000
0.000000
0.000000
0.000000
0.000000
0.000000
0.000000
0.000000
0.000000
0.000000
0.000000
0.000000
0.000000
0.000000
0.000000
0.000000
0.000000
0.000000
0.000000
0.000000
0.000000
0.000000
0.000000
0.000000
0.000000
0.000000
0.000000
0.000000
0.000000
0.000000
0.000000
0.000000
0.000000
0.000000
0.000000
0.000000
0.000000
0.000000
0.000000
0.000000
0.000000
0.000000
0.000000
0.000000
0.000000
0.000000
0.000000
0.000000
0.000000
0.000000
0.000000
0.000000
0.000000
0.000000
0.000000
0.000000
0.000000
0.000000
0.000000
0.000000
0.000000
0.000000
0.000000
0.000000
0.000000
0.000000
0.000000
0.000000
0.000000
0.000000
0.000000
0.000000
0.000000
0.000000
0.000000
0.000000
0.000000
0.000000
0.000000
0.000000
0.000000
0.000000
0.000000
0.000000
0.000000
0.000000
0.000000
0.000000
0.000000
0.000000
0.000000
0.000000
0.000000
0.000000
0.000000
0.000000
0.000000
0.000000
0.000000
0.000000
0.000000
0.000000
0.000000
0.000000
0.000000
0.000000
0.000000
0.000000
0.000000
0.000000
0.000000
0.000000
0.000000
0.000000
0.000000
0.000000
0.000000
0.000000
0.000000
0.000000
0.000000
0.000000
0.000000
0.000000
0.000000
0.000000
0.000000
0.000000
0.000000
0.000000
0.000000
0.000000
0.000000
0.000000
0.000000
0.000000
0.000000
0.000000
0.000000
0.000000
0.000000
0.000000
0.000000
0.000000
0.000000
0.000000
0.000000
0.000000
0.000000
0.000000
0.000000
0.000000
0.000000
0.000000
0.000000
0.000000
0.000000
0.000000
0.000000
0.000000
0.000000
0.000000
0.000000
0.000000
0.000000
0.000000
0.000000
0.000000
0.000000
0.000000
0.000000
0.000000
0.000000
0.000000
0.000000
0.000000
0.000000
0.000000
0.000000
0.000000
0.000000
0.000000
0.000000
0.000000
0.000000
0.000000
0.000000
0.000000
0.000000
0.000000
0.000000
0.000000
0.000000
0.000000
0.000000
0.000000
0.000000
0.000000
0.000000
0.000000
0.000000
0.000000
0.000000
0.000000
0.000000
0.000000
0.000000
0.000000
0.000000
0.000000
0.000000
0.000000
0.000000
0.000000
0.000000
0.000000
0.000000
0.000000
0.000000
0.000000
0.000000
0.000000
0.000000
0.000000
0.000000
0.000000
0.000000
0.000000
0.000000
0.000000
0.000000
0.000000
0.000000
0.000000
0.000000
0.000000
0.000000
0.000000
0.000000
0.000000
0.000000
0.000000
0.000000
0.000000
0.000000
0.000000
0.000000
0.000000
0.000000
0.000000
0.000000
0.000000
0.000000
0.000000
0.000000
0.000000
0.000000
0.000000
0.000000
0.000000
0.000000
0.000000
0.000000
0.000000
0.000000
0.000000
0.000000
0.000000
0.000000
0.000000
0.000000
0.000000
0.000000
0.000000
0.000000
0.000000
0.000000
0.000000
0.000000
0.000000
0.000000
0.000000
0.000000
0.000000
0.000000
0.000000
0.000000
0.000000
0.000000
0.000000
0.000000
0.000000
0.000000
0.000000
0.000000
0.000000
0.000000
0.000000
0.000000
0.000000
0.000000
0.000000
0.000000
0.000000
0.000000
0.000000
0.000000
0.000000
0.000000
0.000000
0.000000
0.000000
0.000000
0.000000
0.000000
0.000000
0.000000
0.000000
0.000000
0.000000
0.000000
0.000000
0.000000
0.000000
0.000000
0.000000
0.000000
0.000000
0.000000
0.000000
0.000000
0.000000
0.000000
0.000000
0.000000
0.000000
0.000000
0.000000
0.000000
0.000000
0.000000
0.000000
0.000000
0.000000
0.000000
0.000000
0.000000
0.000000
0.000000
0.000000
0.000000
0.000000
0.000000
0.000000
0.000000
0.000000
0.000000
0.000000
0.000000
0.000000
0.000000
0.000000
0.000000
0.000000
0.000000
0.000000
0.000000
0.000000
0.000000
0.000000
0.000000
0.000000
0.000000
0.000000
0.000000
0.000000
0.000000
0.000000
0.000000
0.000000
0.000000
0.000000
0.000000
0.000000
0.000000
0.000000
0.000000
0.000000
0.000000
0.000000
0.000000
0.000000
0.000000
0.000000
0.000000
0.000000
0.000000
0.000000
0.000000
0.000000
0.000000
0.000000
0.000000
0.000000
0.000000
0.000000
0.000000
0.000000
0.000000
0.000000
0.000000
0.000000
0.000000
0.000000
0.000000
0.000000
0.000000
0.000000
0.000000
0.000000
0.000000
0.000000
0.000000
0.000000
0.000000
0.000000
0.000000
0.000000
0.000000
0.000000
0.000000
0.000000
0.000000
0.000000
0.000000
0.000000
0.000000
0.000000
0.000000
0.000000
0.000000
0.000000
0.000000
0.000000
0.000000
0.000000
0.000000
0.000000
0.000000
0.000000
0.000000
0.000000
0.000000
0.000000
0.000000
0.000000
0.000000
0.000000
0.000000
0.000000
0.000000
0.000000
0.000000
0.000000
0.000000
0.000000
0.000000
0.000000
0.000000
0.000000
0.000000
0.000000
0.000000
0.000000
0.000000
0.000000
0.000000
0.000000
0.000000
0.000000
0.000000
0.000000
0.000000
0.000000
0.000000
0.000000
0.000000
0.000000
0.000000
0.000000
0.000000
0.000000
0.000000
0.000000
0.000000
0.000000
0.000000
0.000000
0.000000
0.000000
0.000000
0.000000
0.000000
0.000000
0.000000
0.000000
0.000000
0.000000
0.000000
0.000000
0.000000
0.000000
0.000000
0.000000
0.000000
0.000000
0.000000
0.000000
0.000000
0.000000
0.000000
0.000000
0.000000
0.000000
0.000000
0.000000
0.000000
0.000000
0.000000
0.000000
0.000000
0.000000
0.000000
0.000000
0.000000
0.000000
0.000000
0.000000
0.000000
0.000000
0.000000
0.000000
0.000000
0.000000
0.000000
0.000000
0.000000
0.000000
0.000000
0.000000
0.000000
0.000000
0.000000
0.000000
0.000000
0.000000
0.000000
0.000000
0.000000
0.000000
0.000000
0.000000
0.000000
0.000000
0.000000
0.000000
0.000000
0.000000
0.000000
0.000000
0.000000
0.000000
0.000000
0.000000
0.000000
0.000000
0.000000
0.000000
0.000000
0.000000
0.000000
0.000000
0.000000
0.000000
0.000000
0.000000
0.000000
0.000000
0.000000
0.000000
0.000000
0.000000
0.000000
0.000000
0.000000
0.000000
0.000000
0.000000
0.000000
0.000000
0.000000
0.000000
0.000000
0.000000
0.000000
0.000000
0.000000
0.000000
0.000000
0.000000
0.000000
0.000000
0.000000
0.000000
0.000000
0.000000
0.000000
0.000000
0.000000
0.000000
0.000000
0.000000
0.000000
0.000000
0.000000
0.000000
0.000000
0.000000
0.000000
0.000000
0.000000
0.000000
0.000000
0.000000
0.000000
0.000000
0.000000
0.000000
0.000000
0.000000
0.000000
0.000000
0.000000
0.000000
0.000000
0.000000
0.000000
0.000000
0.000000
0.000000
0.000000
0.000000
0.000000
0.000000
0.000000
0.000000
0.000000
0.000000
0.000000
0.000000
0.000000
0.000000
0.000000
0.000000
0.000000
0.000000
0.000000
0.000000
0.000000
0.000000
