1.781407
1.781407
1.781407
1.781407
1.781407
1.781407
1.781407
1.781407
1.781407
1.781407
1.781407
1.781407
1.781407
1.781407
1.781407
1.781407
1.781407
1.781407
1.781407
1.781407
1.781407
1.781407
1.781407
1.781407
1.781407
1.781407
1.781407
1.781407
1.781407
1.781407
1.856105
1.931330
2.078985
2.228083
2.375235
2.524310
2.671896
2.894158
3.043211
3.265404
3.592250
3.547761
3.503427
3.459030
3.414793
3.547151
3.843217
4.064929
4.361248
4.655642
4.876140
5.172367
5.467769
5.981403
5.981403
5.981403
5.981403
5.981403
5.981403
5.981403
5.981403
5.981403
5.981403
5.981403
5.864869
5.790835
5.717150
5.641755
5.566902
5.478102
5.404256
5.330410
5.241433
5.166488
5.077290
4.988536
4.914443
4.825515
4.751229
4.677291
4.603619
4.529727
4.455777
4.381958
4.308176
4.248880
4.175158
4.116063
4.056740
3.997811
3.938428
3.879613
3.820734
3.761608
3.717170
3.658318
3.613719
3.554689
3.510347
3.451134
3.406567
3.362459
3.317864
3.273811
3.229336
3.185099
3.140541
3.096176
3.052172
3.007775
2.963685
2.919205
2.889724
2.845528
2.800870
2.771416
2.727257
2.697534
2.653490
2.623807
2.579144
2.549994
2.505518
2.475786
2.446630
2.417195
2.372789
2.343299
2.313520
2.283719
2.254229
2.224694
2.194645
2.165301
2.135839
2.106249
2.076717
2.047200
2.017811
1.988088
1.958781
1.929113
1.914439
1.884921
1.855244
1.825974
1.811030
1.781407
1.781407
1.781407
1.781407
1.781407
1.781407
1.781407
1.781407
1.781407
1.781407
1.781407
1.781407
1.781407
1.781407
1.781407
1.781407
1.781407
1.781407
2.000000
2.000000
2.000000
2.000000
2.000000
2.080493
2.232776
2.392159
2.466651
2.614306
2.840737
2.992263
3.221809
3.447644
3.601599
3.827754
4.055353
4.281096
4.459715
4.400094
4.355169
4.310919
4.251482
4.192534
4.147830
4.088859
4.029366
3.961699
3.902445
3.843433
3.784426
3.725199
3.666206
3.607084
3.547866
3.503396
3.444462
3.474125
3.694737
3.991216
4.285518
4.507802
4.804143
5.098560
5.478533
5.774759
5.981403
5.981403
5.981403
5.981403
5.981403
5.981403
5.807152
5.733081
5.659483
5.585866
5.511585
5.422643
5.349026
5.275437
5.186688
5.112669
5.038918
4.950275
4.876177
4.802313
4.713674
4.640025
4.565849
4.506741
4.432995
4.359273
4.299927
4.240939
4.166607
4.107568
4.048722
3.989312
3.930589
3.886022
3.827143
3.767627
3.723510
3.664145
3.620151
3.560635
3.516650
3.472102
3.413370
3.368679
3.324534
3.280059
3.235881
3.191434
3.147215
3.103116
3.058567
3.014821
3.000000
3.000000
3.000000
3.162229
3.147500
3.103189
3.058778
3.014701
3.000000
2.888556
2.844200
2.800000
2.800000
2.800000
2.800000
3.000000
3.400000
3.488772
3.444521
3.414844
3.400000
3.400000
3.624071
3.846379
4.147760
4.088639
4.044136
4.196451
4.152268
4.093179
4.048933
4.004879
3.960006
3.901256
3.856505
3.797773
3.738395
3.679521
3.620413
3.576103
3.516807
3.472428
3.413301
3.368945
3.309915
3.265619
3.221272
3.162494
3.117968
3.073988
3.029238
2.888868
2.859090
2.814656
2.889257
2.874359
2.844548
2.814692
2.800000
2.800000
2.800000
2.800000
2.800000
2.814500
2.814889
2.800000
2.800000
2.800000
2.800000
2.800000
2.800000
2.800000
2.800000
2.800000
2.800000
2.800000
2.800000
2.800000
2.800000
2.800000
2.800000
2.814619
2.800000
2.800000
2.800000
2.800000
3.000000
3.000000
2.888566
2.858742
2.814843
2.859301
2.829513
2.800000
2.800000
2.800000
2.814912
2.888831
2.859186
2.814807
2.800000
2.800000
2.800000
2.800000
2.800000
2.800000
2.800000
2.800000
2.800000
2.800000
2.800000
2.800000
2.800000
2.800000
2.800000
3.000000
3.000000
3.000000
3.000000
3.400000
3.400000
3.400000
3.623613
3.784188
3.740042
3.695828
3.636496
3.592062
3.547687
3.488652
3.444283
3.400000
3.696089
3.918167
4.213340
4.434663
4.881393
4.837225
4.778002
4.704019
4.644892
4.585936
4.526722
4.467532
4.408571
4.334853
4.275571
4.216619
4.142896
4.083779
4.024621
3.965417
3.906080
3.861691
3.802419
3.743247
3.684171
3.640049
3.580675
3.536543
3.492379
3.433418
3.389080
3.344674
3.300332
3.255952
3.211551
3.167080
3.122990
3.078744
3.034168
2.989743
2.945580
2.916067
2.871811
2.827469
2.797984
2.753596
2.709437
2.679722
2.635412
2.606128
2.576401
2.531976
2.502591
2.458143
2.428475
2.398898
2.369298
2.339932
2.295416
2.265958
2.236409
2.206933
2.177617
2.147921
2.118371
2.088735
2.059067
2.029568
2.000000
2.000000
2.000000
2.000000
2.000000
2.148801
2.293455
2.441660
2.589247
2.888630
2.859186
2.814706
2.800000
2.800000
2.800000
2.800000
3.000000
3.000000
3.147449
3.400000
3.473209
3.694119
3.916358
4.137794
4.331514
4.272530
4.227872
4.168636
4.109491
4.065030
4.035526
4.035526
3.976620
3.932122
3.873101
3.814048
3.754793
3.710483
3.651229
3.591924
3.547637
3.474043
3.429508
3.546922
3.768657
3.926100
3.867459
3.823313
3.764109
3.719776
3.660352
3.615772
3.556934
3.512523
3.468222
3.409215
3.365033
3.320764
3.261821
3.217355
3.173196
3.128803
3.084397
3.039972
2.995634
2.936604
2.906638
2.862365
2.817940
2.788308
2.742321
2.712364
2.667975
2.623285
2.593942
2.549562
2.520004
2.490354
2.446236
2.416819
2.387192
2.342804
2.313259
2.283952
2.254147
2.224735
2.195057
2.165517
2.135853
2.106427
2.076951
2.047461
2.017926
1.988431
1.958676
1.929273
1.899435
1.884752
1.855226
1.825644
1.811034
1.781407
1.781407
1.781407
1.781407
1.781407
1.781407
1.781407
1.781407
1.781407
1.781407
1.781407
1.781407
1.781407
1.781407
1.781407
1.781407
1.781407
2.000000
2.071537
2.212710
2.376285
2.456206
2.607572
2.753715
2.906433
3.062311
3.210081
3.362249
3.515401
3.749231
3.907491
4.139580
4.370729
4.600206
4.829019
5.055564
5.355845
5.505562
5.505562
5.654157
5.981403
5.981403
5.981403
5.981403
5.981403
5.981403
5.981403
5.832048
5.758183
5.713860
5.654532
5.593898
5.534438
5.474949
5.415966
5.356716
5.282957
5.209038
5.150122
5.090758
5.031723
4.957859
4.883853
4.824860
4.780371
4.706584
4.617830
4.558842
4.484936
4.411054
4.337272
4.263628
4.219074
4.144958
4.071245
3.997115
3.938085
3.878991
3.805297
3.715948
3.642450
3.568576
3.509354
3.435453
3.346686
3.272881
3.198884
3.124965
3.064231
2.989904
2.930736
2.871720
2.812475
2.753560
2.709144
2.650215
2.605881
2.561480
2.517073
2.472644
2.428553
2.383918
2.354322
2.310209
2.280495
2.251151
2.177163
2.059232
2.029435
2.000000
2.000000
2.000000
2.000000
2.000000
2.192497
2.163218
2.133843
2.104133
2.074675
2.044315
2.029792
2.000000
2.000000
2.000000
2.000000
2.191521
2.162027
2.132514
2.103253
2.073649
2.058824
2.029004
2.000000
2.000000
2.000000
2.000000
2.177154
2.147962
2.118312
2.088625
2.058934
2.044319
2.014807
2.000000
2.000000
2.000000
2.206782
2.176921
2.147280
2.117996
2.088543
2.059021
2.029339
2.000000
2.000000
2.000000
2.000000
2.000000
2.177264
2.147972
2.118537
2.088699
2.059163
2.029861
2.000000
2.000000
2.000000
2.000000
2.220860
2.191205
2.161912
2.132271
2.103382
2.073965
2.044388
2.014798
2.000000
2.000000
2.000000
2.206722
2.177136
2.147706
2.118298
2.088644
2.058920
2.029701
2.000000
2.000000
2.000000
2.000000
2.206470
2.176958
2.147385
2.117841
2.088671
2.059094
2.029618
2.000000
2.000000
2.000000
2.000000
2.074034
2.310602
2.281218
2.251737
2.221977
2.192313
2.163002
2.133196
2.103482
2.074080
2.044429
2.014784
2.000000
2.044164
2.014628
2.000000
2.000000
2.000000
2.000000
2.000000
2.000000
2.000000
2.000000
2.000000
2.000000
2.000000
2.000000
2.000000
2.000000
2.000000
2.000000
2.000000
1.870348
1.855368
1.825795
1.796324
1.781407
1.781407
1.781407
1.781407
1.781407
1.781407
1.781407
1.781407
1.781407
1.781407
1.781407
1.781407
1.781407
2.000000
2.000000
2.000000
2.000000
2.070415
2.276737
2.233004
2.203340
2.188235
2.142702
2.127510
2.096889
2.066419
2.036223
2.005616
1.975393
1.945642
1.915593
1.885352
1.855963
1.826038
1.811011
1.781407
1.781407
1.781407
1.781407
1.781407
1.781407
1.781407
1.781407
1.781407
1.781407
1.781407
1.781407
1.781407
1.781407
1.781407
1.781407
2.000000
2.000000
2.000000
1.917499
1.884830
1.870820
1.841898
1.811666
1.796580
1.781407
1.781407
1.781407
1.781407
1.781407
1.781407
1.781407
1.781407
1.781407
1.781407
1.781407
1.781407
1.781407
2.000000
2.000000
2.000000
2.000000
2.148411
2.296066
2.367168
2.522474
2.594492
2.741231
2.894521
3.049667
3.281458
3.438940
3.596376
3.968773
3.922666
3.876830
3.831398
3.786340
3.741238
3.681983
3.637215
3.577846
3.518537
3.459484
3.414931
3.414953
3.400000
3.315716
3.271272
3.212911
3.154275
3.109970
3.065389
3.006318
2.961820
2.917528
2.872874
2.828820
2.784139
2.739856
2.710270
2.665584
2.621310
2.591793
2.547277
2.517787
2.473362
2.443763
2.414314
2.384751
2.340436
2.310786
2.281333
2.251495
2.222051
2.192501
2.162902
2.133362
2.103528
2.074098
2.044686
2.014940
2.000000
2.000000
2.000000
2.000000
2.000000
2.000000
2.000000
2.000000
2.000000
1.972612
1.943534
1.914411
1.884848
1.869986
1.840519
1.811108
1.796301
1.781407
1.781407
1.781407
1.781407
1.781407
1.781407
1.781407
1.781407
1.781407
1.781407
1.781407
1.781407
2.000000
2.000000
1.917316
1.887134
1.872909
1.843397
1.828613
1.812427
1.781407
1.781407
1.781407
1.781407
1.781407
1.781407
1.781407
1.781407
1.781407
1.781407
1.781407
1.781407
1.781407
1.781407
1.781407
1.781407
1.781407
1.781407
2.000000
1.914700
1.885494
1.855688
1.840332
1.811355
1.781407
1.781407
1.781407
1.781407
1.781407
1.781407
1.781407
1.781407
1.781407
1.781407
1.781407
1.781407
1.781407
1.781407
1.781407
2.000000
2.000000
1.930601
1.901680
1.871709
1.843438
1.827444
1.796864
1.781407
1.781407
1.781407
1.781407
1.781407
1.781407
1.781407
1.781407
1.781407
1.781407
1.781407
1.781407
1.781407
1.781407
1.781407
1.781407
1.781407
2.000000
2.000000
2.226381
2.197986
2.167213
2.136656
2.108050
2.078345
2.062732
2.031304
2.015737
2.000000
2.000000
2.000000
2.000000
2.000000
2.000000
2.000000
2.000000
2.000000
2.000000
2.000000
2.148640
2.297509
2.445600
2.668137
2.817716
2.967249
3.191137
3.400000
3.400000
3.623155
3.845898
4.069671
4.365325
4.648572
4.574291
4.530067
4.470483
4.426526
4.367340
4.308520
4.263798
4.189800
4.130578
4.071479
4.012761
3.953323
3.894440
3.835277
3.776485
3.717354
3.658232
3.599299
3.539728
3.495986
3.436227
3.377289
3.332749
3.288755
3.229253
3.185218
3.140862
3.096419
3.052140
3.007729
2.963703
2.919159
2.889582
2.845184
2.800805
2.771659
2.727087
2.682924
2.653590
2.609041
2.579652
2.550231
2.505760
2.475918
2.446611
2.402237
2.372587
2.342996
2.313195
2.283577
2.254426
2.224904
2.180452
2.151008
2.121330
2.091675
2.077056
2.047796
2.018118
1.988170
1.958873
1.929378
1.899614
1.884779
1.855354
1.825882
1.811089
1.781407
1.781407
1.781407
1.781407
1.781407
1.781407
1.781407
2.000000
1.887748
1.858868
1.828494
1.813765
1.781407
1.781407
1.781407
1.781407
1.781407
1.781407
1.781407
1.781407
1.781407
1.781407
1.781407
1.781407
1.781407
1.781407
1.781407
1.781407
2.000000
2.000000
2.169278
2.139147
2.124913
2.096151
2.067390
2.037735
2.007746
1.977679
1.947461
1.916702
1.886827
1.856907
1.841775
1.811250
1.781407
1.781407
1.781407
1.781407
1.781407
1.781407
1.781407
2.000000
2.000000
2.000000
2.071468
2.216008
2.361533
2.599649
2.570095
2.540509
2.510667
2.480595
2.435460
2.405513
2.375441
2.330453
2.300633
2.300633
2.270525
2.240623
2.210876
2.181391
2.151603
2.107435
2.077720
2.047859
2.018196
1.988706
1.959047
1.929291
1.899774
1.870064
1.840643
1.825781
1.796333
1.781407
1.781407
1.781407
1.781407
1.781407
1.781407
1.781407
1.781407
1.781407
1.781407
1.781407
1.781407
1.781407
1.781407
1.781407
1.781407
2.000000
2.000000
2.000000
2.146166
2.225354
2.380064
2.534981
2.800530
2.770779
2.740313
2.695403
2.665359
2.634769
2.588567
2.558578
2.527645
2.496570
2.450940
2.420983
2.374708
2.345351
2.315371
2.270680
2.241502
2.211760
2.167248
2.137534
2.107879
2.077945
2.048533
2.018709
1.988605
1.959097
1.929736
1.899673
1.884715
1.855280
1.825868
1.796246
1.781407
1.781407
1.781407
1.781407
1.781407
1.781407
1.781407
1.781407
1.781407
1.781407
1.781407
1.781407
1.781407
1.781407
1.781407
1.781407
2.000000
2.000000
2.000000
2.076576
2.222239
2.375277
2.519450
2.787606
2.757745
2.726579
2.695435
2.649182
2.618350
2.571955
2.541718
2.496148
2.465847
2.420937
2.390783
2.345850
2.316250
2.286243
2.286243
2.271083
2.241635
2.212090
2.167326
2.137749
2.108369
2.078646
2.049129
2.019877
1.990044
1.960444
1.931050
1.901515
1.870325
1.855555
1.825956
1.796333
1.781407
1.781407
1.781407
1.781407
1.781407
1.781407
1.781407
1.781407
1.781407
1.781407
1.781407
1.781407
1.781407
1.781407
1.781407
1.781407
2.000000
2.000000
2.000000
2.000000
2.070964
2.222582
2.379377
2.527628
2.756839
2.726479
2.696215
2.650333
2.619895
2.573921
2.543208
2.497492
2.466843
2.436638
2.391824
2.361665
2.317235
2.286193
2.255787
2.225962
2.181052
2.151347
2.121495
2.092065
2.062208
2.032535
2.003101
1.973341
1.958451
1.928998
1.899641
1.869840
1.840176
1.825268
1.796246
1.781407
1.781407
1.781407
1.781407
1.781407
1.781407
1.781407
1.781407
1.781407
1.781407
1.781407
1.781407
1.781407
1.781407
1.781407
2.000000
2.000000
2.070254
2.216443
2.364625
2.509211
2.800000
2.800000
2.755757
2.725356
2.695050
2.648445
2.617654
2.571406
2.540519
2.494898
2.464693
2.419352
2.389542
2.344311
2.314610
2.299785
2.284846
2.254902
2.225050
2.195506
2.151012
2.121147
2.091611
2.062162
2.032531
2.002844
1.973363
1.943718
1.914118
1.899256
1.869895
1.840469
1.810768
1.796131
1.781407
1.781407
1.781407
1.781407
1.781407
1.781407
1.781407
1.781407
1.781407
1.781407
1.781407
1.781407
1.781407
1.781407
1.781407
2.000000
2.000000
2.000000
2.000000
2.000000
2.145342
2.290362
2.434604
2.741797
2.711075
2.664918
2.634691
2.603621
2.558284
2.527841
2.512503
2.481712
2.451778
2.406547
2.376255
2.346633
2.317170
2.287048
2.257513
2.227913
2.183374
2.152047
2.122278
2.092458
2.062359
2.032975
2.003389
1.973418
1.958456
1.929351
1.899737
1.869927
1.840373
1.825891
1.796182
1.781407
1.781407
1.781407
1.781407
1.781407
1.781407
1.781407
1.781407
1.781407
1.781407
1.781407
1.781407
1.781407
1.781407
1.781407
1.781407
2.000000
2.000000
2.156589
2.321286
2.395045
2.621728
2.838070
2.808250
2.778137
2.748854
2.718901
2.672616
2.641372
2.610072
2.578809
2.532016
2.500978
2.454665
2.424040
2.378520
2.348123
2.302823
2.302823
2.273036
2.242872
2.198603
2.169150
2.139165
2.094750
2.065232
2.035435
2.005849
1.974664
1.944469
1.914668
1.885192
1.870215
1.840501
1.810773
1.781407
1.781407
1.781407
1.781407
1.781407
1.781407
1.781407
1.781407
1.781407
1.781407
1.781407
1.781407
1.781407
1.781407
1.781407
1.781407
1.781407
2.000000
2.000000
2.000000
2.142799
2.291989
2.435452
2.590735
2.815818
2.769661
2.740011
2.710132
2.664319
2.633620
2.587257
2.556558
2.525928
2.480325
2.449947
2.404894
2.374680
2.329857
2.300143
2.255347
2.225477
2.196055
2.166259
2.136609
2.106871
2.062465
2.032664
2.017834
1.988505
1.958850
1.929103
1.899554
1.870041
1.855148
1.825681
1.796168
1.781407
1.781407
1.781407
1.781407
1.781407
1.781407
1.781407
1.781407
1.781407
1.781407
1.781407
1.781407
1.781407
1.781407
1.781407
2.000000
2.000000
2.000000
2.000000
2.070369
2.146006
2.291439
2.444157
2.769396
2.738380
2.707901
2.677184
2.630954
2.600268
2.554597
2.524182
2.478818
2.448508
2.403620
2.373966
2.329174
2.329174
2.299423
2.269823
2.240072
2.210376
2.165915
2.136425
2.106812
2.077322
2.047837
2.018168
1.988660
1.959102
1.929566
1.899765
1.885018
1.855615
1.825868
1.796260
1.781407
1.781407
1.781407
1.781407
1.781407
1.781407
1.781407
2.000000
2.000000
2.000000
2.071056
2.226568
2.371474
2.515281
2.662684
2.811553
3.032875
3.181561
3.414766
3.474423
3.701312
3.924742
4.149340
4.447582
4.669523
4.893090
5.187713
5.406631
5.702033
5.981403
5.981403
5.981403
5.981403
5.981403
5.981403
5.981403
5.981403
5.981403
5.981403
5.981403
5.981403
5.981403
5.981403
5.981403
5.851835
5.777930
5.718579
5.644806
5.571052
5.497348
5.423324
5.349812
5.261196
5.172562
5.098565
5.024298
4.935864
4.861831
4.773105
4.699144
4.610652
4.521935
4.448249
4.359537
4.270788
4.196699
4.108358
4.034575
3.960524
3.886591
3.813061
3.753596
3.679576
3.620624
3.561195
3.502362
3.443232
3.398963
3.339924
3.295453
3.236276
3.192085
3.147761
3.103689
3.059039
3.014779
3.000000
3.000000
3.014756
3.014756
3.014756
3.000000
3.000000
3.000000
3.000000
3.000000
3.000000
3.000000
3.000000
3.000000
3.000000
3.000000
3.000000
3.000000
3.000000
3.000000
3.000000
3.000000
3.000000
3.000000
3.000000
3.000000
3.000000
3.000000
3.000000
3.000000
3.000000
3.000000
3.000000
3.000000
3.000000
3.000000
3.000000
3.000000
3.000000
3.000000
3.000000
3.044677
3.014710
3.000000
3.000000
3.000000
3.000000
3.000000
3.000000
3.000000
3.000000
3.000000
3.000000
2.859076
2.814715
3.000000
3.000000
3.000000
3.000000
3.000000
3.000000
3.000000
3.000000
3.000000
3.000000
3.000000
3.000000
3.000000
2.874385
2.829969
2.785361
2.756032
2.711419
2.667086
2.637866
2.593153
2.563759
2.534256
2.489460
2.460144
2.430778
2.386207
2.356813
2.327268
2.297637
2.268092
2.224034
2.194333
2.164825
2.135285
2.105717
2.076557
2.046852
2.017115
2.002464
1.972713
1.943113
1.913751
1.884866
1.870247
1.840354
1.810819
1.795902
1.781407
1.781407
1.781407
1.781407
1.781407
1.781407
1.781407
0.000000
0.000000
0.000000
0.000000
0.000000
0.000000
0.000000
0.000000
0.000000
0.000000
0.000000
0.000000
0.000000
0.000000
0.000000
0.000000
0.000000
0.000000
0.000000
0.000000
0.000000
0.000000
0.000000
0.000000
0.000000
0.000000
0.000000
0.000000
0.000000
0.000000
0.000000
0.000000
0.000000
0.000000
0.000000
0.000000
0.000000
0.000000
0.000000
0.000000
0.000000
0.000000
0.000000
0.000000
0.000000
0.000000
0.000000
0.000000
0.000000
0.000000
0.000000
0.000000
0.000000
0.000000
0.000000
0.000000
0.000000
0.000000
0.000000
0.000000
0.000000
0.000000
0.000000
0.000000
0.000000
0.000000
0.000000
0.000000
0.000000
0.000000
0.000000
0.000000
0.000000
0.000000
0.000000
0.000000
0.000000
0.000000
0.000000
0.000000
0.000000
0.000000
0.000000
0.000000
0.000000
0.000000
0.000000
0.000000
0.000000
0.000000
0.000000
0.000000
0.000000
0.000000
0.000000
0.000000
0.000000
0.000000
0.000000
0.000000
0.000000
0.000000
0.000000
0.000000
0.000000
0.000000
0.000000
0.000000
0.000000
0.000000
0.000000
0.000000
0.000000
0.000000
0.000000
0.000000
0.000000
0.000000
0.000000
0.000000
0.000000
0.000000
0.000000
0.000000
0.000000
0.000000
0.000000
0.000000
0.000000
0.000000
0.000000
0.000000
0.000000
0.000000
0.000000
0.000000
0.000000
0.000000
0.000000
0.000000
0.000000
0.000000
0.000000
0.000000
0.000000
0.000000
0.000000
0.000000
0.000000
0.000000
0.000000
0.000000
0.000000
0.000000
0.000000
0.000000
0.000000
0.000000
0.000000
0.000000
0.000000
0.000000
0.000000
0.000000
0.000000
0.000000
0.000000
0.000000
0.000000
0.000000
0.000000
0.000000
0.000000
0.000000
0.000000
0.000000
0.000000
0.000000
0.000000
0.000000
0.000000
0.000000
0.000000
0.000000
0.000000
0.000000
0.000000
0.000000
0.000000
0.000000
0.000000
0.000000
0.000000
0.000000
0.000000
0.000000
0.000000
0.000000
0.000000
0.000000
0.000000
0.000000
0.000000
0.000000
0.000000
0.000000
0.000000
0.000000
0.000000
0.000000
0.000000
0.000000
0.000000
0.000000
0.000000
0.000000
0.000000
0.000000
0.000000
0.000000
0.000000
0.000000
0.000000
0.000000
0.000000
0.000000
0.000000
0.000000
0.000000
0.000000
0.000000
0.000000
0.000000
0.000000
0.000000
0.000000
0.000000
0.000000
0.000000
0.000000
0.000000
0.000000
0.000000
0.000000
0.000000
0.000000
0.000000
0.000000
0.000000
0.000000
0.000000
0.000000
0.000000
0.000000
0.000000
0.000000
0.000000
0.000000
0.000000
0.000000
0.000000
0.000000
0.000000
0.000000
0.000000
0.000000
0.000000
0.000000
0.000000
0.000000
0.000000
0.000000
0.000000
0.000000
0.000000
0.000000
0.000000
0.000000
0.000000
0.000000
0.000000
0.000000
0.000000
0.000000
0.000000
0.000000
0.000000
0.000000
0.000000
0.000000
0.000000
0.000000
0.000000
0.000000
0.000000
0.000000
0.000000
0.000000
0.000000
0.000000
0.000000
0.000000
0.000000
0.000000
0.000000
0.000000
0.000000
0.000000
0.000000
0.000000
0.000000
0.000000
0.000000
0.000000
0.000000
0.000000
0.000000
0.000000
0.000000
0.000000
0.000000
0.000000
0.000000
0.000000
0.000000
0.000000
0.000000
0.000000
0.000000
0.000000
0.000000
0.000000
0.000000
0.000000
0.000000
0.000000
0.000000
0.000000
0.000000
0.000000
0.000000
0.000000
0.000000
0.000000
0.000000
0.000000
0.000000
0.000000
0.000000
0.000000
0.000000
0.000000
0.000000
0.000000
0.000000
0.000000
0.000000
0.000000
0.000000
0.000000
0.000000
0.000000
0.000000
0.000000
0.000000
0.000000
0.000000
0.000000
0.000000
0.000000
0.000000
0.000000
0.000000
0.000000
0.000000
0.000000
0.000000
0.000000
0.000000
0.000000
0.000000
0.000000
0.000000
0.000000
0.000000
0.000000
0.000000
0.000000
0.000000
0.000000
0.000000
0.000000
0.000000
0.000000
0.000000
0.000000
0.000000
0.000000
0.000000
0.000000
0.000000
0.000000
0.000000
0.000000
0.000000
0.000000
0.000000
0.000000
0.000000
0.000000
0.000000
0.000000
0.000000
0.000000
0.000000
0.000000
0.000000
0.000000
0.000000
0.000000
0.000000
0.000000
0.000000
0.000000
0.000000
0.000000
0.000000
0.000000
0.000000
0.000000
0.000000
0.000000
0.000000
0.000000
0.000000
0.000000
0.000000
0.000000
0.000000
0.000000
0.000000
0.000000
0.000000
0.000000
0.000000
0.000000
0.000000
0.000000
0.000000
0.000000
0.000000
0.000000
0.000000
0.000000
0.000000
0.000000
0.000000
0.000000
0.000000
0.000000
0.000000
0.000000
0.000000
0.000000
0.000000
0.000000
0.000000
0.000000
0.000000
0.000000
0.000000
0.000000
0.000000
0.000000
0.000000
0.000000
0.000000
0.000000
0.000000
0.000000
0.000000
0.000000
0.000000
0.000000
0.000000
0.000000
0.000000
0.000000
0.000000
0.000000
0.000000
0.000000
0.000000
0.000000
0.000000
0.000000
0.000000
0.000000
0.000000
0.000000
0.000000
0.000000
0.000000
0.000000
0.000000
0.000000
0.000000
0.000000
0.000000
0.000000
0.000000
0.000000
0.000000
0.000000
0.000000
0.000000
0.000000
0.000000
0.000000
0.000000
0.000000
0.000000
0.000000
0.000000
0.000000
0.000000
0.000000
0.000000
0.000000
0.000000
0.000000
0.000000
0.000000
0.000000
0.000000
0.000000
0.000000
0.000000
0.000000
0.000000
0.000000
0.000000
0.000000
0.000000
0.000000
0.000000
0.000000
0.000000
0.000000
0.000000
0.000000
0.000000
0.000000
0.000000
0.000000
0.000000
0.000000
0.000000
0.000000
0.000000
0.000000
0.000000
0.000000
0.000000
0.000000
0.000000
0.000000
0.000000
0.000000
0.000000
0.000000
0.000000
0.000000
0.000000
0.000000
0.000000
0.000000
0.000000
0.000000
0.000000
0.000000
0.000000
0.000000
0.000000
0.000000
0.000000
0.000000
0.000000
0.000000
0.000000
0.000000
0.000000
0.000000
0.000000
0.000000
0.000000
0.000000
0.000000
0.000000
0.000000
0.000000
0.000000
0.000000
0.000000
0.000000
0.000000
0.000000
0.000000
0.000000
0.000000
0.000000
0.000000
0.000000
0.000000
0.000000
0.000000
0.000000
0.000000
0.000000
0.000000
0.000000
0.000000
0.000000
0.000000
0.000000
0.000000
0.000000
0.000000
0.000000
0.000000
0.000000
0.000000
0.000000
0.000000
0.000000
0.000000
0.000000
0.000000
0.000000
0.000000
0.000000
0.000000
0.000000
0.000000
0.000000
0.000000
0.000000
0.000000
0.000000
0.000000
0.000000
0.000000
0.000000
0.000000
0.000000
0.000000
0.000000
0.000000
0.000000
0.000000
0.000000
0.000000
0.000000
0.000000
0.000000
0.000000
0.000000
0.000000
0.000000
0.000000
0.000000
0.000000
0.000000
0.000000
0.000000
0.000000
0.000000
0.000000
0.000000
0.000000
0.000000
0.000000
0.000000
0.000000
0.000000
0.000000
0.000000
0.000000
0.000000
0.000000
0.000000
0.000000
0.000000
0.000000
0.000000
0.000000
0.000000
0.000000
0.000000
0.000000
0.000000
0.000000
0.000000
0.000000
0.000000
0.000000
0.000000
0.000000
0.000000
0.000000
0.000000
0.000000
0.000000
0.000000
0.000000
0.000000
0.000000
0.000000
0.000000
0.000000
0.000000
0.000000
0.000000
0.000000
0.000000
0.000000
0.000000
0.000000
0.000000
0.000000
0.000000
0.000000
0.000000
0.000000
0.000000
0.000000
0.000000
0.000000
0.000000
0.000000
0.000000
0.000000
0.000000
0.000000
0.000000
0.000000
0.000000
0.000000
0.000000
0.000000
0.000000
0.000000
0.000000
0.000000
0.000000
0.000000
0.000000
0.000000
0.000000
0.000000
0.000000
0.000000
0.000000
0.000000
0.000000
0.000000
0.000000
0.000000
0.000000
0.000000
0.000000
0.000000
0.000000
0.000000
0.000000
0.000000
0.000000
0.000000
0.000000
0.000000
0.000000
0.000000
0.000000
0.000000
0.000000
0.000000
0.000000
0.000000
0.000000
0.000000
0.000000
0.000000
0.000000
0.000000
0.000000
0.000000
0.000000
0.000000
0.000000
0.000000
0.000000
0.000000
0.000000
0.000000
0.000000
0.000000
0.000000
0.000000
0.000000
0.000000
0.000000
0.000000
0.000000
0.000000
0.000000
0.000000
0.000000
0.000000
0.000000
0.000000
0.000000
0.000000
0.000000
0.000000
0.000000
0.000000
0.000000
0.000000
0.000000
0.000000
0.000000
0.000000
0.000000
0.000000
0.000000
0.000000
0.000000
0.000000
0.000000
0.000000
0.000000
0.000000
0.000000
0.000000
0.000000
0.000000
0.000000
0.000000
0.000000
0.000000
0.000000
0.000000
0.000000
0.000000
0.000000
0.000000
0.000000
0.000000
0.000000
0.000000
0.000000
0.000000
0.000000
0.000000
0.000000
0.000000
0.000000
0.000000
0.000000
0.000000
0.000000
0.000000
0.000000
0.000000
0.000000
0.000000
0.000000
0.000000
0.000000
0.000000
0.000000
0.000000
0.000000
0.000000
0.000000
0.000000
0.000000
0.000000
0.000000
0.000000
0.000000
0.000000
0.000000
0.000000
0.000000
0.000000
0.000000
0.000000
0.000000
0.000000
0.000000
0.000000
0.000000
0.000000
0.000000
0.000000
0.000000
0.000000
0.000000
0.000000
0.000000
0.000000
0.000000
0.000000
0.000000
0.000000
0.000000
0.000000
0.000000
0.000000
0.000000
0.000000
0.000000
0.000000
0.000000
0.000000
0.000000
0.000000
0.000000
0.000000
0.000000
0.000000
0.000000
0.000000
0.000000
0.000000
0.000000
0.000000
0.000000
0.000000
0.000000
0.000000
0.000000
0.000000
0.000000
0.000000
0.000000
0.000000
0.000000
0.000000
0.000000
0.000000
0.000000
0.000000
0.000000
0.000000
0.000000
0.000000
0.000000
0.000000
0.000000
0.000000
0.000000
0.000000
0.000000
0.000000
0.000000
0.000000
0.000000
0.000000
0.000000
0.000000
0.000000
0.000000
0.000000
0.000000
0.000000
0.000000
0.000000
0.000000
0.000000
0.000000
0.000000
0.000000
0.000000
0.000000
0.000000
0.000000
0.000000
0.000000
0.000000
0.000000
0.000000
0.000000
0.000000
0.000000
0.000000
0.000000
0.000000
0.000000
0.000000
0.000000
0.000000
0.000000
0.000000
0.000000
0.000000
0.000000
0.000000
0.000000
0.000000
0.000000
0.000000
0.000000
0.000000
0.000000
0.000000
0.000000
0.000000
0.000000
0.000000
0.000000
0.000000
0.000000
0.000000
0.000000
0.000000
0.000000
0.000000
0.000000
0.000000
0.000000
0.000000
0.000000
0.000000
0.000000
0.000000
0.000000
0.000000
0.000000
0.000000
0.000000
0.000000
0.000000
0.000000
0.000000
0.000000
0.000000
0.000000
0.000000
0.000000
0.000000
0.000000
0.000000
0.000000
0.000000
0.000000
0.000000
0.000000
0.000000
0.000000
0.000000
0.000000
0.000000
0.000000
0.000000
0.000000
0.000000
0.000000
0.000000
0.000000
0.000000
0.000000
0.000000
0.000000
0.000000
0.000000
0.000000
0.000000
0.000000
0.000000
0.000000
0.000000
0.000000
0.000000
0.000000
0.000000
0.000000
0.000000
0.000000
0.000000
0.000000
0.000000
0.000000
0.000000
0.000000
0.000000
0.000000
0.000000
0.000000
0.000000
0.000000
0.000000
0.000000
0.000000
0.000000
0.000000
0.000000
0.000000
0.000000
0.000000
0.000000
0.000000
0.000000
0.000000
0.000000
0.000000
0.000000
0.000000
0.000000
0.000000
0.000000
0.000000
0.000000
0.000000
0.000000
0.000000
0.000000
0.000000
0.000000
0.000000
0.000000
0.000000
0.000000
0.000000
0.000000
0.000000
0.000000
0.000000
0.000000
0.000000
0.000000
0.000000
0.000000
0.000000
0.000000
0.000000
0.000000
0.000000
0.000000
0.000000
0.000000
0.000000
0.000000
0.000000
0.000000
0.000000
0.000000
0.000000
0.000000
0.000000
0.000000
0.000000
0.000000
0.000000
0.000000
0.000000
0.000000
0.000000
0.000000
0.000000
0.000000
0.000000
0.000000
0.000000
0.000000
0.000000
0.000000
0.000000
0.000000
0.000000
0.000000
0.000000
0.000000
0.000000
0.000000
0.000000
0.000000
0.000000
0.000000
0.000000
0.000000
0.000000
0.000000
0.000000
0.000000
0.000000
0.000000
0.000000
0.000000
0.000000
0.000000
0.000000
0.000000
0.000000
0.000000
0.000000
0.000000
0.000000
0.000000
0.000000
0.000000
0.000000
0.000000
0.000000
0.000000
0.000000
0.000000
0.000000
0.000000
0.000000
0.000000
0.000000
0.000000
0.000000
0.000000
0.000000
0.000000
0.000000
0.000000
0.000000
0.000000
0.000000
0.000000
0.000000
0.000000
0.000000
0.000000
0.000000
0.000000
0.000000
0.000000
0.000000
0.000000
0.000000
0.000000
0.000000
0.000000
0.000000
0.000000
0.000000
0.000000
0.000000
0.000000
0.000000
0.000000
0.000000
0.000000
0.000000
0.000000
0.000000
0.000000
0.000000
0.000000
0.000000
0.000000
0.000000
0.000000
0.000000
0.000000
0.000000
0.000000
0.000000
0.000000
0.000000
0.000000
0.000000
0.000000
0.000000
0.000000
0.000000
0.000000
0.000000
0.000000
0.000000
0.000000
0.000000
0.000000
0.000000
0.000000
0.000000
0.000000
0.000000
0.000000
0.000000
0.000000
0.000000
0.000000
0.000000
0.000000
0.000000
0.000000
0.000000
0.000000
0.000000
0.000000
0.000000
0.000000
0.000000
0.000000
0.000000
0.000000
0.000000
0.000000
0.000000
0.000000
0.000000
0.000000
0.000000
0.000000
0.000000
0.000000
0.000000
0.000000
0.000000
0.000000
0.000000
0.000000
0.000000
0.000000
0.000000
0.000000
0.000000
0.000000
0.000000
0.000000
0.000000
0.000000
0.000000
0.000000
0.000000
0.000000
0.000000
0.000000
0.000000
0.000000
0.000000
0.000000
0.000000
0.000000
0.000000
0.000000
0.000000
0.000000
0.000000
0.000000
0.000000
0.000000
0.000000
0.000000
0.000000
0.000000
0.000000
0.000000
0.000000
0.000000
0.000000
0.000000
0.000000
0.000000
0.000000
0.000000
0.000000
0.000000
0.000000
0.000000
0.000000
0.000000
0.000000
0.000000
0.000000
0.000000
0.000000
0.000000
0.000000
0.000000
0.000000
0.000000
0.000000
0.000000
0.000000
0.000000
0.000000
0.000000
0.000000
0.000000
0.000000
0.000000
0.000000
0.000000
0.000000
0.000000
0.000000
0.000000
0.000000
0.000000
0.000000
0.000000
0.000000
0.000000
0.000000
0.000000
0.000000
0.000000
0.000000
0.000000
0.000000
0.000000
0.000000
0.000000
0.000000
0.000000
0.000000
0.000000
0.000000
0.000000
0.000000
0.000000
0.000000
0.000000
0.000000
0.000000
0.000000
0.000000
0.000000
0.000000
0.000000
0.000000
0.000000
0.000000
0.000000
0.000000
0.000000
0.000000
0.000000
0.000000
0.000000
0.000000
0.000000
0.000000
0.000000
0.000000
0.000000
0.000000
0.000000
0.000000
0.000000
0.000000
0.000000
0.000000
0.000000
0.000000
0.000000
0.000000
0.000000
0.000000
0.000000
0.000000
0.000000
0.000000
0.000000
0.000000
0.000000
0.000000
0.000000
0.000000
0.000000
0.000000
0.000000
0.000000
0.000000
0.000000
0.000000
0.000000
0.000000
0.000000
0.000000
0.000000
0.000000
0.000000
0.000000
0.000000
0.000000
0.000000
0.000000
0.000000
0.000000
0.000000
0.000000
0.000000
0.000000
0.000000
0.000000
0.000000
0.000000
0.000000
0.000000
0.000000
0.000000
0.000000
0.000000
0.000000
0.000000
0.000000
0.000000
0.000000
0.000000
0.000000
0.000000
0.000000
0.000000
0.000000
0.000000
0.000000
0.000000
0.000000
0.000000
0.000000
0.000000
0.000000
0.000000
0.000000
0.000000
0.000000
0.000000
0.000000
0.000000
0.000000
0.000000
0.000000
0.000000
0.000000
0.000000
0.000000
0.000000
0.000000
0.000000
0.000000
0.000000
0.000000
0.000000
0.000000
0.000000
0.000000
0.000000
0.000000
0.000000
0.000000
0.000000
0.000000
0.000000
0.000000
0.000000
0.000000
0.000000
0.000000
0.000000
0.000000
0.000000
0.000000
0.000000
0.000000
0.000000
0.000000
0.000000
0.000000
0.000000
0.000000
0.000000
0.000000
0.000000
0.000000
0.000000
0.000000
0.000000
0.000000
0.000000
0.000000
0.000000
0.000000
0.000000
0.000000
0.000000
0.000000
0.000000
0.000000
0.000000
0.000000
0.000000
0.000000
0.000000
0.000000
0.000000
0.000000
0.000000
0.000000
0.000000
0.000000
0.000000
0.000000
0.000000
0.000000
0.000000
0.000000
0.000000
0.000000
0.000000
0.000000
0.000000
0.000000
0.000000
0.000000
0.000000
0.000000
0.000000
0.000000
0.000000
0.000000
0.000000
0.000000
0.000000
0.000000
0.000000
0.000000
0.000000
