1.781407
1.781407
1.781407
1.781407
1.781407
1.781407
1.781407
1.781407
1.781407
1.781407
1.781407
1.781407
1.781407
1.781407
1.781407
1.781407
1.781407
1.781407
1.781407
1.781407
1.781407
1.781407
1.781407
1.781407
1.781407
1.781407
1.781407
1.781407
1.781407
1.781407
1.781407
1.781407
1.877094
2.071295
2.264289
2.361301
2.555767
2.845449
3.036263
3.230082
3.518439
3.806766
4.095387
4.481405
4.481405
4.481405
4.481405
4.481405
4.481405
4.481405
4.481405
4.481405
4.481405
4.481405
4.481405
4.481405
4.481405
4.481405
4.481405
4.481405
4.481405
4.481405
4.481405
4.481405
4.481405
4.481405
4.481405
4.481405
4.481405
4.481405
4.481405
4.481405
4.481405
4.481405
4.481405
4.481405
4.481405
4.481405
4.481405
4.481405
4.481405
4.481405
4.481405
4.481405
4.481405
4.481405
4.481405
4.481405
4.481405
4.481405
4.481405
4.481405
4.481405
4.481405
4.481405
4.481405
4.481405
4.481405
4.481405
4.481405
4.481405
4.481405
4.481405
4.481405
4.481405
4.481405
4.481405
4.481405
4.481405
4.481405
4.481405
4.481405
4.342049
4.236639
4.130770
4.025326
3.919351
3.813736
3.735216
3.629364
3.549796
3.444336
3.365832
3.260217
3.180993
3.101843
3.022210
2.943166
2.863845
2.810882
2.731895
2.652582
2.599799
2.520518
2.467784
2.388568
2.335850
2.283043
2.230055
2.177387
2.124538
2.071468
2.018522
1.965362
1.911393
1.858291
1.806915
1.781407
1.781407
1.781407
1.781407
1.781407
1.781407
1.781407
1.781407
1.781407
1.781407
1.781407
1.781407
1.781407
1.781407
1.781407
1.781407
1.781407
1.781407
1.781407
1.781407
1.781407
1.781407
1.781407
1.781407
1.781407
1.781407
1.781407
1.781407
2.000000
2.000000
2.000000
2.000000
2.000000
2.200000
2.200000
2.200000
2.394437
2.586576
2.779983
3.000000
3.000000
3.192935
3.500000
3.526334
3.689842
3.977963
4.481405
4.481405
4.481405
4.481405
4.481405
4.481405
4.481405
4.481405
4.481405
4.481405
4.481405
4.481405
4.481405
4.481405
4.481405
4.481405
4.481405
4.481405
4.481405
4.481405
4.481405
4.481405
4.481405
4.481405
4.481405
4.481405
4.481405
4.481405
4.481405
4.481405
4.481405
4.481405
4.481405
4.481405
4.481405
4.481405
4.481405
4.481405
4.481405
4.481405
4.481405
4.481405
4.481405
4.481405
4.481405
4.481405
4.481405
4.481405
4.481405
4.481405
4.481405
4.481405
4.481405
4.481405
4.481405
4.481405
4.481405
4.481405
4.481405
4.481405
4.481405
4.481405
4.481405
4.318398
4.212890
4.080785
4.001978
3.896118
3.790568
3.685002
3.605549
3.501030
3.422396
3.343278
3.211157
3.106155
3.026522
3.000000
3.000000
3.189754
3.452338
3.373368
3.294210
3.215076
3.135582
3.056391
3.000000
3.000000
3.000000
3.000000
3.094038
3.284822
3.570293
3.856235
4.237569
4.481405
4.481405
4.481405
4.481405
4.481405
4.481405
4.481405
4.481405
4.481405
4.481405
4.481405
4.481405
4.481405
4.481405
4.256724
4.150610
4.045077
3.939265
3.833527
3.728173
3.622975
3.543384
3.438341
3.332807
3.254132
3.174875
3.095938
2.990503
2.909904
2.857989
2.753682
2.701226
2.622420
2.543025
2.490078
2.410576
2.358128
2.305681
2.226269
2.200000
2.200000
2.200000
2.200000
2.200000
2.200000
2.200000
2.200000
2.200000
2.200000
2.200000
2.200000
2.200000
2.200000
2.200000
2.200000
2.200000
2.200000
2.200000
2.200000
2.200000
2.200000
2.200000
2.200000
2.200000
2.200000
2.200000
2.200000
2.200000
2.200000
2.200000
2.200000
2.200000
2.055254
2.000000
2.200000
2.200000
2.200000
2.200000
2.200000
2.200000
2.200000
2.200000
2.200000
2.200000
2.200000
2.200000
2.200000
2.200000
2.052652
2.000000
2.000000
2.026122
2.000000
2.000000
2.000000
2.026359
2.000000
2.000000
2.000000
2.026326
2.000000
2.000000
2.000000
2.200000
2.052636
2.000000
2.000000
2.200000
2.200000
2.200000
2.200000
2.200000
2.200000
2.391020
2.674164
3.000000
3.000000
3.000000
3.095922
3.500000
3.593625
3.877741
4.166215
4.481405
4.481405
4.481405
4.481405
4.481405
4.481405
4.481405
4.481405
4.481405
4.481405
4.481405
4.481405
4.481405
4.481405
4.481405
4.481405
4.481405
4.481405
4.481405
4.481405
4.481405
4.481405
4.481405
4.481405
4.481405
4.481405
4.481405
4.481405
4.481405
4.481405
4.481405
4.481405
4.481405
4.481405
4.481405
4.336635
4.231077
4.125846
4.020035
3.915262
3.809786
3.704057
3.624751
3.519201
3.440035
3.334583
3.255646
3.176144
3.096895
3.017532
2.938341
2.859150
2.780090
2.701112
2.648026
2.568811
2.516527
2.305272
2.226097
2.052669
2.000000
2.000000
2.000000
2.000000
2.000000
2.200000
2.200000
2.390225
2.582630
2.772296
3.131017
3.078185
3.000000
3.000000
3.000000
3.000000
3.000000
3.000000
3.000000
3.000000
3.000000
3.285559
3.500000
3.500000
3.692611
3.881835
4.260989
4.481405
4.481405
4.481405
4.481405
4.481405
4.481405
4.481405
4.481405
4.481405
4.481405
4.481405
4.481405
4.481405
4.481405
4.481405
4.481405
4.481405
4.481405
4.481405
4.481405
4.481405
4.481405
4.481405
4.481405
4.481405
4.481405
4.481405
4.481405
4.481405
4.481405
4.295770
4.190629
4.085488
3.953498
3.874389
3.742635
3.663224
3.558173
3.452263
3.372998
3.240828
3.161874
3.082422
2.977035
2.897983
2.818792
2.765780
2.686573
2.607652
2.527659
2.475203
2.395685
2.342934
2.289996
2.236722
2.184479
2.025655
1.858405
1.807111
1.781407
1.781407
1.781407
1.781407
1.781407
1.781407
1.781407
1.781407
1.781407
1.781407
1.781407
1.781407
1.781407
1.781407
1.781407
1.781407
1.781407
1.781407
1.781407
1.781407
1.781407
1.781407
1.781407
2.000000
2.000000
2.000000
2.000000
2.200000
2.200000
2.298927
2.495661
2.692542
3.000000
3.097189
3.194672
3.598397
3.889904
4.182443
4.481405
4.481405
4.481405
4.481405
4.481405
4.481405
4.481405
4.481405
4.481405
4.481405
4.481405
4.481405
4.481405
4.481405
4.481405
4.481405
4.481405
4.481405
4.481405
4.481405
4.481405
4.481405
4.481405
4.481405
4.481405
4.481405
4.481405
4.481405
4.481405
4.481405
4.481405
4.481405
4.481405
4.481405
4.481405
4.481405
4.481405
4.481405
4.481405
4.481405
4.481405
4.481405
4.481405
4.481405
4.481405
4.481405
4.481405
4.481405
4.481405
4.481405
4.481405
4.295458
4.190670
4.084858
3.979962
3.873390
3.767873
3.661816
3.583091
3.477247
3.397745
3.291737
3.212644
3.133241
3.053984
2.974785
2.895292
2.816444
2.763645
2.552791
2.500008
2.447339
2.367657
2.341249
2.289219
2.236428
2.157180
2.104298
2.051466
2.000000
2.000000
2.200000
2.295510
2.542419
2.489972
2.437271
2.383956
2.331336
2.252783
2.200000
2.200000
2.200000
2.200000
2.200000
2.542133
2.463408
2.410813
2.358079
2.279248
2.226187
2.200000
2.200000
2.295039
2.568050
2.489653
2.437516
2.384717
2.331573
2.278602
2.200000
2.200000
2.200000
2.295275
2.543548
2.490839
2.411860
2.358635
2.306278
2.252947
2.200000
2.200000
2.295304
2.567240
2.515439
2.437066
2.383522
2.330821
2.278479
2.200000
2.200000
2.200000
2.200000
2.570013
2.490781
2.438072
2.384454
2.305444
2.252759
2.200000
2.200000
2.200000
2.294951
2.542534
2.463646
2.410944
2.357990
2.304650
2.252309
2.200000
2.200000
2.200000
2.295923
2.516953
2.463965
2.411223
2.358587
2.305427
2.225909
2.200000
2.200000
2.200000
2.391816
2.648551
2.595481
2.516789
2.464120
2.411231
2.332015
2.279338
2.226874
2.200000
2.052799
2.000000
2.000000
2.000000
2.000000
2.000000
2.000000
2.000000
2.000000
2.000000
2.000000
2.000000
2.000000
2.000000
2.000000
2.000000
2.000000
2.000000
2.000000
2.000000
1.834247
1.807242
1.781407
1.781407
1.781407
1.781407
1.781407
1.781407
1.781407
1.781407
1.781407
1.781407
1.781407
1.781407
1.781407
1.781407
1.781407
1.781407
1.781407
1.781407
1.781407
1.781407
1.781407
1.781407
2.000000
2.000000
2.000000
2.000000
2.000000
2.000000
2.200000
2.200000
2.200000
2.293227
2.239962
2.186352
2.133463
2.079085
2.026138
1.858986
1.806858
1.781407
1.781407
1.781407
1.781407
1.781407
1.781407
1.781407
1.781407
1.781407
1.781407
1.781407
1.781407
1.781407
1.781407
1.781407
1.781407
1.781407
1.781407
1.781407
2.000000
2.000000
1.993333
1.938807
1.885771
1.859854
1.807578
1.781407
1.781407
1.781407
1.781407
1.781407
1.781407
1.781407
1.781407
1.781407
1.781407
1.781407
1.781407
1.781407
1.781407
1.781407
1.781407
1.781407
1.781407
2.000000
2.000000
2.000000
2.000000
2.000000
2.200000
2.200000
2.298544
2.498223
2.697990
3.000000
3.198030
3.696616
3.891642
4.183945
4.481405
4.481405
4.481405
4.481405
4.481405
4.481405
4.481405
4.481405
4.481405
4.481405
4.481405
4.341986
4.236420
4.130027
4.024240
3.917823
3.812077
3.706273
3.600453
3.495272
3.388757
3.310147
3.203492
3.124236
3.044734
2.965780
2.859625
2.780385
2.727569
2.648541
2.569489
2.490683
2.437025
2.331728
2.252791
2.200000
2.025868
2.000000
2.000000
2.000000
2.000000
2.000000
2.000000
2.000000
2.000000
2.200000
2.200000
2.042631
1.963931
1.937801
1.885296
1.833028
1.807046
1.781407
1.781407
1.781407
1.781407
1.781407
1.781407
1.781407
1.781407
1.781407
1.781407
1.781407
1.781407
1.781407
1.781407
1.781407
1.781407
1.781407
2.000000
1.994560
1.942947
1.914608
1.862021
1.807291
1.781407
1.781407
1.781407
1.781407
1.781407
1.781407
1.781407
1.781407
1.781407
1.781407
1.781407
1.781407
1.781407
1.781407
1.781407
1.781407
1.781407
2.000000
2.022351
1.994086
1.939764
1.886335
1.833838
1.807790
1.781407
1.781407
1.781407
1.781407
1.781407
1.781407
1.781407
1.781407
1.781407
1.781407
1.781407
1.781407
1.781407
1.781407
1.781407
1.781407
1.781407
1.781407
1.781407
2.000000
2.200000
2.058534
2.029058
1.837094
1.781407
1.781407
1.781407
1.781407
1.781407
1.781407
1.781407
1.781407
1.781407
1.781407
1.781407
1.781407
1.781407
1.781407
1.781407
1.781407
1.781407
1.781407
1.781407
2.000000
2.000000
2.367592
2.310023
2.253141
2.196537
2.140466
2.083322
2.027676
2.000000
2.000000
2.000000
2.000000
2.000000
2.000000
2.000000
2.000000
2.000000
2.000000
2.000000
2.000000
2.200000
2.200000
2.298161
2.493246
2.785136
3.000000
3.000000
3.098073
3.500000
3.595864
3.981409
4.481405
4.481405
4.481405
4.481405
4.481405
4.481405
4.481405
4.481405
4.481405
4.481405
4.481405
4.481405
4.481405
4.481405
4.481405
4.481405
4.481405
4.481405
4.481405
4.481405
4.481405
4.481405
4.481405
4.481405
4.286418
4.180992
4.075500
3.970326
3.864670
3.759611
3.653742
3.548970
3.469640
3.364090
3.284752
3.179226
3.100207
3.021098
2.941530
2.862708
2.783067
2.704007
2.651363
2.571836
2.492678
2.440034
2.387317
2.308404
2.255318
2.202003
2.149547
2.096715
2.044022
1.990617
1.937940
1.885198
1.832734
1.781407
1.781407
1.781407
1.781407
1.781407
1.781407
1.781407
1.781407
1.781407
1.781407
1.781407
1.781407
1.781407
1.781407
1.781407
1.781407
1.781407
1.781407
1.781407
1.781407
1.781407
1.781407
1.781407
1.781407
1.781407
1.781407
1.781407
1.781407
1.781407
1.781407
1.781407
1.781407
1.781407
2.000000
2.000000
2.000000
2.000000
2.000000
2.000000
2.200000
2.045797
1.991369
1.938202
1.885231
1.859207
1.806874
1.781407
1.781407
1.781407
1.781407
1.781407
1.781407
1.781407
2.000000
2.000000
2.000000
2.000000
2.000000
2.000000
2.000000
2.000000
2.200000
2.200000
2.391875
2.587931
2.779953
2.788262
2.734644
2.681362
2.601295
2.547662
2.494821
2.415082
2.361784
2.283051
2.229654
2.176625
2.123769
2.071321
2.018285
1.965223
1.911966
1.859739
1.807275
1.781407
1.781407
1.781407
1.781407
1.781407
1.781407
1.781407
1.781407
1.781407
1.781407
1.781407
1.781407
1.781407
1.781407
1.781407
1.781407
1.781407
1.781407
1.781407
1.781407
1.781407
1.781407
1.781407
1.781407
2.000000
2.000000
2.000000
2.000000
2.000000
2.000000
2.200000
2.200000
2.392729
2.587401
2.780601
3.000000
3.000000
3.011632
2.930322
2.850231
2.797276
2.717046
2.663331
2.583821
2.504122
2.450873
2.397583
2.317754
2.264660
2.211582
2.158685
2.105247
2.052235
2.000000
1.832799
1.781407
1.781407
1.781407
1.781407
1.781407
1.781407
1.781407
1.781407
1.781407
1.781407
1.781407
1.781407
1.781407
1.781407
1.781407
1.781407
1.781407
1.781407
1.781407
1.781407
1.781407
1.781407
1.781407
1.781407
2.000000
2.000000
2.000000
2.000000
2.000000
2.000000
2.200000
2.200000
2.296924
2.491066
2.587813
2.781573
3.000000
3.000000
2.956321
2.875977
2.822973
2.769421
2.689175
2.609534
2.556701
2.476610
2.423688
2.371110
2.291043
2.238088
2.185150
2.131941
2.079085
2.026285
1.833658
1.781407
1.781407
1.781407
1.781407
1.781407
1.781407
1.781407
1.781407
1.781407
1.781407
1.781407
1.781407
1.781407
1.781407
1.781407
1.781407
1.781407
1.781407
1.781407
1.781407
1.781407
1.781407
1.781407
1.781407
2.000000
2.000000
2.000000
2.000000
2.000000
2.000000
2.000000
2.200000
2.200000
2.395291
2.588815
2.781750
3.000000
3.000000
2.788973
2.735372
2.655797
2.602310
2.522235
2.469460
2.389263
2.336137
2.283141
2.203721
2.150398
2.097721
2.044864
1.991517
1.938308
1.885165
1.832947
1.781407
1.781407
1.781407
1.781407
1.781407
1.781407
1.781407
1.781407
1.781407
1.781407
1.781407
1.781407
1.781407
1.781407
1.781407
1.781407
1.781407
1.781407
1.781407
1.781407
1.781407
1.781407
1.781407
1.781407
1.781407
2.000000
2.000000
2.000000
2.000000
2.000000
2.200000
2.200000
2.200000
2.393818
2.588226
2.784224
3.000000
2.869637
2.816183
2.736477
2.683015
2.628915
2.548987
2.496082
2.416375
2.363347
2.283902
2.230734
2.177861
2.124784
2.071878
2.018530
1.965158
1.912424
1.859428
1.807250
1.781407
1.781407
1.781407
1.781407
1.781407
1.781407
1.781407
1.781407
1.781407
1.781407
1.781407
1.781407
1.781407
1.781407
1.781407
1.781407
1.781407
1.781407
1.781407
1.781407
1.781407
1.781407
1.781407
1.781407
2.000000
2.000000
2.000000
2.000000
2.000000
2.000000
2.200000
2.200000
2.395615
2.589198
2.780012
3.000000
3.000000
2.985585
2.904921
2.824749
2.771188
2.691236
2.611628
2.558084
2.478378
2.425055
2.372133
2.292524
2.239160
2.185813
2.132735
2.080001
2.026457
1.858504
1.806768
1.781407
1.781407
1.781407
1.781407
1.781407
1.781407
1.781407
1.781407
1.781407
1.781407
1.781407
1.781407
1.781407
1.781407
1.781407
1.781407
1.781407
1.781407
1.781407
1.781407
1.781407
1.781407
1.781407
2.000000
2.000000
2.000000
2.000000
2.000000
2.000000
2.000000
2.200000
2.200000
2.298338
2.395968
2.589109
3.000000
3.000000
3.000000
2.930266
2.877025
2.797695
2.743971
2.664027
2.610737
2.531014
2.478272
2.398345
2.345259
2.265814
2.212556
2.159642
2.104323
2.052333
2.000000
1.781407
1.781407
1.781407
1.781407
1.781407
1.781407
1.781407
1.781407
1.781407
1.781407
1.781407
1.781407
1.781407
1.781407
1.781407
1.781407
1.781407
1.781407
1.781407
1.781407
1.781407
1.781407
1.781407
1.781407
1.781407
1.781407
2.000000
2.000000
2.000000
2.000000
2.000000
2.000000
2.000000
2.200000
2.200000
2.200000
2.490624
2.684619
3.000000
3.000000
3.000000
2.816576
2.763024
2.683105
2.629798
2.549527
2.496327
2.416645
2.363224
2.283460
2.230333
2.177132
2.123891
2.071100
2.017761
1.964266
1.911499
1.858675
1.807054
1.781407
1.781407
1.781407
1.781407
1.781407
1.781407
1.781407
1.781407
1.781407
1.781407
1.781407
1.781407
1.781407
1.781407
1.781407
1.781407
1.781407
1.781407
1.781407
1.781407
1.781407
1.781407
1.781407
1.781407
1.781407
2.000000
2.000000
2.000000
2.000000
2.000000
2.000000
2.200000
2.200000
2.296747
2.491655
2.685473
3.000000
3.011460
2.931713
2.878431
2.824789
2.745041
2.691391
2.611472
2.531946
2.478279
2.424842
2.345683
2.292737
2.212621
2.159552
2.104781
2.051810
2.000000
1.833118
1.781407
1.781407
1.781407
1.781407
1.781407
1.781407
1.781407
1.781407
1.781407
1.781407
1.781407
1.781407
2.000000
2.000000
2.000000
2.000000
2.000000
2.000000
2.000000
2.200000
2.200000
2.296188
2.487561
2.677934
3.000000
3.000000
3.095540
3.500000
3.689813
3.978788
4.265378
4.481405
4.481405
4.481405
4.481405
4.481405
4.481405
4.481405
4.481405
4.481405
4.481405
4.481405
4.481405
4.481405
4.481405
4.481405
4.481405
4.481405
4.481405
4.481405
4.481405
4.481405
4.481405
4.481405
4.481405
4.481405
4.481405
4.481405
4.481405
4.481405
4.481405
4.481405
4.481405
4.481405
4.481405
4.481405
4.481405
4.481405
4.481405
4.481405
4.481405
4.481405
4.481405
4.481405
4.481405
4.481405
4.481405
4.481405
4.481405
4.481405
4.481405
4.481405
4.481405
4.481405
4.481405
4.481405
4.264266
4.158626
4.053076
3.947485
3.841739
3.762998
3.657563
3.552651
3.473419
3.446897
3.366634
3.287149
3.209578
3.131712
3.052554
3.000000
3.000000
3.000000
3.000000
3.000000
3.000000
3.000000
3.000000
3.000000
3.000000
3.000000
3.000000
3.000000
3.000000
3.000000
3.000000
3.000000
3.000000
3.000000
3.000000
3.000000
3.000000
3.000000
3.000000
3.000000
3.000000
3.000000
3.000000
3.000000
3.000000
3.000000
3.000000
3.000000
3.000000
3.000000
3.000000
3.000000
3.000000
2.832915
2.780443
2.701023
2.622241
2.569490
2.490528
2.437385
2.358129
2.305738
2.252661
2.200000
2.482672
2.672485
3.000000
3.000000
3.000000
3.000000
3.000000
3.000000
3.000000
3.000000
3.000000
3.000000
3.000000
3.000000
3.000000
3.000000
3.000000
3.000000
2.805991
2.727283
2.674631
2.595407
2.516969
2.464226
2.411247
2.332269
2.279428
2.226342
2.200000
2.200000
2.200000
2.200000
2.200000
2.200000
2.571746
2.518579
2.465845
2.412620
2.334509
2.282216
2.229728
2.177583
2.124562
2.072156
2.019348
1.966336
1.913913
0.000000
0.000000
0.000000
0.000000
0.000000
0.000000
0.000000
0.000000
0.000000
0.000000
0.000000
0.000000
0.000000
0.000000
0.000000
0.000000
0.000000
0.000000
0.000000
0.000000
0.000000
0.000000
0.000000
0.000000
0.000000
0.000000
0.000000
0.000000
0.000000
0.000000
0.000000
0.000000
0.000000
0.000000
0.000000
0.000000
0.000000
0.000000
0.000000
0.000000
0.000000
0.000000
0.000000
0.000000
0.000000
0.000000
0.000000
0.000000
0.000000
0.000000
0.000000
0.000000
0.000000
0.000000
0.000000
0.000000
0.000000
0.000000
0.000000
0.000000
0.000000
0.000000
0.000000
0.000000
0.000000
0.000000
0.000000
0.000000
0.000000
0.000000
0.000000
0.000000
0.000000
0.000000
0.000000
0.000000
0.000000
0.000000
0.000000
0.000000
0.000000
0.000000
0.000000
0.000000
0.000000
0.000000
0.000000
0.000000
0.000000
0.000000
0.000000
0.000000
0.000000
0.000000
0.000000
0.000000
0.000000
0.000000
0.000000
0.000000
0.000000
0.000000
0.000000
0.000000
0.000000
0.000000
0.000000
0.000000
0.000000
0.000000
0.000000
0.000000
0.000000
0.000000
0.000000
0.000000
0.000000
0.000000
0.000000
0.000000
0.000000
0.000000
0.000000
0.000000
0.000000
0.000000
0.000000
0.000000
0.000000
0.000000
0.000000
0.000000
0.000000
0.000000
0.000000
0.000000
0.000000
0.000000
0.000000
0.000000
0.000000
0.000000
0.000000
0.000000
0.000000
0.000000
0.000000
0.000000
0.000000
0.000000
0.000000
0.000000
0.000000
0.000000
0.000000
0.000000
0.000000
0.000000
0.000000
0.000000
0.000000
0.000000
0.000000
0.000000
0.000000
0.000000
0.000000
0.000000
0.000000
0.000000
0.000000
0.000000
0.000000
0.000000
0.000000
0.000000
0.000000
0.000000
0.000000
0.000000
0.000000
0.000000
0.000000
0.000000
0.000000
0.000000
0.000000
0.000000
0.000000
0.000000
0.000000
0.000000
0.000000
0.000000
0.000000
0.000000
0.000000
0.000000
0.000000
0.000000
0.000000
0.000000
0.000000
0.000000
0.000000
0.000000
0.000000
0.000000
0.000000
0.000000
0.000000
0.000000
0.000000
0.000000
0.000000
0.000000
0.000000
0.000000
0.000000
0.000000
0.000000
0.000000
0.000000
0.000000
0.000000
0.000000
0.000000
0.000000
0.000000
0.000000
0.000000
0.000000
0.000000
0.000000
0.000000
0.000000
0.000000
0.000000
0.000000
0.000000
0.000000
0.000000
0.000000
0.000000
0.000000
0.000000
0.000000
0.000000
0.000000
0.000000
0.000000
0.000000
0.000000
0.000000
0.000000
0.000000
0.000000
0.000000
0.000000
0.000000
0.000000
0.000000
0.000000
0.000000
0.000000
0.000000
0.000000
0.000000
0.000000
0.000000
0.000000
0.000000
0.000000
0.000000
0.000000
0.000000
0.000000
0.000000
0.000000
0.000000
0.000000
0.000000
0.000000
0.000000
0.000000
0.000000
0.000000
0.000000
0.000000
0.000000
0.000000
0.000000
0.000000
0.000000
0.000000
0.000000
0.000000
0.000000
0.000000
0.000000
0.000000
0.000000
0.000000
0.000000
0.000000
0.000000
0.000000
0.000000
0.000000
0.000000
0.000000
0.000000
0.000000
0.000000
0.000000
0.000000
0.000000
0.000000
0.000000
0.000000
0.000000
0.000000
0.000000
0.000000
0.000000
0.000000
0.000000
0.000000
0.000000
0.000000
0.000000
0.000000
0.000000
0.000000
0.000000
0.000000
0.000000
0.000000
0.000000
0.000000
0.000000
0.000000
0.000000
0.000000
0.000000
0.000000
0.000000
0.000000
0.000000
0.000000
0.000000
0.000000
0.000000
0.000000
0.000000
0.000000
0.000000
0.000000
0.000000
0.000000
0.000000
0.000000
0.000000
0.000000
0.000000
0.000000
0.000000
0.000000
0.000000
0.000000
0.000000
0.000000
0.000000
0.000000
0.000000
0.000000
0.000000
0.000000
0.000000
0.000000
0.000000
0.000000
0.000000
0.000000
0.000000
0.000000
0.000000
0.000000
0.000000
0.000000
0.000000
0.000000
0.000000
0.000000
0.000000
0.000000
0.000000
0.000000
0.000000
0.000000
0.000000
0.000000
0.000000
0.000000
0.000000
0.000000
0.000000
0.000000
0.000000
0.000000
0.000000
0.000000
0.000000
0.000000
0.000000
0.000000
0.000000
0.000000
0.000000
0.000000
0.000000
0.000000
0.000000
0.000000
0.000000
0.000000
0.000000
0.000000
0.000000
0.000000
0.000000
0.000000
0.000000
0.000000
0.000000
0.000000
0.000000
0.000000
0.000000
0.000000
0.000000
0.000000
0.000000
0.000000
0.000000
0.000000
0.000000
0.000000
0.000000
0.000000
0.000000
0.000000
0.000000
0.000000
0.000000
0.000000
0.000000
0.000000
0.000000
0.000000
0.000000
0.000000
0.000000
0.000000
0.000000
0.000000
0.000000
0.000000
0.000000
0.000000
0.000000
0.000000
0.000000
0.000000
0.000000
0.000000
0.000000
0.000000
0.000000
0.000000
0.000000
0.000000
0.000000
0.000000
0.000000
0.000000
0.000000
0.000000
0.000000
0.000000
0.000000
0.000000
0.000000
0.000000
0.000000
0.000000
0.000000
0.000000
0.000000
0.000000
0.000000
0.000000
0.000000
0.000000
0.000000
0.000000
0.000000
0.000000
0.000000
0.000000
0.000000
0.000000
0.000000
0.000000
0.000000
0.000000
0.000000
0.000000
0.000000
0.000000
0.000000
0.000000
0.000000
0.000000
0.000000
0.000000
0.000000
0.000000
0.000000
0.000000
0.000000
0.000000
0.000000
0.000000
0.000000
0.000000
0.000000
0.000000
0.000000
0.000000
0.000000
0.000000
0.000000
0.000000
0.000000
0.000000
0.000000
0.000000
0.000000
0.000000
0.000000
0.000000
0.000000
0.000000
0.000000
0.000000
0.000000
0.000000
0.000000
0.000000
0.000000
0.000000
0.000000
0.000000
0.000000
0.000000
0.000000
0.000000
0.000000
0.000000
0.000000
0.000000
0.000000
0.000000
0.000000
0.000000
0.000000
0.000000
0.000000
0.000000
0.000000
0.000000
0.000000
0.000000
0.000000
0.000000
0.000000
0.000000
0.000000
0.000000
0.000000
0.000000
0.000000
0.000000
0.000000
0.000000
0.000000
0.000000
0.000000
0.000000
0.000000
0.000000
0.000000
0.000000
0.000000
0.000000
0.000000
0.000000
0.000000
0.000000
0.000000
0.000000
0.000000
0.000000
0.000000
0.000000
0.000000
0.000000
0.000000
0.000000
0.000000
0.000000
0.000000
0.000000
0.000000
0.000000
0.000000
0.000000
0.000000
0.000000
0.000000
0.000000
0.000000
0.000000
0.000000
0.000000
0.000000
0.000000
0.000000
0.000000
0.000000
0.000000
0.000000
0.000000
0.000000
0.000000
0.000000
0.000000
0.000000
0.000000
0.000000
0.000000
0.000000
0.000000
0.000000
0.000000
0.000000
0.000000
0.000000
0.000000
0.000000
0.000000
0.000000
0.000000
0.000000
0.000000
0.000000
0.000000
0.000000
0.000000
0.000000
0.000000
0.000000
0.000000
0.000000
0.000000
0.000000
0.000000
0.000000
0.000000
0.000000
0.000000
0.000000
0.000000
0.000000
0.000000
0.000000
0.000000
0.000000
0.000000
0.000000
0.000000
0.000000
0.000000
0.000000
0.000000
0.000000
0.000000
0.000000
0.000000
0.000000
0.000000
0.000000
0.000000
0.000000
0.000000
0.000000
0.000000
0.000000
0.000000
0.000000
0.000000
0.000000
0.000000
0.000000
0.000000
0.000000
0.000000
0.000000
0.000000
0.000000
0.000000
0.000000
0.000000
0.000000
0.000000
0.000000
0.000000
0.000000
0.000000
0.000000
0.000000
0.000000
0.000000
0.000000
0.000000
0.000000
0.000000
0.000000
0.000000
0.000000
0.000000
0.000000
0.000000
0.000000
0.000000
0.000000
0.000000
0.000000
0.000000
0.000000
0.000000
0.000000
0.000000
0.000000
0.000000
0.000000
0.000000
0.000000
0.000000
0.000000
0.000000
0.000000
0.000000
0.000000
0.000000
0.000000
0.000000
0.000000
0.000000
0.000000
0.000000
0.000000
0.000000
0.000000
0.000000
0.000000
0.000000
0.000000
0.000000
0.000000
0.000000
0.000000
0.000000
0.000000
0.000000
0.000000
0.000000
0.000000
0.000000
0.000000
0.000000
0.000000
0.000000
0.000000
0.000000
0.000000
0.000000
0.000000
0.000000
0.000000
0.000000
0.000000
0.000000
0.000000
0.000000
0.000000
0.000000
0.000000
0.000000
0.000000
0.000000
0.000000
0.000000
0.000000
0.000000
0.000000
0.000000
0.000000
0.000000
0.000000
0.000000
0.000000
0.000000
0.000000
0.000000
0.000000
0.000000
0.000000
0.000000
0.000000
0.000000
0.000000
0.000000
0.000000
0.000000
0.000000
0.000000
0.000000
0.000000
0.000000
0.000000
0.000000
0.000000
0.000000
0.000000
0.000000
0.000000
0.000000
0.000000
0.000000
0.000000
0.000000
0.000000
0.000000
0.000000
0.000000
0.000000
0.000000
0.000000
0.000000
0.000000
0.000000
0.000000
0.000000
0.000000
0.000000
0.000000
0.000000
0.000000
0.000000
0.000000
0.000000
0.000000
0.000000
0.000000
0.000000
0.000000
0.000000
0.000000
0.000000
0.000000
0.000000
0.000000
0.000000
0.000000
0.000000
0.000000
0.000000
0.000000
0.000000
0.000000
0.000000
0.000000
0.000000
0.000000
0.000000
0.000000
0.000000
0.000000
0.000000
0.000000
0.000000
0.000000
0.000000
0.000000
0.000000
0.000000
0.000000
0.000000
0.000000
0.000000
0.000000
0.000000
0.000000
0.000000
0.000000
0.000000
0.000000
0.000000
0.000000
0.000000
0.000000
0.000000
0.000000
0.000000
0.000000
0.000000
0.000000
0.000000
0.000000
0.000000
0.000000
0.000000
0.000000
0.000000
0.000000
0.000000
0.000000
0.000000
0.000000
0.000000
0.000000
0.000000
0.000000
0.000000
0.000000
0.000000
0.000000
0.000000
0.000000
0.000000
0.000000
0.000000
0.000000
0.000000
0.000000
0.000000
0.000000
0.000000
0.000000
0.000000
0.000000
0.000000
0.000000
0.000000
0.000000
0.000000
0.000000
0.000000
0.000000
0.000000
0.000000
0.000000
0.000000
0.000000
0.000000
0.000000
0.000000
0.000000
0.000000
0.000000
0.000000
0.000000
0.000000
0.000000
0.000000
0.000000
0.000000
0.000000
0.000000
0.000000
0.000000
0.000000
0.000000
0.000000
0.000000
0.000000
0.000000
0.000000
0.000000
0.000000
0.000000
0.000000
0.000000
0.000000
0.000000
0.000000
0.000000
0.000000
0.000000
0.000000
0.000000
0.000000
0.000000
0.000000
0.000000
0.000000
0.000000
0.000000
0.000000
0.000000
0.000000
0.000000
0.000000
0.000000
0.000000
0.000000
0.000000
0.000000
0.000000
0.000000
0.000000
0.000000
0.000000
0.000000
0.000000
0.000000
0.000000
0.000000
0.000000
0.000000
0.000000
0.000000
0.000000
0.000000
0.000000
0.000000
0.000000
0.000000
0.000000
0.000000
0.000000
0.000000
0.000000
0.000000
0.000000
0.000000
0.000000
0.000000
0.000000
0.000000
0.000000
0.000000
0.000000
0.000000
0.000000
0.000000
0.000000
0.000000
0.000000
0.000000
0.000000
0.000000
0.000000
0.000000
0.000000
0.000000
0.000000
0.000000
0.000000
0.000000
0.000000
0.000000
0.000000
0.000000
0.000000
0.000000
0.000000
0.000000
0.000000
0.000000
0.000000
0.000000
0.000000
0.000000
0.000000
0.000000
0.000000
0.000000
0.000000
0.000000
0.000000
0.000000
0.000000
0.000000
0.000000
0.000000
0.000000
0.000000
0.000000
0.000000
0.000000
0.000000
0.000000
0.000000
0.000000
0.000000
0.000000
0.000000
0.000000
0.000000
0.000000
0.000000
0.000000
0.000000
0.000000
0.000000
0.000000
0.000000
0.000000
0.000000
0.000000
0.000000
0.000000
0.000000
0.000000
0.000000
0.000000
0.000000
0.000000
0.000000
0.000000
0.000000
0.000000
0.000000
0.000000
0.000000
0.000000
0.000000
0.000000
0.000000
0.000000
0.000000
0.000000
0.000000
0.000000
