2.000000
2.000000
2.000000
2.000000
2.000000
2.000000
2.000000
2.000000
2.000000
2.000000
2.000000
2.000000
2.000000
2.000000
2.000000
2.000000
2.000000
2.000000
2.000000
2.000000
2.000000
2.000000
2.000000
2.000000
2.000000
2.000000
2.000000
2.000000
2.000000
2.000000
2.000000
2.000000
2.000000
2.000000
2.000000
2.000000
2.000000
2.000000
2.000000
2.000000
2.085343
2.256107
2.426505
2.597689
2.769317
3.024822
3.197891
3.452715
3.707906
3.963726
4.318197
4.254340
4.191112
4.106208
4.042691
4.172073
4.464811
4.401348
4.317693
4.232566
4.147773
4.063307
4.000000
4.336659
4.678162
5.014927
5.562883
5.478182
5.373460
5.288686
5.182688
5.077351
4.971758
4.886887
4.781726
4.676186
4.590804
4.485467
4.401341
4.294682
4.210773
4.126509
4.042462
4.020446
4.274452
4.169396
4.084636
4.000000
4.254432
4.592139
5.013147
5.353261
5.774897
5.999998
5.999998
5.999998
5.999998
5.846028
5.762347
5.656278
5.548061
5.441618
5.336550
5.230480
5.124658
5.020368
4.914677
4.808608
4.703205
4.597652
4.492355
4.407725
4.302454
4.217556
4.111852
4.027628
3.942344
3.858494
3.773642
3.710871
3.625790
3.541121
3.478115
3.394029
3.330991
3.267978
3.183146
3.120113
3.056466
2.993709
2.929937
2.866631
2.824515
2.760803
2.697836
2.633822
2.591753
2.528518
2.485951
2.444065
2.380378
2.338054
2.296050
2.254406
2.190392
2.148257
2.106456
2.062522
2.020734
2.000000
2.000000
2.000000
2.000000
2.000000
2.000000
2.000000
2.000000
2.000000
2.000000
2.000000
2.000000
2.000000
2.000000
2.000000
2.000000
2.000000
2.000000
2.000000
2.000000
2.169953
2.500000
2.672466
3.000000
3.000000
3.087673
3.300000
3.475110
3.733469
4.075129
4.334770
4.589857
4.935836
5.275847
5.532269
5.999998
5.999998
5.999998
5.999998
5.999998
5.999998
5.999998
5.999998
5.999998
5.999998
5.999998
5.999998
5.999998
5.999998
5.999998
5.999998
5.999998
5.999998
5.999998
5.999998
5.999998
5.999998
5.999998
5.999998
5.999998
5.999998
5.999998
5.999998
5.999998
5.999998
5.999998
5.999998
5.999998
5.999998
5.999998
5.999998
5.784989
5.658382
5.531579
5.405025
5.278823
5.152196
5.025307
4.898896
4.772270
4.666997
4.540168
4.434268
4.329081
4.223214
4.117314
4.012245
3.927523
3.821748
3.737471
3.652809
3.568618
3.483667
3.398710
3.336621
3.252790
3.169260
3.105808
3.042580
3.000000
3.000000
3.000000
3.000000
3.087882
3.212002
3.127321
3.085225
3.020819
3.000000
3.000000
3.000000
3.000000
3.000000
3.000000
3.000000
3.426548
3.363654
3.300000
3.300000
3.300000
3.300000
3.404977
3.342128
3.300000
3.383484
3.637105
3.887610
4.224060
4.606333
4.522155
4.458108
4.373780
4.289177
4.204718
4.141260
4.056715
3.971732
3.887561
3.802676
3.739251
3.654778
3.570038
3.507110
3.422167
3.359121
3.274492
3.211368
3.148225
3.084859
3.021414
3.000000
3.000000
3.000000
3.000000
3.000000
3.000000
3.000000
3.000000
3.000000
3.000000
3.000000
3.000000
3.000000
3.000000
3.000000
3.000000
3.000000
3.000000
3.000000
3.000000
3.000000
3.000000
3.000000
3.000000
3.000000
3.000000
3.000000
3.000000
3.000000
3.000000
3.000000
3.000000
3.000000
3.000000
3.000000
3.000000
3.000000
3.000000
3.000000
3.000000
3.000000
3.000000
3.000000
3.000000
3.000000
3.000000
3.000000
3.000000
3.000000
3.000000
3.000000
3.000000
3.000000
3.000000
3.000000
3.000000
3.000000
3.000000
3.000000
3.000000
3.000000
3.000000
3.000000
3.084741
3.300000
3.552599
4.021146
4.000000
4.125105
4.061359
3.977155
3.892120
3.829002
3.744072
3.680987
3.617438
3.532867
3.469377
3.405913
3.321087
3.469037
3.721531
4.060338
4.312230
4.651560
4.987591
5.325716
5.550084
5.465795
5.380903
5.297013
5.191453
5.106771
5.022227
4.916503
4.832325
4.726995
4.642065
4.536427
4.452314
4.346211
4.262217
4.153666
4.068493
3.983903
3.899077
3.814912
3.730230
3.645647
3.561626
3.497952
3.413728
3.350421
3.266466
3.202930
3.118818
3.055203
2.992459
2.928877
2.865367
2.802335
2.738694
2.696873
2.633593
2.570273
2.528445
2.464517
2.422231
2.379940
2.316266
2.274321
2.232199
2.189855
2.147511
2.105455
2.084532
2.042155
2.000000
2.000000
2.000000
2.000000
2.000000
2.000000
2.167597
2.335403
2.504701
2.754196
2.691406
2.648264
2.605828
2.542161
2.500000
2.500000
2.746788
3.000000
3.000000
3.300000
3.300000
3.468775
3.724228
3.976460
4.169677
4.106613
4.042652
4.000000
4.167335
4.509021
4.763846
5.101919
5.438762
5.691702
5.845439
5.761660
5.676533
5.592257
5.528813
5.444550
5.360522
5.275258
5.171164
5.065873
4.939240
4.854493
4.748763
4.663970
4.642817
4.537041
4.452457
4.367606
4.283611
4.198740
4.114117
4.008616
3.924150
3.818833
3.734576
3.650359
3.565683
3.481420
3.376135
3.312508
3.228480
3.143923
3.081080
2.975370
2.912063
2.848298
2.785005
2.721207
2.658548
2.594724
2.531397
2.489276
2.425524
2.362596
2.320455
2.277757
2.214607
2.172100
2.129965
2.087712
2.000000
2.000000
2.000000
2.000000
2.000000
2.000000
2.000000
2.000000
2.000000
2.000000
2.000000
2.000000
2.000000
2.000000
2.000000
2.000000
2.000000
2.000000
2.000000
2.000000
2.091652
2.172728
2.349854
2.518577
2.693687
2.957622
3.300000
3.365336
3.321748
3.476026
3.739830
3.998843
4.262516
4.608234
4.608234
4.781329
5.041546
5.472633
5.728348
5.999998
5.999998
5.999998
5.999998
5.999998
5.999998
5.999998
5.999998
5.999998
5.999998
5.999998
5.999998
5.999998
5.999998
5.999998
5.999998
5.999998
5.999998
5.999998
5.999998
5.999998
5.826570
5.721010
5.615823
5.510244
5.404364
5.299020
5.194030
5.088333
4.982027
4.855394
4.748303
4.642070
4.535410
4.408398
4.302825
4.176454
4.070606
3.964824
3.859213
3.753902
3.648028
3.542645
3.437511
3.353444
3.269221
3.184689
3.099883
3.015568
2.930912
2.846727
2.783093
2.698634
2.634928
2.571856
2.507980
2.445138
2.381517
2.318164
2.276160
2.149055
2.000000
2.082935
2.251703
2.188645
2.167931
2.125796
2.083111
2.041716
2.000000
2.000000
2.000000
2.000000
2.274099
2.229948
2.209797
2.166654
2.104480
2.062790
2.020982
2.000000
2.000000
2.000000
2.000000
2.253751
2.211427
2.169168
2.127229
2.084499
2.042056
2.000000
2.000000
2.000000
2.000000
2.084531
2.276370
2.232448
2.187591
2.146457
2.105455
2.063209
2.020897
2.000000
2.000000
2.000000
2.083118
2.275971
2.232160
2.190294
2.148231
2.105991
2.063896
2.021152
2.000000
2.000000
2.000000
2.272731
2.231205
2.188206
2.146392
2.104597
2.061474
2.020727
2.000000
2.000000
2.000000
2.000000
2.274806
2.232586
2.190988
2.148637
2.105468
2.064027
2.021139
2.000000
2.000000
2.000000
2.000000
2.273608
2.229837
2.209385
2.147243
2.106109
2.063228
2.042272
2.000000
2.000000
2.000000
2.000000
2.273994
2.230629
2.189155
2.147681
2.105546
2.062790
2.021035
2.000000
2.000000
2.000000
2.000000
2.081233
2.254249
2.483758
2.442403
2.400765
2.358571
2.316744
2.253155
2.211184
2.169187
2.126810
2.084499
2.042554
2.000000
2.000000
2.000000
2.000000
2.000000
2.000000
2.000000
2.000000
2.000000
2.000000
2.000000
2.000000
2.000000
2.000000
2.000000
2.000000
2.000000
2.000000
2.000000
2.000000
2.000000
2.000000
2.000000
2.000000
2.000000
2.000000
2.000000
2.000000
2.000000
2.000000
2.000000
2.000000
2.000000
2.000000
2.000000
2.000000
2.000000
2.082332
2.250191
2.419490
2.605915
2.562570
2.519316
2.475689
2.410517
2.367426
2.324251
2.281134
2.216407
2.173297
2.130430
2.109892
2.065532
2.020609
2.000000
2.000000
2.000000
2.000000
2.000000
2.000000
2.000000
2.000000
2.000000
2.000000
2.000000
2.000000
2.000000
2.000000
2.000000
2.000000
2.000000
2.000000
2.000000
2.173939
2.130148
2.086966
2.043928
2.000000
2.000000
2.000000
2.000000
2.000000
2.000000
2.000000
2.000000
2.000000
2.000000
2.000000
2.000000
2.000000
2.000000
2.000000
2.000000
2.000000
2.086050
2.262836
2.438076
2.616930
3.000000
3.089663
3.300000
3.344105
3.300000
3.648571
3.882715
3.795611
3.730236
3.665574
3.600631
3.514634
3.450109
3.364668
3.300000
3.300000
3.321617
3.490045
3.426548
3.363313
3.300000
3.300000
3.384944
3.321205
3.596822
3.533338
3.469573
3.385022
3.320969
3.300000
3.300000
3.205920
3.142430
3.078855
3.015587
2.952012
2.888855
2.824986
2.761626
2.698032
2.655321
2.592348
2.550122
2.486605
2.444830
2.381334
2.338682
2.296861
2.233051
2.190693
2.149167
2.106384
2.085055
2.042717
2.000000
2.000000
2.000000
2.000000
2.000000
2.000000
2.000000
2.000000
2.000000
2.000000
2.147105
2.105069
2.063117
2.021094
2.000000
2.000000
2.000000
2.000000
2.000000
2.000000
2.000000
2.000000
2.000000
2.000000
2.000000
2.000000
2.000000
2.000000
2.000000
2.000000
2.000000
2.000000
2.105815
2.064904
2.020504
2.000000
2.000000
2.000000
2.000000
2.000000
2.000000
2.000000
2.000000
2.000000
2.000000
2.000000
2.000000
2.000000
2.000000
2.000000
2.000000
2.000000
2.000000
2.000000
2.000000
2.000000
2.130089
2.085245
2.042501
2.000000
2.000000
2.000000
2.000000
2.000000
2.000000
2.000000
2.000000
2.000000
2.000000
2.000000
2.000000
2.000000
2.000000
2.000000
2.000000
2.000000
2.131706
2.108374
2.064694
2.043450
2.000000
2.000000
2.000000
2.000000
2.000000
2.000000
2.000000
2.000000
2.000000
2.000000
2.000000
2.000000
2.000000
2.000000
2.000000
2.000000
2.000000
2.000000
2.000000
2.087647
2.272751
2.227638
2.181688
2.135050
2.089342
2.066952
2.000000
2.000000
2.000000
2.000000
2.000000
2.000000
2.000000
2.000000
2.000000
2.000000
2.000000
2.000000
2.087254
2.261160
2.436270
2.697273
3.000000
3.300000
3.300000
3.300000
3.300000
3.557286
3.815147
4.072851
4.328802
4.669310
4.925129
5.264485
5.807983
5.723099
5.659242
5.574482
5.489388
5.405026
5.320161
5.214078
5.108826
5.024446
4.918375
4.834407
4.728481
4.622778
4.517539
4.432909
4.327330
4.221961
4.137462
4.031856
3.926178
3.841915
3.754622
3.670104
3.564047
3.480190
3.416157
3.332011
3.247048
3.162778
3.099118
3.014318
2.951161
2.888025
2.824306
2.761090
2.697646
2.634758
2.570954
2.528871
2.465270
2.401714
2.359867
2.296554
2.254308
2.212212
2.170398
2.106777
2.064341
2.021041
2.000000
2.000000
2.000000
2.000000
2.000000
2.000000
2.000000
2.000000
2.000000
2.000000
2.000000
2.000000
2.000000
2.000000
2.000000
2.000000
2.000000
2.000000
2.000000
2.000000
2.000000
2.000000
2.000000
2.000000
2.000000
2.000000
2.000000
2.000000
2.000000
2.000000
2.000000
2.000000
2.000000
2.000000
2.000000
2.083641
2.253280
2.416557
2.372930
2.329441
2.286501
2.242913
2.199515
2.156347
2.112497
2.067136
2.021552
2.000000
2.000000
2.000000
2.000000
2.000000
2.000000
2.000000
2.000000
2.000000
2.000000
2.000000
2.167387
2.251605
2.421113
2.593081
3.000000
3.000000
2.988553
2.945371
2.923714
2.901973
2.836532
2.793651
2.729880
2.665283
2.643889
2.579567
2.515226
2.472502
2.408115
2.365529
2.323466
2.259511
2.217180
2.174737
2.132380
2.089126
2.046120
2.000000
2.000000
2.000000
2.000000
2.000000
2.000000
2.000000
2.000000
2.000000
2.000000
2.000000
2.000000
2.000000
2.000000
2.000000
2.000000
2.000000
2.000000
2.081023
2.251579
2.521859
2.587437
2.761134
3.000000
3.343993
3.300000
3.300000
3.300000
3.157242
3.091939
3.025058
2.983401
2.941220
2.877207
2.813107
2.748688
2.705408
2.641054
2.576432
2.533394
2.469759
2.426427
2.362669
2.320004
2.255885
2.213613
2.171059
2.128230
2.086534
2.023247
2.000000
2.000000
2.000000
2.000000
2.000000
2.000000
2.000000
2.000000
2.000000
2.000000
2.000000
2.000000
2.000000
2.000000
2.000000
2.000000
2.000000
2.000000
2.000000
2.086207
2.257757
2.432631
2.607872
2.785496
3.000000
3.300000
3.300000
3.157242
3.113438
3.048619
2.982812
2.918517
2.896854
2.875067
2.810372
2.746090
2.702915
2.639228
2.575064
2.510880
2.468294
2.404417
2.361890
2.319402
2.255290
2.212860
2.170908
2.127955
2.085703
2.041664
2.000000
2.000000
2.000000
2.000000
2.000000
2.000000
2.000000
2.000000
2.000000
2.000000
2.000000
2.000000
2.000000
2.000000
2.000000
2.000000
2.000000
2.000000
2.000000
2.083327
2.252547
2.585343
2.759118
3.000000
3.000000
3.000000
3.300000
3.179782
3.136384
3.071689
3.006622
2.963800
2.898778
2.855982
2.791674
2.726724
2.662684
2.620209
2.555757
2.491992
2.449045
2.385463
2.343139
2.300107
2.236696
2.194738
2.151634
2.109441
2.066494
2.000000
2.000000
2.000000
2.000000
2.000000
2.000000
2.000000
2.000000
2.000000
2.000000
2.000000
2.000000
2.000000
2.000000
2.000000
2.000000
2.000000
2.000000
2.000000
2.169848
2.500000
2.500000
2.675398
3.000000
3.000000
3.300000
3.300000
3.159166
3.093464
3.028154
2.962635
2.919708
2.898216
2.832998
2.768637
2.725599
2.661245
2.597172
2.532825
2.490611
2.426454
2.383540
2.320442
2.277797
2.235256
2.192997
2.129755
2.086848
2.042141
2.000000
2.000000
2.000000
2.000000
2.000000
2.000000
2.000000
2.000000
2.000000
2.000000
2.000000
2.000000
2.000000
2.000000
2.000000
2.000000
2.000000
2.000000
2.000000
2.000000
2.083668
2.255688
2.428914
2.601746
2.774160
3.000000
3.089217
3.220247
3.176522
3.111205
3.046112
3.002753
2.959578
2.894530
2.830019
2.787354
2.722476
2.658999
2.594855
2.552248
2.488588
2.445806
2.381955
2.339310
2.275670
2.233109
2.190706
2.148401
2.083929
2.041827
2.000000
2.000000
2.000000
2.000000
2.000000
2.000000
2.000000
2.000000
2.000000
2.000000
2.000000
2.000000
2.000000
2.000000
2.000000
2.000000
2.000000
2.000000
2.000000
2.000000
2.090971
2.262705
2.425930
2.597950
2.770181
3.000000
3.300000
3.300000
3.181830
3.137817
3.072351
3.006387
2.962832
2.897188
2.897188
2.875604
2.811237
2.746254
2.681337
2.638855
2.595955
2.532111
2.489675
2.425393
2.382918
2.318793
2.276049
2.233548
2.169973
2.127314
2.085035
2.042148
2.000000
2.000000
2.000000
2.000000
2.000000
2.000000
2.000000
2.000000
2.000000
2.000000
2.000000
2.000000
2.000000
2.000000
2.000000
2.000000
2.000000
2.000000
2.000000
2.000000
2.000000
2.085893
2.259275
2.500000
2.676393
3.000000
3.000000
3.300000
3.180168
3.180168
3.180168
3.114472
3.049313
2.984128
2.919623
2.876795
2.811779
2.747883
2.683326
2.619234
2.576831
2.512719
2.470218
2.406374
2.363598
2.299970
2.257698
2.214810
2.151602
2.108780
2.066128
2.000000
2.000000
2.000000
2.000000
2.000000
2.000000
2.000000
2.000000
2.000000
2.000000
2.000000
2.000000
2.000000
2.000000
2.000000
2.000000
2.000000
2.000000
2.000000
2.000000
2.000000
2.087830
2.265794
2.440485
2.616433
3.000000
3.087306
3.300000
3.179938
3.136416
3.070504
3.005587
2.940016
2.940016
2.875125
2.810607
2.745736
2.703111
2.638914
2.574854
2.532183
2.467966
2.425465
2.361562
2.318891
2.255846
2.212840
2.170012
2.128034
2.083144
2.041337
2.000000
2.000000
2.000000
2.000000
2.000000
2.000000
2.000000
2.000000
2.000000
2.000000
2.000000
2.084217
2.250113
2.419804
2.589364
2.758872
3.000000
3.000000
3.300000
3.321368
3.300000
3.472597
3.726505
3.982089
4.319194
4.571113
4.910076
5.246710
5.584679
5.999998
5.999998
5.999998
5.999998
5.999998
5.999998
5.999998
5.999998
5.999998
5.999998
5.999998
5.999998
5.999998
5.999998
5.999998
5.999998
5.999998
5.999998
5.999998
5.999998
5.999998
5.999998
5.999998
5.999998
5.999998
5.999998
5.999998
5.999998
5.999998
5.790470
5.684805
5.557904
5.452233
5.326273
5.199051
5.073099
4.967618
4.841534
4.715123
4.588698
4.483145
4.355956
4.249977
4.144601
4.018007
3.912225
3.827667
3.722114
3.616554
3.532016
3.447753
3.363353
3.169357
3.148218
3.105743
3.041677
3.000000
3.000000
3.000000
3.000000
3.000000
3.000000
3.000000
3.000000
3.000000
3.000000
3.000000
3.000000
3.000000
3.000000
3.000000
3.000000
3.000000
3.000000
3.000000
3.000000
3.000000
3.000000
3.000000
3.000000
3.000000
3.000000
3.000000
3.000000
3.000000
3.000000
3.000000
3.000000
3.000000
3.000000
3.000000
3.000000
3.126477
3.062947
3.000000
3.000000
3.000000
3.000000
3.000000
3.000000
3.000000
3.000000
3.000000
3.000000
3.000000
3.000000
3.000000
3.000000
3.000000
3.000000
3.000000
3.000000
3.000000
3.000000
3.000000
3.000000
3.000000
3.000000
3.000000
3.000000
3.000000
3.000000
3.000000
3.000000
3.000000
3.000000
3.000000
3.000000
3.000000
3.000000
3.000000
2.843010
2.779454
2.737346
2.673895
2.631367
2.567491
2.525277
2.462540
2.420641
2.358001
2.316292
2.274589
2.231813
2.168781
2.126856
2.084368
0.000000
0.000000
0.000000
0.000000
0.000000
0.000000
0.000000
0.000000
0.000000
0.000000
0.000000
0.000000
0.000000
0.000000
0.000000
0.000000
0.000000
0.000000
0.000000
0.000000
0.000000
0.000000
0.000000
0.000000
0.000000
0.000000
0.000000
0.000000
0.000000
0.000000
0.000000
0.000000
0.000000
0.000000
0.000000
0.000000
0.000000
0.000000
0.000000
0.000000
0.000000
0.000000
0.000000
0.000000
0.000000
0.000000
0.000000
0.000000
0.000000
0.000000
0.000000
0.000000
0.000000
0.000000
0.000000
0.000000
0.000000
0.000000
0.000000
0.000000
0.000000
0.000000
0.000000
0.000000
0.000000
0.000000
0.000000
0.000000
0.000000
0.000000
0.000000
0.000000
0.000000
0.000000
0.000000
0.000000
0.000000
0.000000
0.000000
0.000000
0.000000
0.000000
0.000000
0.000000
0.000000
0.000000
0.000000
0.000000
0.000000
0.000000
0.000000
0.000000
0.000000
0.000000
0.000000
0.000000
0.000000
0.000000
0.000000
0.000000
0.000000
0.000000
0.000000
0.000000
0.000000
0.000000
0.000000
0.000000
0.000000
0.000000
0.000000
0.000000
0.000000
0.000000
0.000000
0.000000
0.000000
0.000000
0.000000
0.000000
0.000000
0.000000
0.000000
0.000000
0.000000
0.000000
0.000000
0.000000
0.000000
0.000000
0.000000
0.000000
0.000000
0.000000
0.000000
0.000000
0.000000
0.000000
0.000000
0.000000
0.000000
0.000000
0.000000
0.000000
0.000000
0.000000
0.000000
0.000000
0.000000
0.000000
0.000000
0.000000
0.000000
0.000000
0.000000
0.000000
0.000000
0.000000
0.000000
0.000000
0.000000
0.000000
0.000000
0.000000
0.000000
0.000000
0.000000
0.000000
0.000000
0.000000
0.000000
0.000000
0.000000
0.000000
0.000000
0.000000
0.000000
0.000000
0.000000
0.000000
0.000000
0.000000
0.000000
0.000000
0.000000
0.000000
0.000000
0.000000
0.000000
0.000000
0.000000
0.000000
0.000000
0.000000
0.000000
0.000000
0.000000
0.000000
0.000000
0.000000
0.000000
0.000000
0.000000
0.000000
0.000000
0.000000
0.000000
0.000000
0.000000
0.000000
0.000000
0.000000
0.000000
0.000000
0.000000
0.000000
0.000000
0.000000
0.000000
0.000000
0.000000
0.000000
0.000000
0.000000
0.000000
0.000000
0.000000
0.000000
0.000000
0.000000
0.000000
0.000000
0.000000
0.000000
0.000000
0.000000
0.000000
0.000000
0.000000
0.000000
0.000000
0.000000
0.000000
0.000000
0.000000
0.000000
0.000000
0.000000
0.000000
0.000000
0.000000
0.000000
0.000000
0.000000
0.000000
0.000000
0.000000
0.000000
0.000000
0.000000
0.000000
0.000000
0.000000
0.000000
0.000000
0.000000
0.000000
0.000000
0.000000
0.000000
0.000000
0.000000
0.000000
0.000000
0.000000
0.000000
0.000000
0.000000
0.000000
0.000000
0.000000
0.000000
0.000000
0.000000
0.000000
0.000000
0.000000
0.000000
0.000000
0.000000
0.000000
0.000000
0.000000
0.000000
0.000000
0.000000
0.000000
0.000000
0.000000
0.000000
0.000000
0.000000
0.000000
0.000000
0.000000
0.000000
0.000000
0.000000
0.000000
0.000000
0.000000
0.000000
0.000000
0.000000
0.000000
0.000000
0.000000
0.000000
0.000000
0.000000
0.000000
0.000000
0.000000
0.000000
0.000000
0.000000
0.000000
0.000000
0.000000
0.000000
0.000000
0.000000
0.000000
0.000000
0.000000
0.000000
0.000000
0.000000
0.000000
0.000000
0.000000
0.000000
0.000000
0.000000
0.000000
0.000000
0.000000
0.000000
0.000000
0.000000
0.000000
0.000000
0.000000
0.000000
0.000000
0.000000
0.000000
0.000000
0.000000
0.000000
0.000000
0.000000
0.000000
0.000000
0.000000
0.000000
0.000000
0.000000
0.000000
0.000000
0.000000
0.000000
0.000000
0.000000
0.000000
0.000000
0.000000
0.000000
0.000000
0.000000
0.000000
0.000000
0.000000
0.000000
0.000000
0.000000
0.000000
0.000000
0.000000
0.000000
0.000000
0.000000
0.000000
0.000000
0.000000
0.000000
0.000000
0.000000
0.000000
0.000000
0.000000
0.000000
0.000000
0.000000
0.000000
0.000000
0.000000
0.000000
0.000000
0.000000
0.000000
0.000000
0.000000
0.000000
0.000000
0.000000
0.000000
0.000000
0.000000
0.000000
0.000000
0.000000
0.000000
0.000000
0.000000
0.000000
0.000000
0.000000
0.000000
0.000000
0.000000
0.000000
0.000000
0.000000
0.000000
0.000000
0.000000
0.000000
0.000000
0.000000
0.000000
0.000000
0.000000
0.000000
0.000000
0.000000
0.000000
0.000000
0.000000
0.000000
0.000000
0.000000
0.000000
0.000000
0.000000
0.000000
0.000000
0.000000
0.000000
0.000000
0.000000
0.000000
0.000000
0.000000
0.000000
0.000000
0.000000
0.000000
0.000000
0.000000
0.000000
0.000000
0.000000
0.000000
0.000000
0.000000
0.000000
0.000000
0.000000
0.000000
0.000000
0.000000
0.000000
0.000000
0.000000
0.000000
0.000000
0.000000
0.000000
0.000000
0.000000
0.000000
0.000000
0.000000
0.000000
0.000000
0.000000
0.000000
0.000000
0.000000
0.000000
0.000000
0.000000
0.000000
0.000000
0.000000
0.000000
0.000000
0.000000
0.000000
0.000000
0.000000
0.000000
0.000000
0.000000
0.000000
0.000000
0.000000
0.000000
0.000000
0.000000
0.000000
0.000000
0.000000
0.000000
0.000000
0.000000
0.000000
0.000000
0.000000
0.000000
0.000000
0.000000
0.000000
0.000000
0.000000
0.000000
0.000000
0.000000
0.000000
0.000000
0.000000
0.000000
0.000000
0.000000
0.000000
0.000000
0.000000
0.000000
0.000000
0.000000
0.000000
0.000000
0.000000
0.000000
0.000000
0.000000
0.000000
0.000000
0.000000
0.000000
0.000000
0.000000
0.000000
0.000000
0.000000
0.000000
0.000000
0.000000
0.000000
0.000000
0.000000
0.000000
0.000000
0.000000
0.000000
0.000000
0.000000
0.000000
0.000000
0.000000
0.000000
0.000000
0.000000
0.000000
0.000000
0.000000
0.000000
0.000000
0.000000
0.000000
0.000000
0.000000
0.000000
0.000000
0.000000
0.000000
0.000000
0.000000
0.000000
0.000000
0.000000
0.000000
0.000000
0.000000
0.000000
0.000000
0.000000
0.000000
0.000000
0.000000
0.000000
0.000000
0.000000
0.000000
0.000000
0.000000
0.000000
0.000000
0.000000
0.000000
0.000000
0.000000
0.000000
0.000000
0.000000
0.000000
0.000000
0.000000
0.000000
0.000000
0.000000
0.000000
0.000000
0.000000
0.000000
0.000000
0.000000
0.000000
0.000000
0.000000
0.000000
0.000000
0.000000
0.000000
0.000000
0.000000
0.000000
0.000000
0.000000
0.000000
0.000000
0.000000
0.000000
0.000000
0.000000
0.000000
0.000000
0.000000
0.000000
0.000000
0.000000
0.000000
0.000000
0.000000
0.000000
0.000000
0.000000
0.000000
0.000000
0.000000
0.000000
0.000000
0.000000
0.000000
0.000000
0.000000
0.000000
0.000000
0.000000
0.000000
0.000000
0.000000
0.000000
0.000000
0.000000
0.000000
0.000000
0.000000
0.000000
0.000000
0.000000
0.000000
0.000000
0.000000
0.000000
0.000000
0.000000
0.000000
0.000000
0.000000
0.000000
0.000000
0.000000
0.000000
0.000000
0.000000
0.000000
0.000000
0.000000
0.000000
0.000000
0.000000
0.000000
0.000000
0.000000
0.000000
0.000000
0.000000
0.000000
0.000000
0.000000
0.000000
0.000000
0.000000
0.000000
0.000000
0.000000
0.000000
0.000000
0.000000
0.000000
0.000000
0.000000
0.000000
0.000000
0.000000
0.000000
0.000000
0.000000
0.000000
0.000000
0.000000
0.000000
0.000000
0.000000
0.000000
0.000000
0.000000
0.000000
0.000000
0.000000
0.000000
0.000000
0.000000
0.000000
0.000000
0.000000
0.000000
0.000000
0.000000
0.000000
0.000000
0.000000
0.000000
0.000000
0.000000
0.000000
0.000000
0.000000
0.000000
0.000000
0.000000
0.000000
0.000000
0.000000
0.000000
0.000000
0.000000
0.000000
0.000000
0.000000
0.000000
0.000000
0.000000
0.000000
0.000000
0.000000
0.000000
0.000000
0.000000
0.000000
0.000000
0.000000
0.000000
0.000000
0.000000
0.000000
0.000000
0.000000
0.000000
0.000000
0.000000
0.000000
0.000000
0.000000
0.000000
0.000000
0.000000
0.000000
0.000000
0.000000
0.000000
0.000000
0.000000
0.000000
0.000000
0.000000
0.000000
0.000000
0.000000
0.000000
0.000000
0.000000
0.000000
0.000000
0.000000
0.000000
0.000000
0.000000
0.000000
0.000000
0.000000
0.000000
0.000000
0.000000
0.000000
0.000000
0.000000
0.000000
0.000000
0.000000
0.000000
0.000000
0.000000
0.000000
0.000000
0.000000
0.000000
0.000000
0.000000
0.000000
0.000000
0.000000
0.000000
0.000000
0.000000
0.000000
0.000000
0.000000
0.000000
0.000000
0.000000
0.000000
0.000000
0.000000
0.000000
0.000000
0.000000
0.000000
0.000000
0.000000
0.000000
0.000000
0.000000
0.000000
0.000000
0.000000
0.000000
0.000000
0.000000
0.000000
0.000000
0.000000
0.000000
0.000000
0.000000
0.000000
0.000000
0.000000
0.000000
0.000000
0.000000
0.000000
0.000000
0.000000
0.000000
0.000000
0.000000
0.000000
0.000000
0.000000
0.000000
0.000000
0.000000
0.000000
0.000000
0.000000
0.000000
0.000000
0.000000
0.000000
0.000000
0.000000
0.000000
0.000000
0.000000
0.000000
0.000000
0.000000
0.000000
0.000000
0.000000
0.000000
0.000000
0.000000
0.000000
0.000000
0.000000
0.000000
0.000000
0.000000
0.000000
0.000000
0.000000
0.000000
0.000000
0.000000
0.000000
0.000000
0.000000
0.000000
0.000000
0.000000
0.000000
0.000000
0.000000
0.000000
0.000000
0.000000
0.000000
0.000000
0.000000
0.000000
0.000000
0.000000
0.000000
0.000000
0.000000
0.000000
0.000000
0.000000
0.000000
0.000000
0.000000
0.000000
0.000000
0.000000
0.000000
0.000000
0.000000
0.000000
0.000000
0.000000
0.000000
0.000000
0.000000
0.000000
0.000000
0.000000
0.000000
0.000000
0.000000
0.000000
0.000000
0.000000
0.000000
0.000000
0.000000
0.000000
0.000000
0.000000
0.000000
0.000000
0.000000
0.000000
0.000000
0.000000
0.000000
0.000000
0.000000
0.000000
0.000000
0.000000
0.000000
0.000000
0.000000
0.000000
0.000000
0.000000
0.000000
0.000000
0.000000
0.000000
0.000000
0.000000
0.000000
0.000000
0.000000
0.000000
0.000000
0.000000
0.000000
0.000000
0.000000
0.000000
0.000000
0.000000
0.000000
0.000000
0.000000
0.000000
0.000000
0.000000
0.000000
0.000000
0.000000
0.000000
0.000000
0.000000
0.000000
0.000000
0.000000
0.000000
0.000000
0.000000
0.000000
0.000000
0.000000
0.000000
0.000000
0.000000
0.000000
0.000000
0.000000
0.000000
0.000000
0.000000
0.000000
0.000000
0.000000
0.000000
0.000000
0.000000
0.000000
0.000000
0.000000
0.000000
0.000000
0.000000
0.000000
0.000000
0.000000
0.000000
0.000000
0.000000
0.000000
0.000000
0.000000
0.000000
0.000000
0.000000
0.000000
0.000000
0.000000
0.000000
0.000000
0.000000
0.000000
0.000000
0.000000
0.000000
0.000000
0.000000
0.000000
0.000000
0.000000
0.000000
0.000000
0.000000
0.000000
0.000000
0.000000
0.000000
0.000000
0.000000
0.000000
0.000000
0.000000
0.000000
0.000000
0.000000
0.000000
0.000000
0.000000
0.000000
0.000000
0.000000
0.000000
0.000000
0.000000
0.000000
0.000000
0.000000
0.000000
0.000000
0.000000
0.000000
0.000000
0.000000
0.000000
0.000000
0.000000
0.000000
0.000000
0.000000
0.000000
0.000000
0.000000
0.000000
0.000000
0.000000
0.000000
0.000000
0.000000
0.000000
0.000000
0.000000
0.000000
0.000000
0.000000
0.000000
0.000000
0.000000
0.000000
0.000000
0.000000
0.000000
0.000000
0.000000
0.000000
0.000000
0.000000
0.000000
0.000000
0.000000
0.000000
0.000000
0.000000
0.000000
0.000000
0.000000
0.000000
0.000000
0.000000
0.000000
0.000000
0.000000
0.000000
0.000000
0.000000
0.000000
0.000000
0.000000
0.000000
0.000000
0.000000
0.000000
0.000000
0.000000
0.000000
0.000000
0.000000
0.000000
0.000000
0.000000
0.000000
0.000000
0.000000
0.000000
0.000000
0.000000
0.000000
0.000000
0.000000
0.000000
0.000000
0.000000
0.000000
0.000000
0.000000
0.000000
0.000000
0.000000
0.000000
0.000000
0.000000
0.000000
0.000000
0.000000
0.000000
0.000000
0.000000
0.000000
0.000000
0.000000
0.000000
0.000000
0.000000
0.000000
0.000000
0.000000
0.000000
0.000000
0.000000
0.000000
0.000000
0.000000
0.000000
0.000000
0.000000
0.000000
0.000000
0.000000
0.000000
0.000000
0.000000
0.000000
0.000000
0.000000
0.000000
0.000000
0.000000
0.000000
0.000000
0.000000
0.000000
0.000000
0.000000
0.000000
0.000000
0.000000
0.000000
0.000000
0.000000
0.000000
0.000000
0.000000
0.000000
