0.130710
0.227515
0.261847
0.344371
0.195300
0.256744
0.352606
0.298954
0.151286
0.172764
0.138986
0.254107
0.296423
0.027539
0.260104
0.266884
0.318151
0.150346
0.079365
0.290564
0.225901
0.218511
0.048272
0.229331
0.188863
0.335111
0.074101
0.159236
0.192822
0.122324
0.286011
0.204369
0.304925
0.318747
0.304294
0.250708
0.359665
0.278331
0.240824
0.281385
0.278493
0.144776
0.383482
0.108083
-0.019228
0.154351
0.199871
0.195881
0.162147
0.288916
0.155572
0.216665
0.299826
0.285395
0.322732
0.117988
0.246555
0.141004
0.287888
0.134495
0.052173
0.304370
0.304899
0.198602
0.219202
0.161229
0.219208
0.218443
0.109908
0.146500
0.231671
0.160970
0.190458
0.105379
0.178091
-0.077766
0.004614
0.135404
0.180068
0.108791
0.100086
0.063129
0.101223
0.079763
0.299706
0.280586
0.168137
0.250072
0.309550
0.272955
0.429311
0.635321
0.437966
0.449232
0.261301
0.349342
0.374382
0.450756
0.412953
0.385876
0.414775
0.563121
0.339106
0.187895
0.509112
0.197354
0.355897
0.359775
0.388896
0.315825
0.218277
0.186253
0.320849
0.304315
0.225058
0.261876
0.152484
0.229364
0.407398
0.448870
0.452963
0.530520
0.476001
0.420956
0.515183
0.328569
0.081611
-0.541236
0.279774
0.739010
0.327696
0.900000
0.512400
0.734511
0.205453
-0.038089
0.304213
0.380916
0.395107
0.381745
0.206666
0.397731
0.385571
0.363407
0.359925
0.413344
0.521398
0.495418
0.699213
0.052740
0.582608
0.242312
-0.054245
0.702438
0.171631
0.600070
0.427647
0.400526
0.293450
0.145288
0.350684
0.241699
0.123093
0.191572
-0.015342
0.092473
0.231427
0.412825
0.250678
0.463162
0.151913
0.256885
0.346687
0.096673
0.141668
0.171451
0.155250
0.134520
0.156386
0.088771
0.125550
0.271812
0.396122
0.295911
0.195107
0.070418
0.007144
0.111933
0.158962
0.063842
0.119771
0.091811
0.430424
0.353592
0.422066
0.313614
0.287115
0.374002
0.469155
0.565337
0.504161
0.227249
0.426252
0.358342
0.311375
0.444298
0.549421
0.473105
0.674493
0.471308
0.559200
0.569966
0.443490
0.900000
0.264421
0.890022
0.262264
0.392491
0.628454
0.689052
0.435363
0.807101
0.683380
0.424360
0.127633
0.513673
0.626023
0.446673
0.496155
0.353852
0.474083
0.250501
0.238025
0.157670
0.181610
0.138951
0.141216
0.231341
-0.013091
0.085662
0.089550
0.147030
0.346112
0.075967
0.117201
0.002309
0.026085
0.083720
0.347041
0.128278
0.091506
0.124624
0.025261
0.037951
0.179838
0.097331
-0.006376
-0.042518
0.081778
0.067474
0.154710
-0.041335
0.096303
0.095305
-0.091174
0.019907
0.093675
0.070405
0.132373
0.105575
0.067279
0.134809
0.180337
0.397930
0.336085
0.169651
0.387113
0.278084
0.344497
0.237903
0.200912
0.205663
0.238997
0.318373
0.351071
0.296180
0.336928
0.258719
0.340947
0.338613
0.314015
0.157759
0.368881
0.090751
0.290861
0.281903
0.260354
0.248193
-0.022809
0.071002
0.108430
-0.032916
0.147284
-0.001992
0.086670
0.059660
0.235269
0.208310
0.298218
0.171075
0.231264
-0.139657
0.262856
0.272882
0.132924
0.196759
0.196162
0.306938
0.284572
0.390491
0.374579
-0.001209
0.271246
0.253623
0.236334
0.032063
0.176703
0.064147
0.150815
0.079479
-0.032751
0.067400
0.264090
0.234437
0.460468
0.509110
0.512855
0.771950
0.440517
0.394120
0.419568
0.251341
0.266067
0.211010
-0.040389
0.275701
0.180460
-0.080565
0.226152
0.155130
0.035393
0.215604
0.152584
0.003929
0.197568
-0.003906
0.083884
0.155866
0.092131
0.150777
0.037657
0.193474
0.417212
0.242772
0.402652
0.434582
0.335315
0.320303
0.311981
0.414741
0.389682
0.319041
0.275425
0.224219
0.285235
0.397318
0.461054
0.274067
0.293098
0.376818
0.325744
0.399965
0.232895
0.194872
0.132623
0.018243
-0.127701
0.137648
0.078612
0.078473
0.163888
0.202683
0.399557
0.510691
0.535782
0.208238
0.724715
0.390288
0.593393
0.505324
0.116455
0.157436
0.295304
0.318629
0.119725
0.162193
0.330170
0.060301
0.257585
0.096320
-0.094117
0.083025
0.079353
0.042092
0.186274
0.003398
0.021834
0.098027
0.056072
0.107054
0.104748
0.172444
0.073539
0.120236
0.184813
0.326157
0.450239
-0.033384
0.327449
0.412660
0.357330
0.434360
0.418536
0.489753
0.455262
-0.121522
0.377527
0.159610
0.544879
0.582139
0.330485
0.354364
0.297389
0.356804
0.380026
0.170927
0.114665
0.154509
0.046084
0.174233
0.200711
0.089134
0.030361
0.260257
0.229048
0.405562
0.422823
0.414601
0.380709
0.699590
0.483264
0.484496
0.438302
0.250507
0.331260
0.122896
0.405589
0.002453
0.043030
-0.000533
0.117262
0.216021
0.001026
0.174769
0.078024
0.145434
0.021155
0.175365
0.178024
0.146809
0.094168
0.063370
0.075239
0.139004
0.069611
0.114489
0.339101
0.371273
0.227279
0.315715
0.247465
0.120427
0.264580
0.301994
0.314094
0.353767
0.390479
-0.066712
0.227963
0.462995
0.577161
0.225218
0.509517
0.304455
0.281414
0.231283
0.232656
0.312186
-0.140279
0.120099
0.166762
0.267367
0.044544
0.061450
0.102791
0.159883
0.264981
0.226886
0.290656
0.486611
0.171227
0.476409
0.574349
0.624475
0.385578
0.474683
0.366810
0.247006
0.208230
0.144139
0.149701
-0.040491
0.027835
0.088134
0.107847
-0.002746
0.141944
0.121063
0.185543
0.152132
0.026817
0.086002
0.086334
0.077998
0.109840
0.066559
0.089499
0.166411
0.215169
0.323226
0.228017
0.302063
0.130739
0.261510
0.327484
0.507391
0.377919
0.480306
0.441263
0.443394
0.371788
0.536867
0.366901
0.253047
0.399020
0.374290
0.383955
0.266481
0.204548
0.275260
0.216245
-0.036176
0.135347
0.188725
-0.030430
0.057037
0.145896
-0.024244
0.005250
0.347722
0.284988
0.375654
0.464053
0.462124
0.669047
0.575649
0.506577
0.315786
0.144586
0.264459
0.310675
0.098941
0.164791
0.103682
0.178043
0.100543
0.042849
0.002072
0.076013
0.036257
0.124916
0.317542
-0.012892
0.009699
0.142653
0.155019
-0.006563
0.119347
0.083755
0.077038
0.263721
0.473626
0.283545
0.273819
0.329023
0.258908
0.323281
0.420996
0.423686
0.071523
0.457713
0.078043
0.631687
0.103669
0.676882
0.554429
0.534394
0.432517
0.387058
0.348355
0.282408
0.221133
0.374498
0.240814
0.069564
0.035833
0.035832
0.124922
0.026975
0.047500
0.193624
0.109135
0.363355
0.561354
0.163355
0.548189
0.481423
0.675173
0.445005
0.481838
0.342831
0.290774
0.156580
0.136716
0.249116
0.258535
0.143962
0.215242
0.086757
0.064328
0.121210
0.113890
0.070057
0.112196
0.139957
0.130941
0.057676
0.099989
0.062385
0.075718
0.068781
0.100132
0.161723
0.233418
0.473249
0.249892
0.304152
0.323754
0.586047
0.377326
0.326537
0.468211
0.436527
0.311464
0.697501
-0.081244
0.248067
0.590101
0.358957
0.590699
0.510779
0.160502
0.352672
0.253295
0.255809
0.318076
0.231872
0.039372
0.058048
0.068273
-0.027658
0.003894
0.243292
0.133738
0.220899
0.258284
0.532938
0.368659
0.573736
0.598786
0.184710
0.353398
0.453055
0.362811
0.197320
0.267770
0.191022
0.223102
0.263855
-0.076875
0.183834
0.146359
0.026005
0.049513
0.240426
0.004970
0.047902
0.104984
0.140851
0.140423
0.098375
0.109285
0.195323
0.067649
0.070171
0.080603
0.206537
0.054183
0.109716
0.422707
0.330898
0.362718
0.336344
0.386897
0.465923
0.285911
0.443005
0.121837
0.322913
0.174203
0.559340
0.479069
0.426174
0.306200
0.252383
0.231799
0.271187
0.206622
0.311312
0.100454
0.031965
0.250049
0.003186
0.050208
0.061307
0.266771
0.572609
0.395192
0.486084
0.588631
0.610328
0.482578
0.420788
0.386089
0.398683
0.268439
0.115181
0.159196
0.123461
0.186599
-0.025561
0.128495
0.148787
0.016870
0.099414
0.154218
0.221814
0.098933
0.136261
-0.081827
0.053962
0.106306
0.106618
0.047998
0.007971
0.173257
0.105538
0.156646
0.383335
0.329431
0.331792
0.039376
0.244603
0.313034
0.369269
0.386765
0.540284
0.473833
0.536560
0.297914
0.263094
0.276598
0.524681
0.428946
0.441594
0.350707
0.271423
0.287603
0.152822
0.144850
0.029853
0.252774
0.126624
0.095523
0.072637
0.125871
-0.022772
0.349642
0.263419
0.463896
0.501387
0.388820
0.707796
0.587351
0.509131
0.471515
0.270721
0.273248
0.113927
0.184549
0.187300
0.177971
0.088351
0.179627
0.136812
-0.031991
0.118409
0.117162
0.108957
0.078403
0.080913
0.043968
-0.048006
0.050208
0.060192
0.081009
0.170684
-0.002869
0.125514
0.061915
0.410354
0.321309
0.251151
0.314514
0.208228
0.319894
0.204789
0.314349
0.191523
0.306041
0.238132
-0.003285
0.160633
0.111182
0.110654
0.044213
0.137893
0.191497
0.173377
0.275528
0.313955
0.350672
0.314573
0.579311
0.499608
0.479933
0.655418
0.519091
0.454165
0.356486
0.609133
0.412006
0.686494
0.456450
0.846963
0.630152
0.612985
0.792285
0.235102
0.844087
0.572859
0.354924
0.400634
0.451499
0.622395
0.326721
0.546138
0.614420
0.349521
0.579007
0.330844
0.337574
0.398178
0.634881
0.210773
0.440435
0.319565
0.314604
0.434499
0.381608
0.304083
0.477545
0.315985
0.324843
0.395690
0.423237
0.421851
0.206504
0.335635
0.452657
0.340430
0.399805
0.365823
0.369569
0.234003
0.404724
0.425470
0.341497
0.125404
0.355570
0.291843
0.246234
0.492918
0.337697
0.328415
0.351091
0.228423
0.329015
0.485478
0.346248
0.512670
0.313785
0.282994
0.349995
0.014127
0.148926
0.108708
0.297921
0.153728
0.390546
0.054197
0.088619
0.011102
0.154287
0.066700
0.188329
0.103569
0.109973
0.164873
0.110937
0.122460
0.271669
0.308863
0.136287
0.098062
0.165802
0.009206
0.159424
0.230871
0.239276
0.102247
0.220483
0.222482
0.252383
0.323589
0.356297
0.256098
0.371329
0.129535
0.203001
0.308624
0.210596
0.413701
0.122398
0.203607
0.286614
0.302170
0.237594
0.364823
0.205442
