0.900000
0.900000
0.055906
0.900000
0.429563
0.472822
0.609198
0.597114
0.487986
0.420492
0.358701
0.271531
0.340674
0.221807
0.341511
0.241179
0.189238
0.256647
0.240219
0.221027
0.233247
0.247683
0.162180
0.164945
0.104997
0.279387
0.048100
0.329031
0.182919
0.305563
0.147431
0.123765
0.200058
0.159940
0.472393
0.278036
0.330677
0.369545
0.544882
0.483275
0.415155
0.523395
0.748816
0.650629
0.693633
0.900000
0.900000
0.847986
0.366022
0.647556
0.900000
0.293384
0.508823
0.598750
0.292715
0.694609
0.306425
0.884001
0.477589
0.449895
0.198830
0.311788
0.494391
0.357720
0.470414
0.401350
0.446285
0.401766
0.392915
0.552814
0.481863
0.344820
0.260357
0.695329
0.352288
0.401194
0.487061
0.435018
0.359878
0.265587
0.411031
0.134258
0.404318
0.597957
0.350905
0.432774
0.287401
0.475773
0.401356
0.582884
0.475345
0.279932
0.416777
0.262251
0.435488
0.585977
0.464289
0.261614
0.424015
0.351090
0.355904
0.448834
0.189281
0.628948
0.666030
0.621468
0.425243
0.468400
0.553231
0.496324
0.385494
0.374011
0.414383
0.436873
0.358455
0.227372
0.442476
0.095106
0.333334
0.157917
0.036890
0.273017
0.036195
0.186440
0.124850
0.165150
-0.075650
0.074652
0.360663
-0.005131
-0.012206
0.052342
0.010208
0.057394
0.132439
0.070644
0.090426
0.165594
0.027874
0.095716
0.163447
-0.016983
0.132027
0.162407
-0.061997
0.199579
0.159887
-0.151835
0.152978
0.155367
0.284169
0.236471
0.448302
0.583105
-0.102276
0.733991
0.385727
0.777927
0.163470
0.849584
0.804214
0.516695
-0.039595
0.297258
0.900000
0.375596
0.514869
0.179404
0.694388
0.723078
0.438869
0.214052
0.337538
0.179468
0.191267
0.000534
0.293789
0.229537
0.091362
0.206215
0.164140
0.153234
0.388680
0.474904
0.555742
0.616681
0.534066
0.643917
0.900000
0.685210
0.900000
0.900000
0.343932
0.834945
0.728004
0.900000
0.690583
0.900000
0.900000
0.357566
0.829369
0.617278
0.389666
0.181948
0.588340
0.466366
0.441195
0.596992
0.472760
0.436840
0.621593
0.285725
0.450428
0.258524
0.280361
0.472528
0.674632
0.494002
0.416844
0.067222
0.283804
0.443331
0.321884
0.492927
0.297360
0.451840
0.337435
0.458969
0.517833
0.437867
0.535141
0.388709
0.349499
0.461249
0.180660
0.263170
0.218937
0.205019
0.326421
0.424660
0.292487
0.405905
0.469880
0.424791
0.581028
0.560397
0.440903
0.225418
0.307370
0.425028
0.190191
0.250954
0.274404
0.154642
0.238340
0.272168
0.205421
0.155101
0.162329
0.133664
0.190228
-0.064431
0.214136
0.068373
0.094364
0.080832
0.195250
0.103812
0.074802
0.048274
0.142143
0.012760
0.107184
0.103182
0.249242
0.217646
0.249550
0.171023
0.187408
0.190195
-0.008128
0.178831
0.098997
0.035714
0.199425
0.170017
0.090433
0.130203
0.185654
0.074306
0.186900
0.331863
0.328188
0.425298
0.441461
0.510953
0.721341
0.401400
0.848540
0.619740
0.900000
0.876034
0.761661
0.640945
0.595392
0.608770
0.763476
0.277580
0.300465
0.309559
0.329769
0.320831
0.054759
0.056000
0.311570
0.046070
0.117413
-0.006582
-0.011402
0.116681
-0.164135
0.104537
-0.131330
0.111104
-0.032575
0.042146
0.130065
0.012001
0.037484
-0.025558
0.145324
0.059349
-0.014334
0.223974
0.065795
0.237105
0.233602
0.208070
0.063606
0.302264
0.144040
0.168298
0.068994
0.216619
0.105973
0.243836
0.082520
0.261622
0.160475
0.124169
0.232310
0.213377
0.245050
0.174481
0.206219
0.166338
0.061177
0.365203
0.277326
0.217133
0.234591
0.099137
0.212410
0.216422
0.312740
0.217120
0.194480
0.298168
0.230823
0.244728
0.050859
0.149655
0.173475
0.156341
0.129468
0.262834
0.185926
0.042004
0.191427
0.228518
0.256572
0.219718
0.192165
0.058531
0.267202
0.011650
0.324428
0.259737
0.130600
0.148059
0.021598
0.260387
0.039559
0.295787
0.196241
-0.015221
0.254234
0.329625
0.192832
0.243874
0.356117
0.158562
0.179399
0.300832
0.024573
0.246998
0.093183
0.248814
0.344934
0.267017
0.237533
0.127700
0.230290
0.253913
0.220239
0.169171
0.185423
0.154163
0.216260
0.158611
0.315208
0.157795
0.389894
0.205128
-0.004425
0.255466
0.419806
0.169737
0.063128
0.176270
0.242360
0.458065
0.455262
0.407114
0.534775
0.614522
0.544412
0.507388
0.839645
0.728404
0.351658
0.900000
0.369838
0.900000
0.424787
0.900000
0.818765
0.548861
0.900000
0.508835
0.382679
0.393234
0.797146
0.437193
0.485638
0.474724
0.492503
0.608575
0.411385
0.157534
0.510072
0.379500
0.329497
0.190283
0.465234
0.246108
0.286459
0.452961
0.525864
0.378269
0.300233
0.277273
0.251077
0.283358
0.219078
0.301969
0.169611
0.127944
-0.033471
-0.026309
0.035602
0.076278
0.050095
0.096272
-0.008975
0.023744
0.053543
0.105312
0.137150
0.129135
0.067111
0.053135
-0.025442
0.151790
0.217911
0.007074
0.138230
0.082636
-0.015062
0.069481
0.067809
0.105282
0.214968
0.053334
0.208774
0.162962
0.152496
0.259386
0.200487
0.067555
0.210946
0.239877
0.106836
0.092904
0.360676
0.265181
0.494272
0.400392
0.261748
0.386500
0.544757
0.693895
0.694615
0.888667
0.726355
0.900000
0.900000
0.900000
0.900000
0.900000
0.516262
0.900000
0.225725
0.429672
0.576963
0.826387
0.900000
0.316045
0.693612
0.343376
0.517578
0.405431
0.445715
0.501004
0.247218
0.264559
0.424898
0.339688
0.767466
0.653915
0.250793
0.570231
0.376791
0.592538
-0.033994
0.271900
-0.028448
0.362464
0.870344
0.425587
0.779134
0.717748
0.876696
0.900000
0.354884
0.409251
-0.909397
0.274395
0.626819
0.764827
0.610534
0.511440
0.328433
0.470820
0.596039
0.204255
0.358639
0.000638
-0.381654
-0.274525
0.389100
0.066363
-0.211773
0.119633
0.237895
0.226707
0.009952
-0.303989
0.182904
0.223099
0.630326
-0.292132
0.900000
0.900000
0.900000
0.650008
0.000000
0.000000
0.000000
0.000000
0.000000
0.000000
0.000000
0.000000
0.000000
0.000000
0.000000
0.000000
0.000000
0.000000
0.000000
0.000000
0.000000
0.000000
0.000000
0.000000
0.000000
0.000000
0.000000
0.000000
0.000000
0.000000
0.000000
0.000000
0.000000
0.000000
0.000000
0.000000
0.000000
0.000000
0.000000
0.000000
0.000000
0.000000
0.000000
0.000000
0.000000
0.000000
0.000000
0.000000
0.000000
0.000000
0.000000
0.000000
0.000000
0.000000
0.000000
0.000000
0.000000
0.000000
0.000000
0.000000
0.000000
0.000000
0.000000
0.000000
0.000000
0.000000
0.000000
0.000000
0.000000
0.000000
0.000000
0.000000
0.000000
0.000000
0.000000
0.000000
0.000000
0.000000
0.000000
0.000000
0.000000
0.000000
0.000000
0.000000
0.000000
0.000000
0.000000
0.000000
0.000000
0.000000
0.000000
0.000000
0.000000
0.000000
0.000000
0.000000
0.000000
0.000000
0.000000
0.000000
0.000000
0.000000
0.000000
0.000000
0.000000
0.000000
0.000000
0.000000
0.000000
0.000000
0.000000
0.000000
0.000000
0.000000
0.000000
0.000000
0.000000
0.000000
0.000000
0.000000
0.000000
0.000000
0.000000
0.000000
0.000000
0.000000
0.000000
0.000000
0.000000
0.000000
0.000000
0.000000
0.000000
0.000000
0.000000
0.000000
0.000000
0.000000
0.000000
0.000000
0.000000
0.000000
0.000000
0.000000
0.000000
0.000000
0.000000
0.000000
0.000000
0.000000
0.000000
0.000000
0.000000
0.000000
0.000000
0.000000
0.000000
0.000000
0.000000
0.000000
0.000000
0.000000
0.000000
0.000000
0.000000
0.000000
0.000000
0.000000
0.000000
0.000000
0.000000
0.000000
0.000000
0.000000
0.000000
0.000000
0.000000
0.000000
0.000000
0.000000
0.000000
0.000000
0.000000
0.000000
0.000000
0.000000
0.000000
0.000000
0.000000
0.000000
0.000000
0.000000
0.000000
0.000000
0.000000
0.000000
0.000000
0.000000
0.000000
0.000000
0.000000
0.000000
0.000000
0.000000
0.000000
0.000000
0.000000
0.000000
0.000000
0.000000
0.000000
0.000000
0.000000
0.000000
0.000000
0.000000
0.000000
0.000000
0.000000
0.000000
0.000000
0.000000
0.000000
0.000000
0.000000
0.000000
0.000000
0.000000
0.000000
0.000000
0.000000
0.000000
0.000000
0.000000
0.000000
0.000000
0.000000
0.000000
0.000000
0.000000
0.000000
0.000000
0.000000
0.000000
0.000000
0.000000
0.000000
0.000000
0.000000
0.000000
0.000000
0.000000
0.000000
0.000000
0.000000
0.000000
0.000000
0.000000
0.000000
0.000000
0.000000
0.000000
0.000000
0.000000
0.000000
0.000000
0.000000
0.000000
0.000000
0.000000
0.000000
0.000000
0.000000
0.000000
0.000000
0.000000
0.000000
0.000000
0.000000
0.000000
0.000000
0.000000
0.000000
0.000000
0.000000
0.000000
0.000000
0.000000
0.000000
0.000000
0.000000
0.000000
0.000000
0.000000
0.000000
0.000000
0.000000
0.000000
0.000000
0.000000
0.000000
0.000000
0.000000
0.000000
0.000000
0.000000
0.000000
0.000000
0.000000
0.000000
0.000000
0.000000
0.000000
0.000000
0.000000
0.000000
0.000000
0.000000
0.000000
0.000000
0.000000
0.000000
0.000000
0.000000
0.000000
0.000000
0.000000
0.000000
0.000000
0.000000
0.000000
0.000000
0.000000
0.000000
0.000000
0.000000
0.000000
0.000000
0.000000
0.000000
0.000000
0.000000
0.000000
0.000000
0.000000
0.000000
0.000000
0.000000
0.000000
0.000000
0.000000
0.000000
0.000000
0.000000
0.000000
0.000000
0.000000
0.000000
0.000000
0.000000
0.000000
0.000000
0.000000
0.000000
0.000000
0.000000
0.000000
0.000000
0.000000
0.000000
0.000000
0.000000
0.000000
0.000000
0.000000
0.000000
0.000000
0.000000
0.000000
0.000000
0.000000
0.000000
0.000000
0.000000
0.000000
0.000000
0.000000
0.000000
0.000000
0.000000
0.000000
0.000000
0.000000
0.000000
0.000000
0.000000
0.000000
0.000000
0.000000
0.000000
0.000000
0.000000
0.000000
0.000000
0.000000
0.000000
0.000000
0.000000
