0.900000
0.900000
0.900000
0.745175
0.798822
0.424570
0.566463
0.462107
0.351192
0.251771
0.337882
0.362266
0.202061
0.253952
0.200158
0.076629
0.260682
0.231609
0.148201
0.415720
0.083913
0.202335
0.118861
0.321296
0.082584
0.297325
0.193123
0.171244
0.237635
0.020178
0.104688
0.017946
0.241527
0.380906
0.371008
0.535739
0.619458
0.810647
0.741382
0.731344
0.302708
0.502044
0.559107
0.191781
0.624688
0.314877
0.307163
0.288876
0.238937
0.355182
0.290018
0.370223
0.317322
0.294034
0.220754
0.305477
0.284734
0.300755
0.411450
0.298291
0.385274
0.287887
0.321325
0.399994
0.211618
0.459521
0.337106
0.391623
0.218384
0.122774
0.431306
0.153806
0.164014
0.284843
0.145626
0.191325
0.387898
0.275551
0.249170
0.452258
0.338749
0.501147
0.161042
0.401486
0.299559
0.190678
0.310981
0.352733
0.214370
0.400151
0.305375
0.190176
0.212975
0.243912
0.293363
0.374445
0.255013
0.349607
0.380325
0.250518
0.330832
0.246760
0.304415
0.236203
0.481166
0.336640
0.361237
0.221098
0.222861
0.192619
0.145685
0.256752
0.366131
0.416876
0.406574
0.341981
0.180367
0.364744
0.271657
0.415343
0.431254
0.251872
0.287328
0.145193
0.350628
0.174668
0.381441
0.281554
0.315869
0.386136
0.338390
0.276342
0.215084
0.322269
0.224071
0.309737
0.325144
0.227450
0.156299
0.413107
0.318133
0.364008
0.187829
0.469337
0.446641
0.263859
0.146336
0.342097
0.369042
0.318927
0.189295
0.447639
0.338934
0.287656
0.186519
0.278634
0.355767
0.343184
0.301141
0.326243
0.254719
0.362211
0.431360
0.062191
0.396980
0.287727
0.334282
0.357344
0.261609
0.256885
0.060455
0.155457
0.033579
0.203858
0.083596
0.097501
0.161607
0.074692
-0.015974
0.145669
-0.035830
0.387987
-0.207796
0.128717
0.212014
0.175677
0.154545
0.153659
0.342385
0.129689
0.287288
0.350761
0.266322
0.317007
0.419035
0.076225
0.233780
0.003821
0.472927
0.464364
0.343820
0.360899
0.205455
0.285862
0.246830
0.236117
0.207483
0.082090
0.150169
0.090321
0.347749
0.263354
0.339606
0.328724
0.158567
0.247075
0.266859
0.274596
0.432105
0.673418
0.880338
0.403773
0.624848
0.409119
0.494040
0.407885
0.330262
0.290698
0.325869
0.397628
0.403229
0.191580
0.176715
0.252159
0.332276
0.115910
0.284691
0.285072
0.357686
0.334859
0.253617
0.026613
0.293533
0.268030
0.327439
0.261026
0.172589
0.283547
0.374631
0.276829
0.474015
0.384416
0.345247
0.241938
0.271470
0.438365
0.396673
0.156661
0.046201
0.311673
0.314116
0.371200
0.322116
0.180968
0.261875
0.173087
0.384115
0.431175
0.336135
0.324934
0.338235
0.288844
0.296002
0.473645
0.251093
0.234320
0.431727
0.111299
0.339064
0.205792
0.300934
0.457101
0.296891
0.109086
0.419615
0.218561
0.167217
0.375328
0.395385
0.433056
0.194448
0.350528
0.210674
0.347385
0.322825
0.220875
0.330495
0.193011
0.209777
0.292701
0.364439
0.089703
0.404136
0.183910
0.304278
0.372001
0.173667
0.361510
0.038691
0.346148
0.315600
0.294835
0.527338
0.384786
0.252039
0.548507
0.575847
0.224994
0.471317
0.272873
0.365011
0.381295
0.272502
0.430555
0.206293
0.376368
0.489476
0.227068
0.261800
0.336674
0.312333
0.422545
0.253407
0.338920
0.322915
0.255514
0.339908
0.199814
0.229544
0.324467
0.228419
0.266682
0.278798
0.269900
0.462722
0.309093
0.246321
0.326240
0.319558
0.391514
0.205025
0.349370
0.343235
0.104703
0.336012
0.132852
0.355309
0.385434
0.339136
0.215317
0.265426
0.196446
0.253486
0.372517
0.476434
0.278472
0.183872
0.187060
0.388920
0.358305
0.567250
0.250661
0.376996
0.247254
0.308901
0.240316
0.253814
0.315856
0.326831
0.282178
0.541553
0.326920
0.402124
0.552566
0.171354
0.266212
0.222129
0.154289
0.471881
0.340429
0.418264
0.254830
0.446380
0.303542
0.249106
0.115745
0.365972
0.209755
0.108354
0.310520
0.293089
0.374544
0.342744
0.026760
0.228956
0.077710
0.172710
0.099085
0.135888
0.004668
0.145775
0.201093
-0.060146
0.085792
0.086600
0.058067
0.122271
0.200864
0.183401
0.206694
0.241197
0.122742
0.069173
0.242353
0.271635
0.142871
0.256408
0.255374
0.162870
0.199697
0.300073
-0.000645
0.268668
0.180901
0.086400
0.276010
0.135204
0.268548
0.190675
0.160379
0.263058
0.209884
0.124574
0.273449
0.045755
0.262038
0.230953
0.333719
0.082752
0.306098
0.139188
0.248557
0.348603
0.103338
0.305517
0.196758
0.182695
0.111205
0.265849
0.159810
0.189311
0.073883
0.139096
0.199921
0.353951
0.253199
0.254666
0.128030
0.172579
0.196377
0.240729
0.214184
0.183538
0.144973
0.084078
0.371081
0.253021
0.323126
0.194844
0.257073
0.180932
0.183431
0.182593
0.475553
0.455989
0.588533
0.697786
0.433295
0.606177
0.177453
0.542207
0.401848
0.312644
0.346104
0.357343
0.585613
0.395724
0.372830
0.185947
0.234673
0.467725
0.304378
0.260558
0.373491
0.184106
0.659986
0.401679
0.246075
0.253125
0.312688
0.259633
0.340122
0.256512
0.544666
0.260059
0.333529
0.338604
0.258327
0.161796
0.164875
0.245232
0.340595
0.122102
0.411594
0.175816
0.232022
0.296324
0.472694
0.280984
0.407166
0.307936
0.161348
0.358009
0.442973
0.392178
0.101934
0.402372
0.135028
0.366852
0.377520
0.380380
0.291285
0.293991
0.406177
0.398880
0.293158
0.408657
0.173822
0.312770
0.347348
0.182992
0.131693
0.278823
0.043330
0.418283
0.435422
0.350671
0.313454
0.172942
0.189358
0.319598
0.507593
0.146233
0.381874
0.112161
0.494178
0.418903
0.167111
0.139714
0.026353
0.010855
0.064437
0.153959
0.014342
0.116536
0.122994
0.058089
0.033429
0.024639
-0.007052
0.046595
0.179172
0.097767
0.226724
0.183618
0.265475
0.454780
0.534670
0.645478
0.775146
0.473167
0.049027
0.455568
0.236864
0.638922
0.854484
0.332124
0.372667
0.678592
0.074383
0.479103
0.548055
0.400370
0.445850
0.296630
0.397454
0.252204
0.209854
0.195779
0.432625
0.309091
0.195363
0.583171
0.342259
0.082527
0.328038
0.151420
0.297892
0.380773
0.284790
0.201925
0.248897
0.276565
0.285106
0.287044
0.301156
0.286313
0.384549
0.244169
0.315248
0.435353
0.241778
0.383710
0.232450
0.339065
0.446097
0.325502
0.267096
0.172999
0.293477
0.204229
0.296717
0.189811
0.234721
0.157054
0.315745
0.184204
0.206959
0.300084
0.157488
0.321026
0.423078
0.134500
0.312691
0.369929
0.397400
0.228087
0.393775
0.392883
0.272157
0.316321
0.385185
0.255860
0.342382
0.284524
0.257529
0.181990
0.194216
0.215874
-0.000272
0.364745
0.261545
0.322556
0.401379
0.185825
0.267653
0.321841
0.419726
0.180294
-0.172157
-0.220835
-0.521152
0.412473
0.477229
0.094675
0.900000
0.900000
0.543180
0.195141
0.443575
0.900000
0.000000
0.000000
0.000000
0.000000
0.000000
0.000000
0.000000
0.000000
0.000000
0.000000
0.000000
0.000000
0.000000
0.000000
0.000000
0.000000
0.000000
0.000000
0.000000
0.000000
0.000000
0.000000
0.000000
0.000000
0.000000
0.000000
0.000000
0.000000
0.000000
0.000000
0.000000
0.000000
0.000000
0.000000
0.000000
0.000000
0.000000
0.000000
0.000000
0.000000
0.000000
0.000000
0.000000
0.000000
0.000000
0.000000
0.000000
0.000000
0.000000
0.000000
0.000000
0.000000
0.000000
0.000000
0.000000
0.000000
0.000000
0.000000
0.000000
0.000000
0.000000
0.000000
0.000000
0.000000
0.000000
0.000000
0.000000
0.000000
0.000000
0.000000
0.000000
0.000000
0.000000
0.000000
0.000000
0.000000
0.000000
0.000000
0.000000
0.000000
0.000000
0.000000
0.000000
0.000000
0.000000
0.000000
0.000000
0.000000
0.000000
0.000000
0.000000
0.000000
0.000000
0.000000
0.000000
0.000000
0.000000
0.000000
0.000000
0.000000
0.000000
0.000000
0.000000
0.000000
0.000000
0.000000
0.000000
0.000000
0.000000
0.000000
0.000000
0.000000
0.000000
0.000000
0.000000
0.000000
0.000000
0.000000
0.000000
0.000000
0.000000
0.000000
0.000000
0.000000
0.000000
0.000000
0.000000
0.000000
0.000000
0.000000
0.000000
0.000000
0.000000
0.000000
0.000000
0.000000
0.000000
0.000000
0.000000
0.000000
0.000000
0.000000
0.000000
0.000000
0.000000
0.000000
0.000000
0.000000
0.000000
0.000000
0.000000
0.000000
0.000000
0.000000
0.000000
0.000000
0.000000
0.000000
0.000000
0.000000
0.000000
0.000000
0.000000
0.000000
0.000000
0.000000
0.000000
0.000000
0.000000
0.000000
0.000000
0.000000
0.000000
0.000000
0.000000
0.000000
0.000000
0.000000
0.000000
0.000000
0.000000
0.000000
0.000000
0.000000
0.000000
0.000000
0.000000
0.000000
0.000000
0.000000
0.000000
0.000000
0.000000
0.000000
0.000000
0.000000
0.000000
0.000000
0.000000
0.000000
0.000000
0.000000
0.000000
0.000000
0.000000
0.000000
0.000000
0.000000
0.000000
0.000000
0.000000
0.000000
0.000000
0.000000
0.000000
0.000000
0.000000
0.000000
0.000000
0.000000
0.000000
0.000000
0.000000
0.000000
0.000000
0.000000
0.000000
0.000000
0.000000
0.000000
0.000000
0.000000
0.000000
0.000000
0.000000
0.000000
0.000000
0.000000
0.000000
0.000000
0.000000
0.000000
0.000000
0.000000
0.000000
0.000000
0.000000
0.000000
0.000000
0.000000
0.000000
0.000000
0.000000
0.000000
0.000000
0.000000
0.000000
0.000000
0.000000
0.000000
0.000000
0.000000
0.000000
0.000000
0.000000
0.000000
0.000000
0.000000
0.000000
0.000000
0.000000
0.000000
0.000000
0.000000
0.000000
0.000000
0.000000
0.000000
0.000000
0.000000
0.000000
0.000000
0.000000
0.000000
0.000000
0.000000
0.000000
0.000000
0.000000
0.000000
0.000000
0.000000
0.000000
0.000000
0.000000
0.000000
0.000000
0.000000
0.000000
0.000000
0.000000
0.000000
0.000000
0.000000
0.000000
0.000000
0.000000
0.000000
0.000000
