0.900000
0.900000
0.381198
0.484178
0.900000
0.439370
0.713228
0.601304
0.390253
0.490995
0.336911
0.506201
0.284227
0.062470
0.321785
0.197270
0.468605
0.168802
0.034635
0.332798
0.184833
0.274936
0.147372
0.136176
0.192279
0.149144
0.118623
0.351440
0.270225
0.139283
0.306687
-0.125146
0.216427
0.240789
0.165453
0.399476
0.144510
0.089399
0.076733
0.109825
0.163471
0.213191
0.230205
0.039817
0.228828
0.028919
0.159033
0.240143
0.371243
0.113118
0.235686
0.148681
0.100217
0.289184
0.041083
0.203617
0.050454
0.081945
0.250688
0.128651
0.204299
0.197424
0.165763
0.219277
0.178315
0.322599
0.362974
0.291500
0.320161
0.444177
0.340654
0.436834
0.237650
-0.125635
0.266150
0.525360
0.177316
0.173124
0.345964
0.768852
0.436497
0.398255
0.385107
0.524762
0.328320
0.115273
0.233102
0.243821
0.210185
0.438263
0.345993
0.221784
0.594791
0.262085
0.530415
0.446876
0.325432
0.113767
0.499957
-0.318843
0.653292
-0.024747
0.658561
0.191938
0.641939
0.428058
0.222776
0.537850
0.385499
0.373426
0.240992
0.243462
0.315512
0.102333
-0.721202
-0.765272
-0.019198
0.061130
0.076814
-0.808004
-0.369775
-0.372254
-0.248933
-0.152197
-0.126006
-0.083275
-0.040984
-0.029555
-0.018017
-0.009002
-0.009945
-0.003891
0.002800
0.002866
0.002931
0.002975
0.002975
0.002953
-0.000491
0.002910
0.002931
0.002931
0.002931
0.002931
0.002931
0.002931
0.002931
0.002931
0.002931
0.002931
0.002931
0.002931
0.002931
0.002931
0.002931
0.002931
0.002931
0.002931
0.002931
0.002931
0.002931
0.002931
0.002931
0.002931
0.002931
0.002931
0.002910
0.002931
0.002931
0.002931
0.002931
0.002931
0.006331
0.002910
0.002931
0.002910
0.002931
0.002931
0.002910
0.002931
0.002910
0.002910
0.002931
0.002910
0.002931
0.002910
0.002931
0.002910
0.002931
0.002931
0.002931
0.002910
0.002931
0.002931
0.002931
0.002910
0.002910
0.002910
0.002910
0.002910
0.002910
0.002910
0.002910
0.002910
0.002910
0.002910
0.002910
0.002910
0.002910
0.002910
0.002910
0.002910
0.002910
0.002910
0.002910
0.002910
0.002910
0.002910
0.002910
0.002910
0.002910
0.002910
0.002910
0.002910
0.002910
0.002910
0.002910
0.002910
0.002910
0.002910
0.002910
0.002910
0.002910
0.002910
0.002910
0.002910
0.002910
0.002910
0.002910
0.002910
0.002910
0.002910
0.002910
0.002910
0.002910
0.002910
0.002910
0.002910
0.002910
0.002910
0.002910
0.002910
0.002910
0.002910
0.002910
0.002910
0.002910
0.002910
0.002910
0.002910
0.002910
0.002910
0.002910
0.002910
0.002910
0.002910
0.002910
0.002910
0.002910
0.002910
0.002910
0.002910
0.002910
0.002910
0.002910
0.002910
0.002910
0.002910
0.002910
0.002910
0.002910
0.002910
0.002910
0.002910
0.002910
0.002910
0.002910
0.002910
0.002910
0.002910
0.002910
0.002910
0.002910
0.002910
0.002910
0.002910
0.002910
0.002910
0.002910
0.002910
0.002910
0.002910
0.002910
0.002910
0.002910
0.002910
0.002910
0.002910
0.002910
0.002910
0.002910
0.002910
0.002910
0.002910
0.002910
0.002910
0.002910
0.002910
0.002910
0.002910
0.002910
0.002910
0.002910
0.002910
0.002910
0.002910
0.002910
0.002910
0.002910
0.002910
0.002910
0.002910
0.002910
0.002910
0.002910
0.002910
0.002910
0.002910
0.002910
0.002910
0.002910
0.002910
0.002910
0.002910
0.002910
0.002910
0.002910
0.002910
0.002910
0.002910
0.002910
0.002910
0.002910
0.002910
0.002910
0.002910
0.002910
0.002910
0.002910
0.002910
0.002910
0.002910
0.002910
0.002910
0.002910
0.002910
0.002910
0.002910
0.002888
0.002888
0.002888
0.002866
0.002866
0.002866
0.002866
0.002866
0.002866
0.002866
0.002866
0.002866
0.002866
0.002866
0.002888
0.002975
0.006507
0.010302
0.014184
0.014645
0.011662
0.012035
0.008854
0.009117
0.016378
0.013439
0.010390
0.014097
0.014514
0.018374
0.019032
0.019734
0.006507
0.006880
0.010280
0.010280
0.010280
0.010280
0.010280
0.010280
0.010280
0.010280
0.010280
0.010280
0.010280
0.010280
0.010280
0.010280
0.010280
0.010280
0.010280
0.010280
0.010280
0.010280
0.010280
0.010280
0.010280
0.010280
0.010280
0.010280
0.010280
0.010280
0.010280
0.010280
0.010280
0.010280
0.010280
0.010280
0.010280
0.010280
0.013680
0.010280
0.010280
0.010280
0.010280
0.010280
0.010280
0.010280
0.010280
0.010280
0.010280
0.010280
0.010280
0.010280
0.010280
0.010280
0.010280
0.010280
0.010280
0.010280
0.010280
0.010280
0.010280
0.010280
0.010280
0.010280
0.010280
0.010280
0.010280
0.010280
0.010280
0.010280
0.010280
0.010280
0.010280
0.010280
0.010280
0.010280
0.010280
0.010280
0.010280
0.010280
0.010280
0.010280
0.010280
0.010280
0.010280
0.010280
0.010280
0.010280
0.010280
0.010280
0.010280
0.010280
0.010280
0.010280
0.010280
0.010280
0.010280
0.010280
0.010280
0.010280
0.010280
0.010280
0.010280
0.010280
0.010280
0.010280
0.010280
0.010280
0.010280
0.010280
0.010280
0.010280
0.010280
0.010280
0.010280
0.010280
0.010280
0.010280
0.010280
0.010258
0.010280
0.010280
0.010280
0.010280
0.010280
0.010280
0.010280
0.010280
0.010280
0.010280
0.010280
0.010280
0.010280
0.010280
0.010280
0.010280
0.010280
0.010280
0.010280
0.010280
0.010280
0.010280
0.010280
0.010280
0.010280
0.010280
0.010280
0.010280
0.010280
0.010280
0.010280
0.010280
0.010280
0.010280
0.010280
0.010280
0.010280
0.010280
0.010280
0.010280
0.010280
0.010280
0.010280
0.010280
0.010280
0.010280
0.010280
0.010280
0.010280
0.010280
0.010280
0.010280
0.010280
0.010280
0.010280
0.010280
0.010280
0.010280
0.010280
0.010280
0.010280
0.010280
0.010280
0.010280
0.010280
0.010280
0.010280
0.010280
0.010280
0.010280
0.010280
0.010280
0.010280
0.010280
0.010280
0.010280
0.010280
0.010280
0.010280
0.010280
0.010280
0.010280
0.010280
0.010280
0.010280
0.010280
0.010280
0.010280
0.010280
0.010280
0.010280
0.010280
0.010280
0.010280
0.010280
0.010280
0.010280
0.010280
0.010280
0.010280
0.010280
0.010280
0.010280
0.010280
0.010280
0.010280
0.010280
0.010280
0.010280
0.010280
0.010280
0.010280
0.010280
0.010280
0.010280
0.010280
0.010280
0.010280
0.010280
0.010280
0.010280
0.010280
0.010280
0.010280
0.010280
0.010280
0.010280
0.010280
0.010280
0.010280
0.010280
0.010280
0.010280
0.010280
0.010280
0.010280
0.010280
0.010280
0.010280
0.010280
0.010280
0.010280
0.010280
0.010280
0.010280
0.010280
0.010280
0.010280
0.010280
0.010280
0.010280
0.010280
0.010280
0.010280
0.010280
0.010280
0.010280
0.010280
0.010280
0.010280
0.010280
0.010280
0.010280
0.010280
0.010280
0.010280
0.010280
0.010280
0.010280
0.010280
0.010280
0.010280
0.010280
0.010280
0.010280
0.010280
0.010280
0.010280
0.010280
0.010280
0.010280
0.010280
0.010280
0.010280
0.010280
0.010280
0.010280
0.010280
0.010280
0.010280
0.010280
0.010280
0.010280
0.010280
0.010280
0.010280
0.010280
0.010280
0.010280
0.010280
0.010280
0.010280
0.010280
0.010280
0.010280
0.010280
0.010280
0.010280
0.010280
0.010280
0.010280
0.010280
0.010280
0.010280
0.010280
0.010280
0.010280
0.010280
0.010280
0.010280
0.010280
0.010280
0.010280
0.010280
0.010280
0.010280
0.010280
0.010280
0.010280
0.010280
0.010280
0.010280
0.010280
0.010280
0.010280
0.010280
0.010280
0.010280
0.010280
0.010280
0.010280
0.010280
0.010280
0.010280
0.010280
0.010280
0.010280
0.010280
0.010280
0.010280
0.010280
0.010280
0.010280
0.010280
0.010280
0.010280
0.010280
0.010280
0.010280
0.010280
0.010280
0.010280
0.010280
0.010280
0.010280
0.010280
0.010280
0.010280
0.010280
0.010280
0.010280
0.010280
0.010280
0.010280
0.010280
0.010280
0.010280
0.010280
0.010280
0.010280
0.010280
0.010280
0.010280
0.010280
0.010280
0.010280
0.010280
0.010280
0.010280
0.010280
0.010280
0.010280
0.010280
0.010280
0.010280
0.010280
0.010280
0.010280
0.010280
0.010280
0.010280
0.010280
0.010280
0.010280
0.010280
0.010280
0.010280
0.010280
0.010280
0.010280
0.010280
0.010280
0.010280
0.010280
0.010280
0.010280
0.010280
0.010280
0.010280
0.010280
0.010280
0.010280
0.010280
0.010280
0.010280
0.010280
0.010280
0.010280
0.010280
0.010280
0.010280
0.010280
0.010280
0.010280
0.010280
0.010280
0.010280
0.010280
0.010280
0.010280
0.010280
0.010280
0.010280
0.010280
0.010280
0.010280
0.010280
0.010280
0.010280
0.010280
0.010280
0.010280
0.010280
0.010280
0.010280
0.010280
0.010280
0.010280
0.010280
0.010280
0.010280
0.010280
0.010280
0.010280
0.010280
0.010280
0.010280
0.010280
0.010280
0.010280
0.010280
0.010280
0.010280
0.010280
0.010280
0.010280
0.010280
0.010280
0.010280
0.010280
0.010280
0.010280
0.010280
0.010280
0.010280
0.010280
0.010280
0.010280
0.010280
0.010280
0.840910
0.191387
0.203553
0.000000
0.000000
0.000000
0.000000
0.000000
0.000000
0.000000
0.000000
0.000000
0.000000
0.000000
0.000000
0.000000
0.000000
0.000000
0.000000
0.000000
0.000000
0.000000
0.000000
0.000000
0.000000
0.000000
0.000000
0.000000
0.000000
0.000000
0.000000
0.000000
0.000000
0.000000
0.000000
0.000000
0.000000
0.000000
0.000000
0.000000
0.000000
0.000000
0.000000
0.000000
0.000000
0.000000
0.000000
0.000000
0.000000
0.000000
0.000000
0.000000
0.000000
0.000000
0.000000
0.000000
0.000000
0.000000
0.000000
0.000000
0.000000
0.000000
0.000000
0.000000
0.000000
0.000000
0.000000
0.000000
0.000000
0.000000
0.000000
0.000000
0.000000
0.000000
0.000000
0.000000
0.000000
0.000000
0.000000
0.000000
0.000000
0.000000
0.000000
0.000000
0.000000
0.000000
0.000000
0.000000
0.000000
0.000000
