0.263353
0.367539
0.307208
0.303712
0.247350
0.434870
0.426460
0.133392
0.249094
0.206070
0.347875
0.244615
0.463613
0.358664
0.131841
0.478503
0.501637
0.346566
0.219002
0.392724
0.186388
0.220929
0.271065
-0.013361
0.159724
0.254214
0.392686
-0.059065
0.092742
0.067749
0.080068
0.371847
0.203307
0.152123
-0.014246
0.083842
0.154773
0.192187
0.050321
0.105700
0.159565
0.303542
0.288573
0.160439
0.164510
0.210062
0.196343
0.294190
0.145326
0.119455
0.303662
0.190970
0.113244
0.149824
0.228345
0.081017
0.223063
0.058143
0.108828
0.204502
0.280610
0.140499
0.270459
0.339592
0.166950
0.280414
0.262550
0.309945
0.368899
0.345288
0.330341
0.427793
0.328811
0.421064
0.301704
0.338701
0.278655
0.048059
0.863026
0.247964
0.305010
0.502159
0.515927
0.387573
0.355319
0.203757
0.299081
0.304293
0.356754
0.381226
0.327475
0.236280
0.196238
0.101994
-0.024166
0.232406
0.062748
0.115011
0.195265
0.119009
0.193164
-0.035852
0.376003
0.054659
0.191616
0.232254
-0.090976
0.158512
0.149268
0.061715
0.209969
-0.085732
0.208877
0.384639
0.280480
0.257724
0.187609
0.347139
0.212248
0.125572
0.254018
0.185263
0.191572
0.265070
0.208994
0.215654
0.312820
0.018304
0.228987
0.165848
0.274114
0.057294
0.275852
0.416231
0.370421
0.285127
0.340331
0.421857
0.447382
0.423021
0.229413
0.053437
0.663634
0.276154
0.347239
0.512296
0.562674
0.378538
0.404918
0.388984
0.323827
0.199400
0.139682
0.318976
0.221573
0.135203
0.229365
0.135735
0.227900
0.307407
0.160013
0.151954
0.317604
0.036446
0.254763
0.239992
0.153140
0.074272
0.143953
0.194989
0.132442
0.187733
0.165679
0.208335
0.173581
0.240542
0.331654
0.176999
0.298492
0.023257
0.052577
0.290833
0.180466
0.083656
0.251323
0.155434
0.165121
0.126725
0.378165
0.131797
0.215780
0.166570
0.148991
0.233808
0.156169
0.403397
0.375881
0.297102
0.373429
0.328036
0.382275
0.309659
0.372913
0.366851
0.328104
0.289862
0.296149
0.405670
0.364681
0.469349
0.098256
0.489053
0.371623
0.287294
0.422365
0.302413
0.312714
0.098306
0.080398
0.311438
0.137063
0.098403
0.192038
0.336432
0.269849
0.244877
0.089981
0.122437
-0.034718
0.336468
0.147177
0.103253
0.083941
0.183608
0.185113
0.182165
0.132363
0.044436
0.134759
0.179915
0.274340
0.293371
0.230802
0.205436
0.050101
0.260236
0.225372
0.196672
-0.002381
0.016760
0.227817
0.073469
0.167981
-0.034186
0.196590
0.189847
0.188983
0.141572
0.218996
0.281899
0.274586
0.262842
0.306397
0.157183
0.310241
0.262194
0.382239
0.377975
0.414029
0.146933
0.357440
0.383645
0.233728
0.382356
0.371248
0.120537
0.758987
0.549406
0.290974
0.394809
0.188474
0.270505
0.260735
0.117223
0.314636
0.191129
0.224331
0.187581
0.160986
0.199825
0.091959
0.202243
0.213904
0.294311
0.113290
0.108456
0.216392
0.161413
0.152718
0.040201
0.169964
0.232801
0.066520
0.273343
0.244313
0.188435
0.201215
0.168785
0.138440
0.208296
0.247925
0.308262
0.138735
0.218594
0.220823
0.469104
0.139885
0.268200
0.288240
0.100682
0.197564
0.227585
0.138803
0.122562
0.229928
0.241239
0.242393
0.104080
0.322989
0.317124
0.293469
0.298550
0.282133
0.361225
0.446305
0.297090
0.262599
0.392976
0.378753
0.246122
0.219374
0.634926
0.210407
0.415936
0.500862
0.308939
0.509510
0.337790
0.317995
0.352864
0.272133
0.168500
0.215017
0.176336
0.177029
0.215540
0.281579
0.186523
-0.061731
0.202146
0.085067
0.319178
0.175030
0.157604
0.276487
0.214203
0.200002
0.153161
0.065300
0.259861
0.151468
0.074553
0.110739
0.139685
-0.070730
0.192840
0.048320
0.149171
0.191827
0.295442
0.202471
0.286476
0.257600
0.232168
0.094447
0.332441
0.198537
0.153429
0.182200
0.243128
0.270210
0.081906
0.277015
0.476336
0.260898
0.377346
0.312649
0.329553
0.461312
0.270266
0.261352
0.358080
0.435087
0.500425
0.436409
0.375178
0.106721
0.236001
0.321190
0.512439
0.482927
0.407044
0.330239
0.235731
0.168490
0.227225
0.128045
0.085855
0.132393
0.085201
0.298100
0.293309
0.244450
0.153759
0.145108
0.192261
0.314653
0.054006
0.145337
0.340095
0.126499
0.310421
0.266322
0.061983
0.209469
0.303148
0.143777
0.056377
0.199432
0.221776
0.189237
0.256067
0.268474
0.100285
0.183719
0.281631
0.076393
0.195934
0.153612
0.118352
0.135190
0.288490
0.185033
0.101845
0.116665
0.089105
0.248327
0.263388
0.230696
0.283442
0.274638
0.203580
0.273129
0.019523
0.351401
0.386928
0.273249
0.301011
0.245155
0.259054
0.181393
0.300758
0.099863
0.255904
0.226634
0.279841
0.144292
0.193112
0.194464
0.090634
0.122893
0.257569
0.216343
0.123196
0.248725
0.148471
0.287249
0.334271
0.316253
0.185947
0.321786
0.213042
0.336948
0.107295
0.186694
0.221673
0.231996
0.299330
0.309061
0.144842
0.110482
0.238205
0.240456
0.276882
0.207776
0.118709
0.031901
0.143545
0.259357
0.279156
0.278182
0.413692
0.194832
0.286712
0.180513
0.197022
0.237265
0.391179
0.117480
0.437336
0.242562
0.211668
0.190886
0.357259
0.305812
0.149358
0.309633
0.084083
0.250653
0.295043
0.230456
0.267738
0.181873
0.192372
0.144960
0.128039
0.260303
0.189135
0.192570
0.271091
0.144492
0.315099
0.045919
0.151837
0.090058
0.140436
0.059112
0.126994
0.137514
0.199233
0.093933
0.015439
0.193044
0.192289
0.213185
0.278019
0.247147
0.287478
0.274242
0.137728
0.059058
0.102943
0.170847
0.225371
0.133956
0.116663
0.355226
0.133339
0.259592
0.242429
0.306977
0.119090
0.276316
0.258891
0.094804
0.088302
0.003293
0.084578
0.240883
0.295735
0.317070
0.070769
-0.049118
0.295022
0.155480
0.203709
0.213747
0.178838
0.162334
0.193540
0.043031
0.131489
0.244317
0.179994
-0.055691
0.277941
0.203286
0.309556
0.207327
0.186765
0.189783
0.152857
0.163816
0.235844
0.233335
0.210843
0.248805
0.262616
0.195638
0.265560
0.222229
0.409572
0.197622
0.232009
0.163846
0.395302
0.206889
0.203195
0.049681
0.028768
0.044838
0.169819
0.142566
0.023403
0.237706
0.281459
0.121167
0.179463
0.222624
0.089027
0.246934
0.179451
0.254089
0.157630
0.294236
0.236647
0.130602
0.116247
0.283344
0.185086
0.184792
0.112681
0.184161
0.150679
0.194893
0.225002
0.238703
0.249180
0.289906
0.074358
0.033966
0.149668
0.071831
0.074675
0.295119
0.168015
0.196150
0.081309
0.288702
0.205162
0.176440
0.136969
0.246793
0.209889
0.332193
0.000452
-0.019759
0.086335
0.146934
0.033190
0.327119
0.043680
0.151682
0.167994
0.151226
0.268179
0.264375
0.141089
0.168741
0.128678
0.346052
0.266790
0.134772
0.359758
0.172112
0.315080
0.179224
0.199089
0.366208
-0.036122
0.257500
0.165603
0.362006
0.188158
0.096985
0.208804
0.129674
0.218549
-0.114991
0.099224
0.118870
0.340608
0.132891
0.244930
0.063953
0.268867
0.251946
-0.045005
0.141943
0.183525
0.118543
0.360243
0.233886
0.111037
0.277608
0.215478
0.324753
0.090274
0.311596
0.330979
0.143179
0.037836
0.092557
0.177483
0.211299
0.436789
0.395695
0.176703
0.238531
0.208931
0.072220
0.187242
0.143384
0.065746
-0.011805
0.318186
0.267287
0.121011
0.264155
0.152055
0.111093
0.213831
0.144901
0.152043
0.347481
0.262560
0.064056
0.196977
0.231846
0.081425
0.224196
0.223726
0.121651
0.244789
0.237454
0.210004
0.170117
0.074688
0.149327
0.141882
0.190439
0.016700
0.180090
0.118750
0.241866
0.016820
0.241761
0.160723
0.143297
0.196943
0.299045
0.224148
0.091429
0.196054
0.130677
0.110641
0.359821
0.195515
0.140887
0.103983
0.001798
0.222462
0.116877
0.233807
-0.059261
0.048939
0.079267
0.171937
-0.070175
0.454999
0.069384
0.223035
0.120302
0.123211
0.382108
0.262397
0.182631
0.231714
0.281105
0.248237
0.034422
0.177872
0.434379
0.144974
0.195900
0.117098
0.076070
0.233713
0.042864
0.237074
0.205811
0.155372
0.073565
0.178650
-0.006451
0.214959
0.198433
0.137202
0.211533
0.293520
0.150206
0.129776
0.221370
-0.007756
0.340091
0.227355
0.199093
0.103182
0.246172
0.167832
0.170938
0.232393
0.348599
0.110502
0.168294
0.075892
0.198921
0.210319
0.119848
0.174130
0.220098
0.228052
0.275885
0.131431
0.236143
0.270091
0.308536
0.321338
0.204851
0.250315
0.377972
0.301013
0.350097
0.202045
0.214035
0.190314
0.099799
0.267598
0.349256
0.123420
0.404495
0.287767
0.141733
0.333771
0.194735
0.254830
0.474463
0.284799
0.226266
0.261399
0.407679
0.203209
0.218796
0.185358
0.131826
0.193939
0.354566
0.200635
0.133525
0.271272
0.173080
0.242739
0.019184
0.259941
0.283952
0.224520
0.296065
0.165540
0.344921
0.375886
0.307636
0.299993
0.369477
0.142545
0.372619
0.223580
0.183056
0.160958
0.093739
0.097679
0.149811
0.092924
0.322779
0.236256
0.104085
0.225468
0.276636
0.375842
0.206073
0.135652
0.181774
0.256566
0.169122
0.041119
0.335640
0.254513
0.077989
0.205755
-0.055024
-0.032220
0.130534
0.300220
0.167435
0.303252
0.165180
0.139858
0.239174
0.181014
0.181181
0.204468
0.197221
0.206294
0.258777
0.394814
0.231078
0.319623
0.261902
0.217343
0.366913
0.268414
0.400283
0.328435
0.272732
0.401223
0.344313
-0.000984
0.272339
0.091019
0.440884
0.552879
0.577395
0.349344
0.393448
0.365033
0.392575
0.226010
0.204811
0.253895
0.200166
0.240847
0.120237
0.056812
0.063735
0.182815
0.221589
0.028700
0.160239
0.291340
0.147478
0.135733
0.134146
0.088291
0.281843
0.233313
0.186011
0.179860
0.224622
0.276667
-0.018836
0.149204
0.246480
-0.003375
0.349231
0.207431
0.120469
0.324813
0.007221
0.012082
0.204778
0.269413
0.227354
0.195232
0.037550
0.129540
0.248444
0.034322
0.188806
0.354631
0.048138
0.260751
