0.235617
0.367874
0.433228
0.207606
0.295576
0.337590
0.412749
0.329182
0.271127
0.507644
0.395780
0.485439
0.354403
0.189762
0.422397
0.333522
0.234951
0.173210
0.355744
0.240765
0.261019
0.259492
0.309535
0.344771
0.173527
0.316621
0.347734
-0.002330
0.312871
0.193242
0.146790
0.190560
0.407840
0.296458
0.231185
0.393824
0.376481
0.232525
0.366099
0.158751
0.125343
0.057737
0.235071
0.085656
-0.034780
-0.296477
0.193643
0.069391
0.122589
0.123825
-0.080109
0.017378
0.098641
0.117549
0.179659
0.122869
0.120195
0.173997
0.395291
0.346646
0.289774
0.224479
0.567868
0.298988
-0.041862
0.392669
0.315441
0.173591
0.332216
0.138532
0.270175
0.213040
0.279118
0.254668
0.170574
0.203661
0.291498
-0.022446
0.169719
0.060340
0.145132
0.121766
0.044299
0.167477
0.027339
0.121301
0.350963
0.133739
0.044978
0.036668
0.096873
0.046331
-0.026300
0.136634
0.081146
0.058917
0.111905
0.327765
0.114849
0.388087
0.155897
0.353437
0.259094
0.199758
0.272758
0.294912
0.198887
0.255423
0.248746
0.352296
0.293456
0.251573
0.336346
0.492738
0.325778
0.356940
0.087454
-0.251324
0.443273
0.251002
0.712849
0.705690
0.358287
0.290016
0.421050
0.417166
-0.001210
0.543966
0.062914
0.437826
0.237366
0.485483
0.191186
0.570554
0.490086
0.470884
0.503033
0.574074
0.702433
0.322499
0.651174
-0.072052
0.840813
0.156830
0.872383
0.612504
0.359336
0.537664
0.735491
0.476662
0.174369
0.389418
0.258208
0.348742
0.333181
0.416945
0.346457
0.533428
0.433634
0.452885
0.402381
0.554627
0.433468
0.265038
0.088140
0.052021
0.238318
0.727650
0.845677
0.511583
0.165588
0.664513
0.560280
0.568009
0.647703
0.057150
0.401643
0.112763
0.551818
0.405981
0.568670
0.455364
0.549634
0.578778
0.412366
0.673172
-0.005590
0.568127
-0.225645
0.780995
0.584970
0.482193
0.399136
0.355695
0.145477
0.454891
0.474740
0.559374
0.246293
0.422838
0.143818
0.082376
0.139012
0.242749
0.198085
0.221159
0.097979
0.222418
0.224493
0.206914
0.173102
0.146574
0.287651
0.325949
0.356525
0.258624
0.441938
0.234052
0.294921
0.489509
0.314665
0.595554
0.579036
0.735196
0.717853
0.435440
0.541463
0.368004
0.447133
0.282975
0.272475
0.489207
0.377124
0.108442
0.428600
0.290962
0.384415
0.328377
0.465548
0.196779
0.308483
0.229566
0.300799
0.296924
0.469960
0.197636
0.350184
0.168653
0.358667
0.241999
0.160143
0.254277
0.252507
0.301563
0.240437
0.136425
0.241483
0.271082
0.450918
0.368733
0.202732
0.549651
0.371520
0.359792
0.353504
0.116059
0.436217
0.272256
0.295208
0.343035
0.416901
0.238747
0.235903
0.040925
0.344873
0.271133
0.358159
0.313857
0.459408
0.285905
0.302825
0.338039
0.347172
0.342442
0.438857
0.259417
0.078251
0.199405
0.264318
0.122475
0.103012
-0.115655
0.155939
0.010851
-0.008302
0.022076
-0.001272
0.002698
0.050157
0.325494
0.187542
0.117230
0.070060
0.230423
0.222496
0.265964
0.237505
0.098447
0.397618
0.363039
0.365114
0.335910
0.153550
0.357675
0.088143
0.298432
0.329133
0.300564
0.246748
0.328713
0.153505
0.238519
0.040783
0.318852
0.106222
0.515642
0.386235
0.229804
0.223214
0.321784
0.208764
0.276032
0.214954
0.308107
0.160405
0.127932
0.464771
0.294110
0.259603
0.271797
-0.008896
0.188886
0.164702
0.241081
0.195731
0.210349
0.251667
0.102825
0.078907
0.417124
0.280851
0.318221
0.346334
0.262203
0.400234
0.143798
0.332712
0.381472
0.315927
0.351263
0.300063
0.327261
0.228176
0.259080
0.524929
0.579843
0.611096
0.505839
0.656742
0.348610
0.410572
0.238554
0.269047
0.165369
-0.003924
0.172594
0.128279
0.090788
0.071831
0.408913
-0.035673
0.153206
0.045520
0.223313
0.154261
0.192399
0.251748
0.385108
0.404337
0.477682
0.543546
0.408656
0.422906
0.405941
0.293359
0.395241
0.350331
0.247488
0.416405
-0.009900
0.285191
0.365182
0.370372
0.312563
0.356514
0.216600
0.142142
0.306124
0.223769
0.042891
0.900000
0.375288
0.371337
0.304102
0.220438
0.308551
0.173711
0.378136
0.429180
0.588552
0.584976
0.886236
0.739780
0.603853
0.598004
0.242475
0.213025
0.308451
0.133796
0.159482
0.090974
0.078087
-0.038909
-0.126818
0.031110
0.150665
-0.109850
0.256460
0.304443
-0.072039
0.089967
0.119331
0.334357
0.440868
0.284151
0.528111
0.387013
0.476962
0.082924
0.490458
0.335496
0.370388
0.333856
0.418037
0.284594
0.298756
0.292628
0.363910
0.362322
0.174698
0.121144
0.197055
0.279656
0.257690
0.296968
0.260458
0.237351
0.267397
0.360599
0.314993
0.241967
0.264493
0.354456
0.268203
0.555470
0.474984
0.530490
0.686123
0.615279
0.197505
0.279256
0.255417
0.272405
0.082784
0.343432
0.013418
0.055630
0.115208
0.080756
0.106338
0.152026
-0.026279
0.123520
0.146749
0.049028
0.096949
0.104646
0.288677
0.137532
0.265233
0.363979
0.260588
0.381291
0.400169
0.349753
0.210607
0.320452
0.060593
-0.001536
0.405098
0.532470
0.455621
0.559434
0.500068
0.234704
0.218222
0.282967
0.249419
0.224492
0.232402
0.108435
0.272242
0.308772
0.398355
0.353494
0.064161
0.130931
0.146679
0.373079
0.474158
0.534877
0.661449
0.761413
0.729527
0.685686
0.479828
0.512349
0.273843
0.219798
0.141202
0.134384
0.013993
0.060756
-0.123608
0.155410
0.019308
0.153036
-0.247002
0.263843
0.050019
-0.081538
0.161459
0.199509
0.230057
0.357099
0.294465
0.337516
0.447954
0.437570
0.361862
0.562148
0.379233
0.492748
0.179170
0.355699
0.173713
0.366014
0.411588
0.437376
0.264032
0.207408
0.195313
0.249880
0.215015
0.229901
0.145682
0.325940
0.259313
0.347340
0.278219
0.267885
0.323227
0.238794
0.470042
0.394894
0.535358
0.577932
0.487891
0.535264
0.512218
0.485179
0.480098
0.104910
0.155870
0.081212
0.142613
0.287042
0.074605
0.126042
0.140438
-0.037861
0.276471
0.238525
0.162807
0.317534
0.283177
0.120990
0.084217
0.186779
0.273153
0.334696
0.369039
0.320882
0.486751
0.388405
0.395263
0.366913
0.413387
0.287665
0.309395
0.272534
-0.063879
0.374825
0.237346
0.281099
0.261392
0.254364
0.335210
0.187992
0.195682
0.172992
0.169123
0.266750
0.101873
0.250557
0.309496
0.242129
0.385169
0.354655
0.317086
0.454633
0.498806
0.684340
0.829549
0.654906
0.466002
0.422696
0.229889
0.235704
0.068136
0.096152
0.137417
0.059402
0.157039
0.078384
-0.060038
0.080943
0.023739
0.158182
-0.119556
0.126516
0.086902
0.200878
0.236239
0.263935
0.238437
0.348239
0.204991
0.270592
0.497398
0.413683
0.432935
0.342200
0.215404
0.588718
0.124617
0.584401
0.342443
0.715713
0.069218
0.516674
0.336575
0.552873
0.329385
0.203641
0.298680
0.135251
0.241125
0.123147
0.358001
0.388599
0.371268
0.306424
0.194989
0.237827
0.340404
0.522120
0.503673
0.388116
0.710682
0.862453
0.643171
0.485396
0.755848
0.227349
0.431555
0.395162
0.144650
0.432443
0.151249
0.262206
0.122686
0.141329
0.113728
0.138949
-0.220821
0.565776
-0.093189
0.378452
0.254856
0.169452
0.508327
0.147587
0.499360
0.066759
0.636968
0.562532
0.168297
0.737320
0.654001
0.430600
0.416443
0.493539
0.320041
0.386893
0.189639
0.289657
0.368617
0.112926
0.444475
-0.022850
0.326071
0.313559
0.130059
0.293164
0.329242
0.355562
0.321977
0.197512
0.101980
0.278296
0.250677
0.324664
0.326948
0.498757
0.633214
0.643711
0.784691
0.643937
0.322299
0.377043
0.043087
0.146462
0.126408
0.007957
0.202112
0.130008
-0.006109
0.137139
0.013080
0.102294
-0.001594
0.041623
0.171381
0.104352
0.064556
0.020994
0.180932
0.298959
0.180345
0.219579
0.347653
0.397219
0.281654
0.311412
0.486384
0.322407
0.273022
0.349898
0.217530
0.475484
0.365425
0.326568
0.391270
0.364851
0.192911
0.332940
0.199233
0.210302
0.203077
0.369428
0.132010
0.033949
0.314025
0.377965
0.237114
0.312549
0.302917
0.247440
0.302496
0.440379
0.500729
0.627833
0.542359
0.819238
0.577384
0.590334
0.389960
0.145664
0.214204
0.318468
0.086460
0.147075
0.138100
0.189777
0.097806
0.034216
0.078014
0.106476
0.604087
0.018781
0.177223
0.108971
0.128714
0.319458
0.320480
0.311478
0.126838
0.355267
0.344181
0.376023
0.374041
0.358984
0.218237
0.228736
0.349197
0.265285
0.198439
0.350754
0.256538
0.385561
0.121564
0.174426
0.422901
0.550263
0.656653
0.637535
0.747261
0.763518
0.504203
0.434873
0.259834
0.575254
0.400984
0.378156
0.305864
0.376351
0.341459
0.293845
0.413774
0.430563
0.334821
0.551465
0.275326
0.396023
0.198456
0.252974
0.255856
0.246584
0.174467
0.369680
0.159084
0.100853
0.269391
0.300658
0.410870
0.282094
0.364755
0.377617
0.170069
0.206709
0.327385
0.161889
0.357913
0.149993
0.511500
0.282105
0.441519
0.205543
0.346970
0.367816
0.282100
0.331353
0.325109
0.187186
0.218078
0.221574
0.199800
0.339011
0.422374
0.190544
0.351428
0.226643
0.400601
0.291260
0.233380
0.308144
0.198451
0.280147
0.307114
0.352397
0.284843
0.154707
0.260926
0.279777
0.437458
0.344634
0.320996
0.232888
0.423231
0.419378
0.254803
0.319345
0.388801
0.284593
0.458923
0.220863
0.281413
0.213311
0.372571
0.441479
0.253959
0.225077
0.143572
0.408321
0.037002
0.435537
0.247096
0.305847
0.212672
0.096969
0.281741
0.243032
0.192193
0.292907
0.167750
0.300271
0.487719
0.318142
0.402339
0.379139
0.338193
0.366322
0.527688
0.109515
0.285863
0.251389
0.241613
0.239713
0.389080
0.321986
0.262022
0.366290
0.208712
0.195931
0.148053
0.210008
0.292537
0.230467
0.416248
0.210148
0.526753
0.145102
0.059188
0.350787
0.206173
0.339549
0.301805
0.218633
0.426656
0.296125
0.423557
0.234173
0.241924
0.358760
0.382722
0.289504
0.458437
0.296538
0.184499
