0.350672
0.345547
0.222079
0.379475
0.280904
0.105975
0.239747
0.223807
0.183453
0.231982
0.241269
0.160246
0.179491
0.387318
0.249482
0.286012
0.235436
0.165811
0.333674
0.303797
0.186577
0.227775
0.203126
0.606599
-0.104737
-0.132153
0.257618
0.023539
-0.120223
0.068224
-0.131270
0.012308
0.093676
0.098521
0.080268
0.263692
0.217340
0.147385
0.110136
0.196604
0.098199
0.272322
0.202652
0.283834
0.261304
0.259569
0.213348
0.162543
0.252104
0.230561
0.167143
0.105546
0.154219
0.118659
0.157066
0.246254
0.291527
0.255441
0.105421
0.115641
0.274365
0.179360
0.220465
0.268655
0.163823
0.136379
0.330880
0.115777
0.191080
0.047948
0.106865
0.131519
0.137088
0.256547
0.244525
0.117954
0.089457
0.328707
0.220036
0.209154
0.372901
0.033357
0.181640
0.236586
0.251983
0.352468
0.220413
0.367446
0.237497
0.196541
0.261995
0.173680
0.021049
0.221232
0.217808
0.279028
0.090292
0.126593
0.065369
0.249823
0.203800
0.206496
0.398738
0.336833
0.227284
0.142282
0.395329
0.199771
0.284550
0.196279
0.202747
0.191690
0.311675
0.069833
0.137130
0.205193
0.178474
0.177221
0.340420
0.129441
0.064773
0.302553
0.367414
0.320974
0.126688
0.251434
0.268827
0.231754
0.173030
0.114525
0.255460
0.278972
0.183002
0.117917
0.384301
0.384606
0.221293
0.177770
0.191083
0.447289
0.174715
0.178573
0.123250
0.291099
0.334792
0.211336
0.302420
0.577887
0.144332
0.363338
0.291791
0.260587
0.149782
-0.036446
0.323800
0.015243
0.080485
0.042773
0.279461
0.394483
0.466139
0.459616
0.004178
0.442484
0.761460
0.698660
0.571403
0.359848
0.478376
0.485697
0.475467
0.433745
0.569324
0.255555
0.463540
0.540637
0.426027
0.333801
0.400828
0.478208
0.459642
0.513487
0.333540
0.639730
0.515676
0.107292
0.320059
0.388445
0.275315
-0.591503
0.732180
0.291894
0.664352
0.256034
0.578304
0.808765
0.259868
0.561958
0.608728
0.752193
0.439935
0.318423
0.248790
0.067418
0.537577
0.511093
0.186437
0.838684
0.361071
0.649254
0.633210
0.190234
-0.301517
0.187519
0.570921
0.113381
0.835494
0.310478
0.626189
0.547180
0.508182
0.383559
0.601224
-0.050467
0.597799
-0.163032
0.405248
0.248597
0.520064
0.501234
0.475364
0.458553
0.519024
0.509492
0.017335
0.850376
0.090737
0.695516
0.608642
0.574370
0.496841
0.424664
0.347376
0.262170
0.309761
0.253158
0.430366
0.291270
0.331102
0.553893
0.435077
0.337416
0.299535
-0.050591
0.343039
0.222896
0.425776
0.330354
0.089804
0.181828
0.222927
0.223664
0.227932
0.281732
0.181236
0.489232
0.295100
0.262764
0.294174
0.206342
0.213052
0.136362
0.131117
0.240026
0.218286
0.144645
0.357511
0.337303
0.524796
0.458034
0.785824
0.862146
0.636919
0.494652
0.470575
0.424738
0.336476
0.411284
0.300210
0.280213
0.393430
0.346517
0.352250
0.431686
0.486511
0.210284
0.095217
0.183362
0.268787
0.292529
0.256365
0.282169
0.307074
0.322327
0.454146
0.458738
0.206135
0.202435
0.251645
0.180625
0.297769
0.159253
0.296446
0.336596
0.095158
0.257336
0.252628
0.312234
0.287740
0.108424
0.376354
0.221759
0.482998
0.401690
0.308340
0.338443
0.062041
0.395009
0.247236
0.310638
0.228870
0.265905
0.180780
0.376081
0.228024
0.371161
0.206762
0.394341
0.309128
0.194833
0.213795
-0.003000
0.025949
0.098859
-0.044078
0.044921
0.121864
-0.006411
0.042926
0.085684
0.185881
0.107802
0.229696
0.096793
0.161231
0.293999
0.658216
0.365536
0.037239
-0.046269
0.516275
-0.101024
0.572852
0.400978
0.327419
0.348645
0.379083
0.271502
0.173156
0.247641
0.124727
0.322293
0.484802
0.228743
0.381933
0.392687
0.462113
0.378288
0.248487
0.409179
0.272050
0.304858
0.202081
0.236598
0.266159
0.261523
0.304630
0.248209
0.362075
0.197819
0.274814
0.315314
0.209199
0.129074
0.149836
-0.017609
0.167554
0.361663
0.152586
0.246199
0.135152
0.819601
0.225971
0.490286
0.472115
0.080073
0.269655
0.317488
0.482645
0.270811
0.372546
0.297261
0.547237
0.284732
0.239147
0.214665
0.134948
0.152911
0.317360
0.409991
0.367206
0.684875
0.420435
0.290153
0.348618
0.230889
0.217250
0.144114
0.336118
0.095772
0.068501
0.151497
0.427388
-0.056969
0.338445
0.576821
0.104750
-0.019947
0.355845
0.166729
0.550529
0.179655
0.576242
0.472610
0.494647
0.279319
0.357204
0.548430
0.072089
-0.044522
-0.026089
0.316818
0.115511
0.669202
0.573467
0.401812
0.537673
0.267176
0.406919
0.315768
0.295206
0.237791
0.417567
0.323588
0.482256
0.191015
0.395124
0.328328
0.258789
0.287764
0.340276
0.305725
0.281243
0.266916
0.333151
0.366455
0.515266
0.731961
0.666308
0.588690
0.449134
0.455583
0.239406
0.255931
0.109606
0.140588
0.104910
0.111312
-0.012999
0.180533
-0.036497
-0.195249
0.210716
0.139254
0.228972
0.218897
0.287766
0.242856
0.200994
0.404395
0.401206
0.346457
0.491805
0.288080
0.523200
0.327058
0.329492
0.267735
0.434635
0.241461
0.492374
0.342304
0.353000
0.425335
0.166047
0.245358
0.212797
0.200131
0.231228
0.111670
0.101812
0.192858
0.269806
0.314904
0.216827
0.362741
0.264796
0.141911
0.211028
0.397132
0.420228
0.469006
0.521607
0.675677
0.653350
0.472867
0.277227
0.363122
0.331741
0.373966
0.135819
0.283886
0.067010
-0.062201
0.017478
0.118763
0.109486
0.253740
0.045500
0.103742
0.201941
0.205043
0.100928
0.264888
0.389891
0.328704
0.398758
0.417593
0.477183
0.417686
0.413093
0.272214
0.271086
0.187780
0.362300
0.483442
0.533556
0.391975
0.271518
0.393626
0.262683
0.192086
0.197561
0.129399
0.244026
0.118106
-0.029310
0.318212
0.296077
0.295110
0.322747
0.322591
0.267201
0.168225
0.242673
0.311878
0.307197
0.495139
0.594954
0.443676
0.605599
0.503564
0.426913
0.269938
0.185626
0.261574
0.252239
0.084962
0.271218
0.044411
0.093923
-0.013993
0.135727
0.164945
0.150859
0.233831
-0.073083
0.108598
0.003583
0.348907
0.249947
0.318005
0.438753
0.352493
0.442728
0.447809
0.356943
0.373343
0.224677
0.475809
0.515350
0.358063
0.325656
0.453072
0.194793
0.409184
0.157288
0.207644
0.339249
0.132190
0.160785
0.202432
0.180970
-0.053793
0.308607
0.292263
0.291866
0.209825
0.270123
0.292013
0.171189
0.146904
0.187088
0.172788
0.402647
0.472054
0.528439
0.797705
0.617305
0.445480
0.456494
0.411597
0.234899
0.248257
0.145679
0.143335
0.108130
0.002321
0.070164
0.157765
0.057345
0.427414
0.016929
0.161138
0.075185
0.364112
0.078107
0.444139
0.154141
0.409047
0.526328
0.453011
0.458114
0.360316
0.471961
0.276111
0.235693
0.488277
0.354330
0.507257
0.455590
0.425683
0.306477
0.320726
0.277482
0.116510
0.275425
0.227487
0.203920
0.122741
0.383113
0.406407
0.351039
0.278057
0.124484
0.298957
0.270636
0.201076
0.196489
0.342947
0.498485
0.657654
0.565721
0.799835
0.576425
0.488204
0.291504
0.412667
0.358145
0.209423
0.218685
0.193843
0.199685
0.161935
0.131183
0.085601
-0.011500
0.057287
0.079837
-0.049474
0.135042
0.150454
0.155228
0.354285
0.159839
0.469057
0.289133
0.473165
0.399431
0.324075
0.578562
0.079671
0.474702
-0.124413
0.326246
0.455286
0.212472
0.651593
0.539888
0.365374
0.488762
-0.024563
0.534458
0.164988
0.246163
0.204411
0.385218
0.371436
0.304464
0.426973
0.385973
0.277038
0.183678
0.284974
0.273741
0.160990
0.411547
0.498570
0.540922
0.630101
0.507495
0.258526
0.682091
0.283940
0.354896
0.115470
0.179900
0.228501
0.247793
0.066653
0.034128
0.013040
0.231726
-0.029008
0.163069
-0.184248
0.156494
0.153019
0.220798
0.381052
0.161950
0.513592
0.373744
0.503221
0.488604
0.345444
0.570736
0.229453
0.357373
0.348262
-0.077254
0.339783
0.395069
0.580549
0.448356
0.586893
0.403679
0.274338
0.307737
0.305491
0.275496
0.141505
0.213533
0.153442
0.357589
0.378858
0.418806
0.329109
0.327879
0.407394
0.342681
0.211613
0.188447
0.176995
0.274716
0.225089
0.426318
0.572816
0.770907
0.798575
0.550158
0.193317
0.428332
0.323492
0.368334
0.144460
0.194655
0.037199
0.187586
0.138897
-0.130881
0.091307
-0.062200
-0.004418
0.238387
0.293021
0.138690
0.151842
0.353927
0.439687
0.345816
0.358925
0.518761
0.620359
0.356004
0.320307
0.624216
0.384145
0.069491
0.555620
0.165815
-0.038634
0.555858
0.471200
0.405209
0.333471
0.278294
0.115326
0.268143
0.253131
0.250775
0.209966
0.132722
0.245676
0.254909
0.163654
0.272124
0.280720
0.237373
0.186086
0.049118
0.197793
0.398078
0.569336
0.590098
0.457845
0.514798
0.528911
0.537338
0.472718
0.396193
0.316406
0.361296
0.062627
0.229219
0.078900
0.068943
-0.085771
0.001268
-0.073993
0.594058
0.060229
-0.216792
0.048569
-0.051181
0.461292
0.274765
0.561171
0.759539
0.221701
0.504202
0.462538
0.407844
0.245643
0.263052
0.267518
0.297890
0.321955
0.341585
0.256714
0.371282
0.307578
0.265526
0.075758
0.298447
0.260320
0.338094
0.385190
0.526264
0.900000
0.799472
0.176091
0.606608
0.674156
0.608949
0.340157
0.257424
0.337783
0.430490
0.286161
0.405937
0.501936
0.117214
0.394049
0.300392
0.235470
0.418004
0.183169
0.381650
0.339738
0.271811
0.206407
0.220541
0.373725
0.369324
0.238178
0.255954
0.261862
0.265511
0.418608
0.357920
0.242655
0.322421
0.313567
0.243183
0.401369
0.181406
0.360321
0.336133
0.318307
0.358699
0.341575
0.337810
0.303181
0.454106
0.353166
0.418256
0.253242
0.361634
0.278879
0.382138
0.351326
0.394547
0.458957
0.360298
0.248522
0.245700
0.272097
0.550928
0.247347
0.194599
0.300797
0.194044
0.281597
0.316000
0.406514
0.278198
0.349014
0.424393
0.329507
0.249998
0.312632
0.203554
0.102307
0.359992
0.395031
0.399097
0.257335
0.322952
0.418731
