0.900000
0.900000
0.580499
0.175723
0.900000
0.447313
0.349877
0.721819
0.042957
0.423038
0.181331
0.437585
0.419052
0.259450
0.408680
0.267526
0.252151
0.210431
0.183803
0.156648
0.205413
0.266133
0.271640
-0.009200
0.010610
0.216982
0.134155
0.082674
0.188866
0.144623
0.344465
0.329158
0.408575
0.313952
0.561444
0.563024
0.331576
0.599048
0.746677
0.390225
0.768926
0.723667
0.787375
0.900000
0.658808
0.900000
0.453921
0.885873
0.646135
0.233938
0.887813
0.509639
0.497548
0.466505
0.404291
0.466978
0.107076
0.274989
0.274546
0.396109
0.381276
0.532825
0.306532
0.340835
0.397754
0.275874
0.186110
0.315482
0.445029
0.468167
0.398759
0.231934
0.345753
0.394183
0.299636
0.324177
0.434224
0.383395
0.472405
0.315671
0.158301
0.336391
0.351588
0.519304
0.359630
0.378666
0.436001
0.397039
0.421581
0.373406
0.287765
0.459557
0.292803
0.457249
0.377640
0.535090
0.357055
0.445277
0.374377
0.338902
0.280856
0.534077
0.426434
0.543084
0.414668
0.422210
0.287718
0.347730
0.363454
0.287946
0.506136
0.368354
0.343782
0.318552
0.365270
0.296234
0.276532
0.331191
0.242128
0.275312
0.417648
0.482931
0.213770
0.555983
0.327015
0.361713
0.494331
0.447472
0.478134
0.400655
0.209876
0.152018
0.370470
0.235676
0.141899
0.053634
0.128438
0.037198
0.002584
0.057071
0.007216
0.066534
0.044184
0.036842
0.125890
0.031199
-0.131527
0.724076
0.056663
0.516772
0.707248
0.216532
0.247608
-0.554208
0.547741
0.250853
0.724152
0.900000
0.900000
0.582449
0.380637
0.900000
0.759669
0.676039
0.900000
0.678193
0.900000
0.444147
0.777702
0.495202
-0.083715
0.647483
0.211531
0.561517
0.407294
0.682626
0.639989
0.349764
0.830315
0.727138
0.347003
0.900000
0.302839
0.838649
0.252576
0.900000
0.495505
0.574337
0.645949
0.526552
0.818774
0.467625
0.340986
0.578544
0.330711
0.513672
0.362048
0.325762
0.498325
0.440037
0.351632
0.405062
0.272677
0.403715
0.422378
0.407172
0.266122
0.276471
0.275698
0.425383
0.441501
0.306505
0.492186
0.404548
0.283503
0.230299
0.392229
0.371978
0.467986
0.243295
0.216047
0.537268
0.216279
0.367784
0.523962
0.169302
0.273163
0.233126
0.437083
0.522229
0.450341
0.426427
0.299174
0.067398
0.453154
0.465653
0.453365
0.497560
0.312595
0.447934
0.310436
0.160744
0.470076
0.575954
0.467172
0.355146
0.337282
0.286957
0.120001
0.301470
0.382912
0.289945
0.435681
0.342472
0.503870
0.394561
0.318549
0.395583
0.516839
0.250849
0.352191
0.143864
0.013867
0.100447
0.133551
0.313434
0.142572
0.184336
0.357201
0.005377
0.321316
0.095253
0.286355
-0.118463
0.254492
0.104185
0.036771
0.332620
0.226578
0.288171
0.501095
0.494084
0.649611
0.603600
0.402839
0.900000
0.359081
0.126121
0.129260
0.593918
0.469272
0.511054
0.900000
0.356532
0.900000
0.609661
0.884686
0.658569
0.775393
0.139914
0.681150
0.597462
0.368712
0.602177
0.156892
0.295990
0.167220
0.393675
0.220916
-0.159053
0.215649
0.084496
0.090287
-0.123255
-0.005344
0.085437
0.002795
0.089506
0.081882
-0.007538
0.141451
0.085320
0.184735
0.280289
0.208651
0.185380
0.205168
0.173474
0.380812
0.121777
0.304745
0.249975
0.229402
0.293633
0.361087
0.114599
0.362146
0.291275
0.360243
0.172696
0.398241
0.152762
0.194048
0.290283
0.337952
0.221476
0.269101
0.408505
0.470322
0.357883
0.231624
0.233974
0.265147
0.327886
0.283447
0.258838
0.347703
0.221049
0.347204
0.401826
0.180104
0.350064
0.374371
0.258598
0.158925
0.304822
0.298507
0.350278
0.240690
0.291255
0.155410
0.168377
0.147804
0.308354
0.260120
0.314194
0.164640
0.280529
0.396220
0.150807
0.202271
0.250686
0.352799
0.199121
0.325560
0.349034
0.215954
0.297447
0.249192
0.095426
0.357976
0.116621
0.248675
0.475050
0.475297
0.626131
0.544726
0.574039
0.761549
0.795127
0.783795
0.483935
0.673254
0.685402
0.605793
0.652227
0.384714
0.678695
0.424084
0.578682
0.617263
0.380914
0.662529
0.471005
0.535578
0.387355
0.372264
0.297103
0.456286
0.387952
0.363731
0.354974
0.567306
0.548634
0.182256
0.390470
0.315665
0.306733
0.584214
0.233701
0.506005
0.467131
0.306470
0.469744
0.334275
0.460028
0.239303
0.373812
0.174019
0.367179
0.368579
0.382065
0.093256
0.423164
0.373475
0.427301
0.350171
0.180749
0.228337
0.181725
0.178605
0.206365
-0.011899
0.254371
0.020252
0.302741
-0.055476
-0.014804
-0.051750
0.038490
0.178514
-0.189504
0.032040
0.039236
0.289458
0.233986
0.084848
0.134886
0.142544
0.164614
0.241282
0.507240
0.433601
0.393328
0.669509
0.025199
0.731724
0.219269
0.891655
0.406492
0.900000
0.655278
0.614342
0.674727
0.443521
0.796255
0.284458
0.718106
0.701689
-0.414266
0.809434
0.519245
0.900000
0.900000
0.820383
0.347929
0.900000
0.677328
0.212443
0.900000
0.900000
0.900000
0.900000
0.861131
0.000000
0.000000
0.000000
0.000000
0.000000
0.000000
0.000000
0.000000
0.000000
0.000000
0.000000
0.000000
0.000000
0.000000
0.000000
0.000000
0.000000
0.000000
0.000000
0.000000
0.000000
0.000000
0.000000
0.000000
0.000000
0.000000
0.000000
0.000000
0.000000
0.000000
0.000000
0.000000
0.000000
0.000000
0.000000
0.000000
0.000000
0.000000
0.000000
0.000000
0.000000
0.000000
0.000000
0.000000
0.000000
0.000000
0.000000
0.000000
0.000000
0.000000
0.000000
0.000000
0.000000
0.000000
0.000000
0.000000
0.000000
0.000000
0.000000
0.000000
0.000000
0.000000
0.000000
0.000000
0.000000
0.000000
0.000000
0.000000
0.000000
0.000000
0.000000
0.000000
0.000000
0.000000
0.000000
0.000000
0.000000
0.000000
0.000000
0.000000
0.000000
0.000000
0.000000
0.000000
0.000000
0.000000
0.000000
0.000000
0.000000
0.000000
0.000000
0.000000
0.000000
0.000000
0.000000
0.000000
0.000000
0.000000
0.000000
0.000000
0.000000
0.000000
0.000000
0.000000
0.000000
0.000000
0.000000
0.000000
0.000000
0.000000
0.000000
0.000000
0.000000
0.000000
0.000000
0.000000
0.000000
0.000000
0.000000
0.000000
0.000000
0.000000
0.000000
0.000000
0.000000
0.000000
0.000000
0.000000
0.000000
0.000000
0.000000
0.000000
0.000000
0.000000
0.000000
0.000000
0.000000
0.000000
0.000000
0.000000
0.000000
0.000000
0.000000
0.000000
0.000000
0.000000
0.000000
0.000000
0.000000
0.000000
0.000000
0.000000
0.000000
0.000000
0.000000
0.000000
0.000000
0.000000
0.000000
0.000000
0.000000
0.000000
0.000000
0.000000
0.000000
0.000000
0.000000
0.000000
0.000000
0.000000
0.000000
0.000000
0.000000
0.000000
0.000000
0.000000
0.000000
0.000000
0.000000
0.000000
0.000000
0.000000
0.000000
0.000000
0.000000
0.000000
0.000000
0.000000
0.000000
0.000000
0.000000
0.000000
0.000000
0.000000
0.000000
0.000000
0.000000
0.000000
0.000000
0.000000
0.000000
0.000000
0.000000
0.000000
0.000000
0.000000
0.000000
0.000000
0.000000
0.000000
0.000000
0.000000
0.000000
0.000000
0.000000
0.000000
0.000000
0.000000
0.000000
0.000000
0.000000
0.000000
0.000000
0.000000
0.000000
0.000000
0.000000
0.000000
0.000000
0.000000
0.000000
0.000000
0.000000
0.000000
0.000000
0.000000
0.000000
0.000000
0.000000
0.000000
0.000000
0.000000
0.000000
0.000000
0.000000
0.000000
0.000000
0.000000
0.000000
0.000000
0.000000
0.000000
0.000000
0.000000
0.000000
0.000000
0.000000
0.000000
0.000000
0.000000
0.000000
0.000000
0.000000
0.000000
0.000000
0.000000
0.000000
0.000000
0.000000
0.000000
0.000000
0.000000
0.000000
0.000000
0.000000
0.000000
0.000000
0.000000
0.000000
0.000000
0.000000
0.000000
0.000000
0.000000
0.000000
0.000000
0.000000
0.000000
0.000000
0.000000
0.000000
0.000000
0.000000
0.000000
0.000000
0.000000
0.000000
0.000000
0.000000
0.000000
0.000000
0.000000
0.000000
0.000000
0.000000
0.000000
0.000000
0.000000
0.000000
0.000000
0.000000
0.000000
0.000000
0.000000
0.000000
0.000000
0.000000
0.000000
0.000000
0.000000
0.000000
0.000000
0.000000
0.000000
0.000000
0.000000
0.000000
0.000000
0.000000
0.000000
0.000000
0.000000
0.000000
0.000000
0.000000
0.000000
0.000000
0.000000
0.000000
0.000000
0.000000
0.000000
0.000000
0.000000
0.000000
0.000000
0.000000
0.000000
0.000000
0.000000
0.000000
0.000000
0.000000
0.000000
0.000000
0.000000
0.000000
0.000000
0.000000
0.000000
0.000000
0.000000
0.000000
0.000000
0.000000
0.000000
0.000000
0.000000
0.000000
0.000000
0.000000
0.000000
0.000000
0.000000
0.000000
0.000000
0.000000
0.000000
0.000000
0.000000
0.000000
0.000000
0.000000
0.000000
0.000000
0.000000
0.000000
0.000000
0.000000
0.000000
0.000000
0.000000
0.000000
0.000000
0.000000
0.000000
0.000000
0.000000
0.000000
0.000000
0.000000
0.000000
0.000000
0.000000
0.000000
0.000000
0.000000
0.000000
0.000000
0.000000
0.000000
0.000000
0.000000
0.000000
0.000000
0.000000
0.000000
0.000000
0.000000
0.000000
0.000000
0.000000
0.000000
0.000000
0.000000
0.000000
0.000000
0.000000
0.000000
0.000000
0.000000
0.000000
0.000000
0.000000
0.000000
0.000000
0.000000
0.000000
0.000000
0.000000
0.000000
0.000000
0.000000
0.000000
0.000000
0.000000
0.000000
0.000000
0.000000
0.000000
0.000000
0.000000
0.000000
0.000000
0.000000
0.000000
0.000000
0.000000
0.000000
0.000000
0.000000
0.000000
0.000000
0.000000
0.000000
0.000000
0.000000
0.000000
0.000000
0.000000
0.000000
0.000000
0.000000
0.000000
0.000000
0.000000
0.000000
0.000000
0.000000
0.000000
0.000000
0.000000
0.000000
0.000000
0.000000
0.000000
0.000000
0.000000
0.000000
0.000000
0.000000
0.000000
0.000000
0.000000
0.000000
0.000000
