0.348847
0.181338
0.130702
0.198650
0.181071
0.252858
-0.012900
0.038135
0.065108
0.239312
0.240181
0.155786
0.046319
0.165399
-0.087089
0.302260
0.158683
0.154112
0.233093
0.424056
0.147747
0.232168
0.194584
0.143224
0.287245
0.191334
0.269680
0.198622
0.120698
0.134114
0.085693
0.113148
0.120773
0.195346
0.218962
0.116865
0.295062
0.106714
0.150533
0.143659
0.226260
0.219890
0.191540
0.177778
0.116920
0.079929
0.171742
0.141090
0.273463
0.246430
0.106647
0.143732
0.320744
0.194737
0.078865
0.207465
0.122478
0.126396
0.171070
0.064893
0.051197
0.071566
0.174765
0.222839
0.206971
0.260595
0.107169
0.335554
0.240696
0.178829
0.276018
0.191381
0.299976
0.385692
0.185039
0.225611
0.101995
0.259133
0.259673
0.382395
0.217803
0.104453
0.223533
0.353098
0.212417
0.300612
0.361233
0.163212
0.189986
0.141851
0.172596
0.083814
-0.035787
0.400109
-0.118589
0.174462
0.273318
0.204475
0.057586
0.101361
0.148887
0.083795
0.169248
0.210369
0.240609
0.068954
0.355491
0.154157
0.103148
0.178182
0.280898
0.165530
0.104606
0.087378
0.222515
0.237466
0.368216
0.206038
0.237068
0.235195
0.203665
0.170007
0.047093
0.211690
0.154013
0.180590
0.146274
0.229029
-0.058073
0.142410
0.282241
0.221164
0.197158
0.404792
0.244127
0.196430
0.257644
0.247041
0.373447
0.312019
0.348950
0.144084
0.307672
0.242580
0.211336
0.196367
0.213446
0.302957
0.193446
0.223665
0.237432
0.053252
0.229825
0.168287
0.325689
0.343601
0.008702
0.236385
0.168047
0.124014
0.219623
0.164512
0.243362
0.028077
0.245955
0.249083
0.283931
0.187822
0.282926
0.085519
0.006937
0.217840
0.165888
0.186586
0.337210
0.026374
0.110291
0.127436
0.244169
0.325410
0.168167
0.205690
0.274910
0.176455
0.080324
0.274446
0.084124
0.159157
0.097532
0.100221
0.141452
0.178734
0.359694
0.223224
0.135012
0.178349
0.130323
0.158480
0.063293
0.236422
0.113399
0.267773
0.135142
0.094092
0.138152
0.121538
0.200235
0.196826
0.207347
0.225742
0.195221
0.150113
0.221768
0.301167
0.148311
0.380052
0.297961
0.134773
0.032303
0.256915
0.178377
0.244307
0.144228
0.106491
0.185209
0.083617
0.209365
0.273321
0.089667
0.335579
0.273997
0.178020
0.209972
0.158612
0.001259
0.113364
0.195373
0.278391
0.062689
0.266836
0.198849
0.247208
0.468815
-0.006012
0.151214
0.215499
0.150671
0.236518
0.192441
0.236041
0.276745
0.264364
0.169704
0.240767
0.226456
0.155442
0.169143
0.196379
0.145480
0.323479
0.396626
0.230433
0.131999
0.159081
0.173418
0.194402
0.244868
0.203708
0.343407
0.323372
0.203595
0.227342
0.302441
0.292518
0.220802
0.121162
0.149143
0.193423
0.229827
0.187571
-0.009858
0.362074
0.276253
0.213794
0.164957
0.428373
0.390394
0.177566
0.047150
0.126351
0.180589
0.159698
0.196849
0.196994
0.446920
0.231503
0.165995
0.183601
0.204409
0.326363
0.227096
0.315312
0.237235
0.155165
0.287823
0.124153
0.159548
0.132142
0.197239
0.283503
0.222843
0.158168
0.236908
0.175568
0.334307
0.124397
0.124520
0.283896
0.202638
0.217194
0.298633
0.062049
0.276614
0.117200
0.252819
0.197335
0.159883
0.293468
0.289905
0.242362
0.207235
0.252721
0.223889
0.150747
0.133387
0.251611
0.209969
0.296387
0.247396
0.401880
0.196203
0.215980
0.242317
0.140987
0.305145
0.331108
0.208348
0.089887
0.174726
0.363210
0.440897
0.350865
0.214483
0.144676
0.227013
0.291539
0.275935
0.351911
0.369648
0.199617
0.174382
0.133859
0.281214
0.199539
0.207756
0.238699
0.232285
0.059226
0.178723
0.187796
0.247013
0.162399
0.327785
0.199190
0.302498
0.361738
0.186420
0.218854
0.316525
0.220745
0.219793
0.164419
0.245617
0.343682
0.236540
0.289462
0.113289
0.201900
0.186734
0.262206
0.264325
0.284585
0.288438
0.247651
0.357014
0.295410
0.332100
0.395617
0.200557
0.319900
0.439660
0.445356
0.239591
0.540027
0.119235
0.539887
0.320237
0.495011
0.302013
0.435856
0.271988
0.373761
0.347430
0.255840
0.234773
0.174069
0.133567
0.202085
0.225197
0.247738
0.266725
0.245505
0.148936
0.285345
0.088464
0.163826
0.214642
0.180107
0.210984
0.348226
-0.005977
0.242721
0.096665
0.316122
0.461657
0.241020
0.159849
0.249908
0.194973
0.319054
0.156218
0.328140
0.324074
0.152090
0.242390
0.227312
0.452341
0.212708
0.177119
0.220105
0.250368
0.175252
0.269171
-0.057898
0.423483
0.373625
0.141669
0.270884
0.374170
0.359816
0.341316
0.155447
0.391202
0.486526
0.362823
0.299596
0.176638
0.555788
0.367286
0.397703
0.389227
0.297791
-0.012212
0.484424
0.237640
0.509348
0.327581
0.455962
0.152825
0.309480
0.267114
0.237449
0.111113
0.085462
0.049786
0.217936
0.216084
0.256174
0.100642
0.234550
0.209908
0.216370
0.120262
0.251143
0.009338
0.142588
0.054552
0.050529
0.210804
0.351776
0.264201
0.127818
0.390905
0.389581
0.224748
0.089638
0.265553
0.236721
0.412899
0.192877
0.170625
0.374377
0.281624
0.184902
0.101691
-0.018459
0.332547
0.155057
0.248604
0.188316
0.155799
0.168206
0.268071
0.206927
0.206217
0.215443
0.325508
0.253617
0.241390
0.403464
0.360813
0.397437
0.386307
0.325713
0.368150
0.257586
0.327596
0.111763
0.490846
0.247418
0.465428
0.360019
0.348341
0.231196
0.191747
0.191409
0.292348
0.263078
0.230824
0.206708
0.183316
0.075691
0.258428
0.181974
0.194030
-0.080218
0.259600
0.262970
0.276254
0.120042
0.134621
0.210751
0.060461
0.364612
0.168148
0.146138
0.263967
0.196573
0.158133
0.177932
0.122317
0.175502
0.280368
0.187001
0.240757
0.327701
0.368054
0.227438
0.103274
0.064220
0.302126
0.117616
0.185499
0.200801
0.200683
0.109598
0.129748
0.324221
0.280802
0.308520
0.251939
0.255155
0.486480
0.341477
0.380778
0.393755
0.390128
0.411375
0.436680
0.410481
0.449211
0.151931
0.163043
0.292784
0.272266
0.466300
0.468134
0.457728
0.210352
0.332284
0.270592
0.287276
0.109128
0.231696
0.083490
0.176467
0.024400
0.159142
0.119869
0.093845
0.160915
0.156936
0.197553
0.349865
0.233071
0.048781
0.268085
0.298589
0.360680
-0.027677
0.078680
0.185148
0.258163
0.195484
0.187688
0.124417
0.422668
0.097025
0.187654
0.247113
0.119658
0.306454
0.230965
0.107239
0.133290
0.180531
0.122042
0.162549
0.196124
0.225487
0.223877
0.151349
0.182314
0.202662
0.258611
0.298262
0.246683
0.408998
0.422349
0.409508
0.371332
0.403722
0.337052
0.344370
0.362787
0.346568
0.293673
0.039496
0.615762
0.130754
0.577311
0.165900
0.535024
0.176632
0.488460
0.108790
0.328510
0.338066
0.113195
0.256667
0.165670
0.174655
0.207155
0.239699
0.200623
0.243015
0.094240
0.038251
0.181087
0.175178
0.222199
0.317699
0.325017
0.113768
0.277465
0.297878
0.179834
0.265726
0.231870
0.236424
0.221478
0.428410
0.234710
0.114187
0.222299
0.183662
0.075949
0.218062
0.200132
0.186172
0.334361
0.196772
0.257898
0.226456
0.221665
0.226417
-0.029756
0.160549
0.246308
0.251521
0.327102
0.253303
0.349153
0.119698
0.347579
0.407104
0.523573
0.336586
0.364567
0.359382
0.169082
0.248525
0.289492
-0.027333
0.488409
0.040519
0.298144
0.639959
0.585638
0.482181
0.467345
0.401968
0.305048
0.309733
0.274518
0.206399
0.345133
0.180542
0.227278
0.218715
0.251500
0.257326
0.167381
0.239826
0.140866
0.181219
0.200579
0.192279
0.091805
0.070344
0.207718
0.065062
0.306609
0.328865
0.214199
0.381976
0.151117
0.278247
0.174636
0.047357
0.106772
0.183846
0.154772
0.241541
0.158243
0.173941
0.230986
0.114039
0.133268
0.419256
0.336770
0.185647
0.221503
0.216712
0.144338
0.177145
0.088802
0.130625
0.262779
0.257440
0.386632
0.117013
0.389840
0.370090
0.411101
0.303323
0.504310
0.447357
0.417429
0.218311
0.312494
0.175673
0.386225
0.445223
0.366641
0.398198
0.321591
0.250116
0.241135
0.281686
0.259873
0.349713
0.262203
0.250700
0.142044
0.210672
0.262914
0.213638
0.262700
0.237246
0.181565
0.150298
-0.034826
0.251842
0.147135
0.072523
0.056085
0.251128
0.221353
0.093218
0.418932
0.166707
0.171766
0.279791
0.434428
0.016217
0.294243
0.231893
0.271478
0.317819
0.030345
0.190006
0.161941
0.263166
0.197306
0.285655
0.183053
0.188178
0.221884
0.121827
0.183173
0.071534
0.038205
0.177334
0.304925
0.316937
0.115779
0.336860
0.368483
0.479337
0.203422
0.302936
0.345483
0.468928
0.336429
0.267806
0.146603
0.225365
0.236478
0.468724
0.473519
0.465176
0.400852
0.352826
0.172682
0.264452
0.264817
0.110579
0.222749
0.214120
0.078812
0.073407
0.096036
0.042833
0.283086
0.329427
0.127326
0.277445
0.215402
0.144015
0.189040
0.094248
0.100996
0.105023
0.170909
0.277420
0.224459
0.280913
0.225714
0.227943
0.195733
0.078720
0.316252
0.171183
0.122236
0.363980
0.175084
0.116047
0.122136
0.059677
0.181543
0.112788
0.152878
0.161578
0.173414
0.025121
0.187612
0.286599
0.146641
0.238257
0.185976
0.329054
0.305662
0.284508
0.281823
0.189971
0.260441
0.465707
0.310262
0.210008
0.274819
0.289047
0.316809
0.174043
0.216217
0.214805
0.213173
0.190110
0.384999
0.123145
0.178853
0.291835
0.207418
0.131096
0.123212
0.279034
0.154782
0.211982
0.263237
0.210824
0.262277
0.302410
0.234840
0.046097
0.337548
0.119433
0.303443
0.150016
0.193528
0.210871
0.166223
0.165754
0.262745
0.066895
0.196131
0.028556
0.187230
0.110425
0.301125
0.409522
0.111145
0.068209
0.081318
-0.037889
0.175997
0.307185
0.160054
0.330486
0.234991
0.124164
0.185202
0.284562
0.182399
0.021252
0.034054
0.112575
0.341728
0.217980
0.138960
0.278527
0.262046
0.197020
0.209646
0.287641
0.117697
0.110713
0.205356
0.181372
0.103558
0.185808
