0.194033
0.268584
0.267829
0.098412
0.167084
0.128447
0.272599
0.253441
0.230246
0.058723
0.410343
0.369007
0.076114
0.174312
0.276874
-0.053946
0.133245
0.252368
0.156216
0.187224
0.078679
0.286400
0.159648
0.388735
0.245860
0.276364
0.159197
0.265028
0.258812
0.190627
0.237517
0.135223
0.214402
0.320496
0.064279
0.238571
0.282741
0.146600
0.191165
0.160293
0.174477
0.225973
0.112733
0.255064
-0.028089
0.139337
0.200331
0.097247
0.090549
0.118179
0.067675
0.268465
0.224190
0.019478
0.163061
0.162723
0.207003
0.172862
0.231071
0.192785
0.189223
0.259101
0.147396
0.219139
0.169776
0.194050
0.310344
0.075953
0.278323
0.235079
0.269861
0.253203
0.256200
0.123196
0.232426
0.304147
0.231905
0.316524
0.227808
0.084845
0.388228
0.247217
0.087057
0.181920
-0.026214
0.272519
0.232061
0.245784
0.252861
0.146596
0.218098
0.152853
0.153042
0.084067
0.033190
-0.042430
0.159040
0.244076
0.063230
0.089764
0.199521
0.332508
0.062582
0.103417
0.246758
0.191845
0.072090
0.106564
0.215532
0.155069
0.068963
0.195654
0.274724
0.208338
0.138881
0.189281
0.305466
0.222606
0.359191
0.258081
0.135913
0.190919
0.242240
0.259166
0.266681
0.208258
0.289433
0.050962
0.136283
0.129256
0.077303
0.186578
0.213792
0.165525
0.192497
0.239782
0.270439
0.146890
0.153593
0.081833
0.283325
0.296676
0.146364
0.037467
0.183769
0.114466
-0.009040
0.178391
0.192641
0.287175
0.116617
0.168223
0.059590
0.188343
0.157296
0.304760
0.106585
0.191270
0.184484
0.222533
0.133225
0.133568
0.054328
0.324215
0.115906
0.326655
0.251999
0.037614
0.275760
0.370821
0.278420
0.039159
0.223366
0.191792
0.154493
0.171594
0.129689
0.122990
0.222284
0.550498
0.174688
0.372825
0.239886
0.110282
-0.091644
0.275989
0.140155
0.123672
0.181091
0.239366
0.158042
0.216119
0.270730
0.107784
0.148773
0.162562
0.247115
0.189701
0.194146
0.201201
0.156356
0.261858
0.255860
0.225361
0.061494
0.273076
0.239199
0.255642
0.193885
0.222130
0.277202
0.247010
0.274333
0.090548
0.431397
0.100270
0.062203
0.120390
0.117069
0.058054
0.229143
0.202329
0.209319
0.194635
0.307705
0.274091
0.110267
0.242311
0.033782
0.222135
0.439947
0.224816
0.248191
0.190294
0.357106
0.145222
0.247499
0.276051
0.116548
0.194477
0.232088
0.181276
0.211868
0.238621
0.115795
0.211974
0.170420
0.191096
0.331410
0.177962
0.190961
0.368127
0.374589
0.042695
0.145389
0.017561
0.219975
0.068435
0.310947
0.209245
0.248369
0.075267
0.150410
0.214410
0.276676
-0.022710
0.106746
0.231771
0.259225
0.253119
0.321220
0.115390
0.108033
0.361556
0.187269
0.179803
0.104489
0.083751
0.244290
0.213220
0.120051
0.253740
0.124619
0.192413
0.338189
0.226177
0.107168
0.225699
0.259275
0.146253
0.218896
0.143429
0.033632
0.285796
0.218204
0.231817
0.156131
0.326233
0.394378
0.264862
0.141466
0.202175
0.250183
0.185794
0.103987
0.243182
0.253593
0.172993
0.289266
0.284541
0.282032
0.371630
0.129694
0.174631
0.182125
0.196177
0.210229
0.407970
0.097200
0.206453
0.186680
0.175660
0.181662
0.205739
0.257542
0.182009
0.265778
0.195948
0.150796
0.172109
0.223495
0.210237
0.231704
0.179072
0.344238
-0.057850
0.151122
0.401399
0.298907
0.285452
0.233720
0.304168
0.116018
0.329597
0.091170
0.397449
0.311431
0.291417
0.308189
0.231647
0.185815
0.371228
0.269219
0.222839
0.213617
0.189721
0.168917
0.161648
0.186822
0.163451
0.279307
0.116909
0.048746
0.145781
0.181023
0.234384
0.165300
0.181217
0.288408
0.331042
0.134973
0.181424
0.364468
0.080020
0.173809
0.077525
0.284786
0.099136
0.015575
0.148035
0.167352
0.167914
0.255823
0.140214
0.147773
0.261830
0.091798
0.245230
0.257856
0.205093
0.382083
0.314271
0.395162
0.304669
0.319401
0.356552
0.317037
0.298099
0.328975
-0.088556
0.555794
0.041922
0.691767
0.422642
0.535866
0.394175
0.396821
0.419165
0.331743
0.148813
0.331594
0.254657
0.283669
0.209343
0.337482
0.151986
0.276944
0.088004
0.177866
0.121527
0.169755
0.175866
0.129968
0.261924
0.306357
0.234246
0.366400
0.249408
0.161175
0.178166
0.305823
0.048137
0.305126
0.207548
0.278172
0.204504
0.237420
0.327721
0.101205
0.126905
0.026804
0.145270
0.116416
0.087475
-0.005519
0.317431
0.159573
0.189156
0.202199
-0.039606
0.230391
0.387157
0.057543
0.254320
0.262142
0.261344
0.323874
0.362933
0.344170
0.603177
0.442381
0.370884
0.415427
0.453455
0.382792
0.431503
0.027747
0.045243
0.525822
0.396569
0.435913
0.528912
0.041450
0.373108
0.301962
0.272538
0.322433
0.297352
0.260185
0.273162
0.190412
0.261278
0.271206
0.140680
0.159163
0.201841
0.265775
0.136127
0.145331
0.287707
0.133886
0.280846
0.304199
-0.067706
0.280381
0.256726
0.100097
0.339867
0.204252
0.226925
0.160891
0.018629
0.235301
0.100586
-0.016932
0.314595
0.235508
0.228107
0.101223
0.496319
0.089558
0.167246
0.101474
0.168238
0.167286
0.142315
0.140770
0.190951
0.176925
0.220086
0.201279
0.261856
0.310172
0.298187
0.412968
0.364219
0.382505
0.484190
0.319357
0.219739
0.332765
0.198445
0.461225
0.156596
0.525306
-0.018993
0.563038
0.286443
0.444459
0.334268
0.454072
0.292179
0.320862
0.300892
0.314856
0.221183
0.164865
0.226035
0.192640
0.199234
0.136863
0.207202
0.201512
0.263493
0.215687
0.169350
0.197266
0.225883
0.150526
0.072141
0.232833
-0.071028
0.168237
0.251124
0.317470
0.211184
0.062956
0.235011
0.250774
0.115576
0.032212
0.286679
0.238105
0.176282
0.168639
0.244967
0.155242
0.209502
0.007554
0.183820
0.121273
0.225283
0.009713
0.252488
0.017352
0.249159
0.094921
0.334296
0.273811
0.260861
0.319815
0.450039
0.338027
0.356642
0.262311
0.260635
0.432361
0.346694
0.247799
0.110123
0.190750
0.293027
0.555391
0.603838
0.453396
0.408989
0.262539
0.310591
0.185418
0.366313
0.291196
0.201252
0.237174
0.225122
0.172117
0.353977
0.147181
0.173144
0.338859
0.023811
0.264787
0.233455
0.249569
0.194568
0.167469
0.171650
0.182258
0.229981
0.194130
0.171747
0.210762
0.160389
0.233470
0.201480
0.295553
0.385766
0.195904
0.086349
0.372425
0.077975
0.250906
0.332477
0.209541
0.240418
0.037658
0.295744
0.218040
0.210836
0.131465
0.209744
0.225880
0.228614
0.220687
0.305591
0.275443
0.269556
0.317192
0.354606
0.332179
0.307296
0.380135
0.337177
0.318984
0.399129
0.267134
0.070823
0.407177
0.260944
0.479020
0.237500
0.403567
0.249351
0.141989
0.153168
0.299864
0.282592
0.253870
0.153177
0.003567
0.290871
0.245785
0.188174
0.100028
0.174227
0.273214
0.221350
0.128159
0.176694
0.194146
0.235859
0.257896
0.363573
0.193563
0.188575
0.173782
0.226836
0.173699
0.210455
0.406748
0.156630
0.230588
0.243236
0.132168
0.155455
0.185410
0.187837
0.142202
0.220372
0.475409
0.149810
0.278498
0.234157
0.179792
0.204308
0.090387
0.374286
0.424977
0.319875
0.143592
0.203270
0.463769
0.440575
0.501570
0.417482
0.482557
0.377784
0.319777
0.484089
0.404015
0.378606
0.096878
0.144031
0.006200
0.280190
0.057162
0.586262
0.560963
0.595591
0.474235
0.296131
0.398605
0.093823
0.312359
0.093433
0.279636
0.245145
0.281944
0.136502
0.283112
0.262988
0.160386
0.145900
0.206017
0.314108
0.234736
0.198840
0.208527
0.116411
0.209059
0.201197
0.224396
0.226143
0.337743
0.212877
0.224647
0.284216
0.275784
0.234032
0.059021
0.209842
0.335130
0.175956
0.089763
0.278664
0.103872
0.311550
0.034166
0.046617
0.325059
0.150179
0.224116
0.193441
0.288480
0.142533
0.247926
0.296351
0.152182
0.266195
0.211610
0.376690
0.357531
0.253175
0.391032
0.234974
0.272827
0.435822
0.391679
0.333563
0.401109
-0.015932
0.720965
-0.105995
0.696248
0.591870
0.364411
0.395771
0.091340
0.283136
0.339042
0.314816
0.058446
0.302120
0.186642
0.279926
0.173332
0.294540
0.205122
0.111141
0.250094
0.146001
0.227176
0.026018
0.192325
0.208790
0.136438
0.246020
0.143857
0.054220
0.208090
0.178446
0.141366
0.195538
0.054023
0.127587
0.115228
0.174073
0.080553
0.185112
0.119691
0.150985
0.200880
0.425185
0.212774
0.268876
0.171474
0.314376
0.205237
0.185706
-0.069128
0.306269
0.196890
0.149873
0.267045
0.335761
0.295851
0.227228
0.227878
0.373742
0.423659
0.331543
0.380056
0.346157
0.438914
0.405257
0.388007
0.393460
0.424908
0.075486
0.473303
0.463796
0.408707
0.309089
0.263082
0.186430
0.255541
0.370146
0.192415
0.212302
0.258555
0.219216
0.155660
0.164491
0.166303
0.094105
0.225929
0.132892
0.204327
0.228645
0.225346
0.348156
0.170446
0.206478
0.148208
0.179897
0.146809
0.158141
0.237693
0.199166
0.207997
0.114828
0.352361
0.032706
0.212614
0.300391
0.152844
0.213246
0.266475
0.221411
0.279444
0.165568
0.093325
0.171627
0.160278
0.019618
0.154294
0.200065
0.199157
0.269189
0.323581
0.244758
0.364803
0.083163
0.250107
0.312966
0.180883
0.298340
0.312897
0.135429
0.305553
0.170838
0.194213
0.084088
0.329692
0.116097
0.225327
0.212640
0.372433
0.144250
0.248348
0.177969
0.159096
0.154196
0.326360
0.144922
0.175470
0.045164
0.140158
0.224953
0.207769
0.300724
0.194810
0.194450
0.248557
0.163263
0.118572
0.270862
0.225973
0.315221
0.085502
0.073188
0.208566
0.112413
0.159128
0.215516
0.282850
0.143133
0.012586
0.198372
0.149557
0.258744
0.357182
0.024937
0.023919
0.064470
0.118730
0.349309
0.351757
0.389083
0.194812
0.208053
0.224167
0.155785
0.071171
0.299249
0.254009
0.363218
0.196784
0.118093
0.140985
0.055800
0.154612
0.168423
0.184581
0.214909
0.433687
0.382261
0.142650
0.241132
0.201245
0.150038
