0.603631
0.324693
0.498724
0.173196
0.474423
-0.020235
0.703437
0.651191
0.393560
0.198731
0.105191
0.897097
0.874890
0.900000
0.275980
0.419915
0.743001
0.139111
0.334426
0.900000
0.900000
0.409455
-0.218623
-0.472885
-0.336030
0.900000
0.717816
0.900000
0.652621
0.855627
0.900000
0.534866
0.709120
0.900000
0.160777
0.750693
0.407526
0.900000
0.851689
0.407929
0.900000
-0.294390
-0.687237
-0.039524
0.114793
0.056311
-0.409844
-0.382996
-0.208148
-0.205495
-0.135017
-0.134469
-0.114640
-0.086892
-0.072547
-0.065835
-0.074873
-0.068556
-0.068052
-0.059212
-0.055702
-0.050877
-0.048179
-0.037563
-0.049759
-0.030258
-0.023217
-0.011767
-0.006152
-0.002840
0.005101
0.017429
0.027124
0.034253
0.042194
0.057812
0.070732
0.060181
0.076808
0.073562
0.073606
0.070162
0.073540
0.073518
0.073518
0.073540
0.073540
0.073518
0.073518
0.073518
0.073518
0.073518
0.073518
0.073518
0.073518
0.073518
0.073518
0.073518
0.073518
0.073518
0.073518
0.073496
0.073518
0.073496
0.073518
0.073496
0.070096
0.073496
0.073496
0.073496
0.073496
0.073496
0.073496
0.073496
0.073496
0.073496
0.073496
0.073496
0.073496
0.073496
0.073496
0.073496
0.073496
0.073496
0.073496
0.073496
0.073496
0.073496
0.073496
0.073496
0.073496
0.073496
0.073496
0.073496
0.073496
0.073496
0.073496
0.073496
0.073496
0.073496
0.073496
0.073496
0.073496
0.073496
0.073496
0.073496
0.073496
0.073496
0.073496
0.073496
0.073496
0.073496
0.073496
0.073496
0.073496
0.073496
0.073496
0.073496
0.073496
0.073496
0.073496
0.073496
0.073496
0.073496
0.073496
0.073496
0.073496
0.073496
0.073496
0.073496
0.073496
0.073496
0.073496
0.073496
0.073496
0.073496
0.073496
0.073496
0.073496
0.073518
0.073518
0.073518
0.073518
0.073518
0.073518
0.073518
0.073518
0.073518
0.073518
0.073518
0.073518
0.073518
0.073518
0.073518
0.073518
0.073518
0.073518
0.073518
0.073518
0.073518
0.073518
0.073518
0.073518
0.073518
0.073518
0.073518
0.073518
0.073518
0.073518
0.073518
0.073518
0.073518
0.073518
0.073518
0.073518
0.073518
0.073518
0.073518
0.073518
0.073518
0.073518
0.073518
0.073518
0.073518
0.073518
0.073518
0.073518
0.073518
0.073518
0.073518
0.073518
0.073518
0.073518
0.073518
0.073518
0.073518
0.073518
0.073518
0.073518
0.073518
0.073518
0.073518
0.073518
0.073518
0.073518
0.073518
0.073518
0.073518
0.073518
0.073518
0.073518
0.073518
0.073518
0.073518
0.073518
0.073518
0.073518
0.073518
0.073518
0.073518
0.073518
0.073518
0.073518
0.073518
0.073518
0.073518
0.073518
0.073518
0.073518
0.073518
0.073496
0.073518
0.073518
0.073518
0.073518
0.073518
0.073518
0.073518
0.073518
0.073518
0.073518
0.073518
0.073518
0.073518
0.073518
0.073496
0.073496
0.073496
0.073496
0.073496
0.073496
0.073496
0.073496
0.073496
0.073496
0.073496
0.073496
0.073496
0.073496
0.073496
0.073496
0.073496
0.073496
0.073496
0.073496
0.073496
0.073496
0.073496
0.073496
0.073496
0.073496
0.073496
0.073496
0.073496
0.073496
0.073496
0.073496
0.073496
0.073496
0.073496
0.073496
0.073496
0.073496
0.073496
0.073496
0.073496
0.073496
0.073496
0.073496
0.073496
0.073496
0.073496
0.073496
0.073496
0.073496
0.073496
0.073496
0.073496
0.073496
0.073496
0.073496
0.073496
0.073496
0.073496
0.073496
0.073496
0.073496
0.073496
0.073496
0.073496
0.073496
0.073496
0.073496
0.073496
0.073496
0.073496
0.070052
0.073408
0.073386
0.073386
0.073364
0.073342
0.073320
0.073342
0.073386
0.073452
0.073496
0.073496
0.073496
0.073496
0.073518
0.073518
0.073540
0.073562
0.073584
0.073628
0.073649
0.073693
0.080976
0.074483
0.074505
0.074505
0.074505
0.074505
0.074527
0.074571
0.078037
0.078102
0.074746
0.078190
0.074812
0.074812
0.074812
0.074812
0.074812
0.074812
0.074812
0.074812
0.074790
0.074768
0.074724
0.081437
0.070666
0.080120
0.069350
0.065555
0.072202
0.068714
0.071960
0.068407
0.058009
0.053820
0.049125
0.051231
0.057110
0.063537
0.063405
0.063142
0.073474
0.066959
0.049696
0.037763
0.021969
0.039956
0.063120
0.059720
0.059720
0.059720
0.059720
0.059720
0.059720
0.059720
0.059720
0.059720
0.059720
0.059720
0.059720
0.059720
0.059720
0.059720
0.059720
0.059720
0.059720
0.059720
0.059720
0.059720
0.059720
0.059720
0.059720
0.059720
0.059720
0.059720
0.059720
0.059720
0.059720
0.059720
0.059720
0.059720
0.059720
0.059720
0.059720
0.059720
0.059720
0.059720
0.059720
0.059720
0.059720
0.059720
0.059720
0.059720
0.059720
0.059720
0.059720
0.059720
0.059720
0.059720
0.059720
0.059720
0.059720
0.059720
0.059720
0.059720
0.059720
0.059720
0.059720
0.059720
0.059720
0.059720
0.059720
0.059720
0.059720
0.059720
0.059720
0.059720
0.059720
0.059720
0.059720
0.059720
0.059720
0.059720
0.059720
0.059720
0.059720
0.059720
0.059720
0.059720
0.059720
0.059720
0.059720
0.059720
0.059720
0.059720
0.059720
0.059720
0.059720
0.059720
0.059720
0.059720
0.059720
0.059720
0.059720
0.059720
0.059720
0.059720
0.059720
0.059720
0.059720
0.059720
0.059720
0.059720
0.059720
0.059720
0.059720
0.059720
0.059720
0.059720
0.059720
0.059720
0.059720
0.059720
0.059720
0.059720
0.059720
0.059720
0.059720
0.059720
0.059720
0.059720
0.059720
0.059720
0.059720
0.059720
0.059720
0.059720
0.059720
0.059720
0.059720
0.059720
0.059720
0.059720
0.059720
0.059720
0.059720
0.059720
0.088017
0.078804
0.069043
0.062550
0.059150
0.034384
0.001130
-0.016638
-0.053029
-0.080756
-0.094685
-0.101354
-0.097428
-0.089816
-0.040702
-0.031270
-0.069328
-0.118552
-0.099117
-0.082951
0.482944
0.703088
0.900000
0.270665
0.900000
0.531702
0.900000
-0.018012
0.501489
0.900000
0.796860
0.900000
0.267851
0.900000
0.522926
0.900000
0.900000
0.328799
0.820583
0.401419
0.303488
0.712492
0.087556
0.540687
0.380335
0.406151
0.254793
0.276748
0.275977
0.302403
0.451717
0.630170
0.805228
0.706488
0.798805
0.693976
0.900000
0.833849
0.900000
0.900000
0.900000
0.900000
0.900000
0.371997
0.900000
0.433388
0.715241
0.451907
0.784571
0.815753
0.447464
0.376359
0.497060
0.575417
0.724400
0.287027
0.748222
0.492484
0.522328
0.302039
0.601954
0.269815
0.135301
0.389848
0.222861
0.435340
0.542199
0.353300
0.658633
0.225942
0.184538
0.506717
0.344799
0.319891
0.231188
0.554667
0.515939
0.481314
0.583501
0.155875
0.331366
0.233230
0.366116
0.213951
0.213325
0.132259
0.364968
0.365286
-0.107149
0.309456
0.007511
0.126978
0.133965
-0.171763
0.098809
-0.079686
0.100461
0.078140
0.078432
0.295369
0.033845
0.096204
0.100850
0.018315
0.039026
0.136448
0.157107
0.128629
0.119726
0.059702
0.147447
-0.016305
0.157642
0.145093
0.442050
0.318533
0.177852
0.204735
0.199883
0.300393
0.183303
0.324127
0.123019
0.082700
0.345728
0.229971
0.512632
0.410479
0.215700
0.235816
0.011962
0.105347
0.237833
0.087770
0.234846
0.255573
0.335021
0.209775
0.384704
0.180463
0.193696
0.238040
0.331723
0.171853
0.217960
0.117733
0.286328
0.281917
0.420303
0.419222
0.086832
0.241565
0.171944
0.122238
0.247194
0.052272
0.163791
0.098728
0.316787
0.258823
0.414383
0.509996
0.278765
0.103266
0.221076
0.159053
0.269255
0.166134
0.641872
0.229655
0.380073
0.293018
0.249426
0.247134
0.232859
0.130383
0.101996
0.305162
0.169246
-0.144435
0.364491
0.157005
0.415407
0.187987
0.267308
0.216367
0.113055
0.215382
0.167604
0.257955
0.063537
0.283768
0.415463
0.423813
0.397004
0.210035
0.279301
0.148588
0.263200
0.213601
0.292962
0.102032
0.215404
0.351769
0.316673
0.257532
0.356409
0.219952
0.102025
0.265677
0.136561
0.264224
0.007860
0.280540
0.403076
0.442545
0.406972
0.294040
0.274166
0.169130
0.250144
0.119793
0.078311
0.170833
0.130798
0.200749
0.146960
0.320337
0.248079
0.123658
0.143288
0.091189
0.234097
0.172127
0.155278
0.164204
0.155998
0.306540
0.129276
0.165950
0.291222
0.080397
0.335791
0.345025
0.365312
0.553114
0.414142
0.900000
0.900000
0.900000
0.677325
0.654791
0.196902
0.202108
0.027794
0.455563
0.380214
0.900000
0.729217
0.387348
0.752660
0.359844
0.740625
0.283283
0.789319
0.900000
0.292852
0.435099
0.651645
0.554863
0.656248
0.364677
0.382859
0.292197
0.324962
0.280521
0.045285
0.265690
0.176457
0.434154
0.032290
0.448713
0.395823
0.634914
0.188632
-0.599499
-0.069763
-0.169265
0.815633
0.162396
0.714136
0.395572
0.102553
0.900000
0.133802
0.777703
0.810347
0.276592
0.900000
0.849874
0.409319
0.824049
0.856710
0.484675
0.634668
0.900000
0.660675
0.900000
0.457182
0.865363
0.591996
0.386472
0.623591
0.368366
0.696565
-0.066332
0.900000
0.522404
0.250045
-2.168505
-0.985825
0.121042
-0.137549
0.103441
0.199806
0.900000
0.900000
0.292809
0.900000
0.900000
0.900000
0.900000
0.507396
0.280203
0.417648
0.900000
0.900000
0.900000
0.900000
0.738787
0.900000
0.900000
0.900000
0.634330
0.900000
0.900000
0.688064
0.691471
0.721780
0.731703
0.900000
0.529892
0.715808
0.475278
0.494213
0.244870
0.206600
0.408819
0.211459
0.435710
0.113268
0.136557
0.034665
-0.154911
-0.121024
0.127456
-0.035408
0.055395
-0.142668
0.048794
0.041075
-0.087105
0.083556
-0.153254
-0.039498
0.231066
0.038666
0.068496
0.101397
0.242386
0.152763
0.225056
0.230639
0.080650
0.156724
0.273924
0.110392
0.210058
0.228829
0.156900
0.220571
0.357011
0.339112
0.656162
0.587103
0.185194
0.433499
0.302465
0.326459
0.238528
0.226193
0.156298
0.218469
0.159274
0.271329
0.131628
0.332008
0.262530
0.199801
0.219441
0.256593
0.269443
0.581433
0.470243
0.580946
0.622935
