0.102745
0.119890
0.225502
0.174449
0.236519
0.178161
0.232158
0.044381
0.266405
0.173916
0.257898
0.100809
0.275430
0.142141
0.321829
0.158158
0.271316
0.043067
0.266846
0.218974
0.270711
0.355747
-0.005848
0.259214
0.150492
0.253625
0.028162
0.068230
0.218349
0.328567
0.195694
0.256206
0.150490
0.175115
0.219416
0.143247
0.081951
0.075822
0.106743
0.259845
0.286927
0.332018
0.250672
0.175381
0.345220
0.051954
0.198761
0.171837
0.075926
0.139970
0.075668
0.040891
0.057576
0.215372
0.373805
0.327402
0.092419
0.167540
0.288288
0.297163
0.143715
0.194553
0.324645
0.243431
0.100226
0.120201
0.263410
0.246424
0.266552
0.156317
0.125445
0.190278
0.111367
0.239923
0.154739
0.110464
0.164944
0.318112
0.341947
0.318226
0.212510
0.286995
0.276194
-0.044667
0.054276
0.207664
0.108265
0.149341
0.330631
0.210898
0.401049
-0.001390
0.223770
0.029346
0.130944
0.137428
0.322162
0.247440
0.192220
0.076238
-0.015111
0.143102
0.258673
0.289265
0.168500
0.019965
0.177279
0.133641
0.240678
0.236327
0.162943
0.240960
0.054499
0.263098
0.266621
0.236166
0.172062
0.110326
0.017596
0.290444
0.096196
0.181013
0.163763
0.125850
0.273161
-0.038224
0.128281
0.200002
0.186481
0.165129
0.028001
0.403552
0.410432
0.184552
0.177589
0.303908
0.136465
0.102105
0.326783
0.142889
0.140028
0.214382
0.149312
0.170121
0.129531
0.081593
0.026526
0.200884
0.152859
0.234494
0.210247
0.214340
0.203320
0.056168
0.353036
0.220010
0.106923
0.299882
-0.044121
0.310438
0.023841
0.128224
0.022266
0.166090
0.063313
0.110882
0.155140
0.053350
0.019517
0.247639
0.295582
0.118619
0.173427
0.282197
0.273064
0.101826
0.197347
-0.031582
0.104630
0.272363
0.176606
0.227926
0.231449
0.214924
0.142089
0.073970
0.074620
0.334198
0.180223
0.210858
0.181807
0.157516
0.184620
0.129597
0.154858
0.390153
0.191473
0.085823
0.366459
0.082910
0.270320
0.178445
0.209541
0.192247
0.229968
0.025585
0.145740
0.178547
0.055041
0.223081
0.120831
0.239714
0.327886
-0.040048
0.102503
0.201007
0.272509
0.184758
0.341238
0.337391
0.217723
0.194748
0.099934
0.177907
0.290318
0.154550
0.182115
0.290710
0.219037
0.106367
0.031295
0.215743
0.334867
0.335144
0.115954
0.228169
0.204930
0.331644
0.195020
0.228705
0.153589
0.304234
0.139687
0.135949
0.340315
0.061087
0.039801
0.186520
0.095808
0.325597
0.489601
0.060510
0.258799
0.116341
0.010888
0.154273
0.065535
0.212912
0.104190
0.090845
0.247917
0.241964
0.197690
0.217577
0.128882
0.190798
0.167560
0.085249
0.101670
0.234306
0.292888
0.329929
0.145047
0.192529
0.230315
0.137980
0.164536
0.263040
0.307561
0.048054
0.139517
0.200182
0.244659
0.261870
0.179230
0.230068
0.332016
0.175826
0.256826
0.231679
0.330403
0.296921
0.255279
0.244741
0.248066
0.269643
0.228285
0.156372
0.251520
0.081532
-0.037675
0.214906
0.191382
0.103017
0.240786
0.240449
0.314912
0.233456
0.203220
0.342810
0.117676
0.294710
0.292070
0.124385
0.263448
0.150823
0.301687
0.212493
0.200639
0.236561
0.347525
0.104601
0.272554
0.186711
0.196815
0.177525
0.215180
0.241713
0.221853
0.154612
0.216155
0.108947
0.056622
0.161685
0.061606
0.223746
0.264932
0.377212
0.155456
0.358704
-0.111364
0.388782
0.370940
0.337546
0.270436
0.279334
0.230430
0.249791
0.210408
0.137135
0.216445
0.268512
0.185916
0.189702
0.148542
0.175931
0.017986
0.158695
0.162569
0.269365
0.259441
0.238769
0.133996
-0.062665
0.168177
0.197781
0.199045
0.289192
0.148291
0.243812
0.191597
0.306355
0.333745
0.248362
0.055803
0.181113
0.337900
0.190024
0.141252
0.177569
0.073256
0.191327
0.212246
0.279689
0.314756
0.349406
0.219144
0.362046
0.254640
0.429810
0.400803
0.333101
0.392560
0.400514
0.000400
0.265837
0.075996
0.649407
0.035376
0.478974
0.612113
0.249706
0.552277
0.391569
0.426657
0.306793
0.253129
0.160618
0.183137
0.197343
0.279308
0.275636
0.200169
0.232406
0.136560
0.264348
0.197392
0.181963
0.120052
0.074944
0.345094
0.152666
0.049209
0.018535
0.298578
-0.015636
0.257893
0.227700
0.300540
0.192740
0.196790
0.314531
0.026486
0.184458
0.172034
0.140197
-0.004433
0.270126
0.182617
0.017915
0.372123
0.377313
0.129235
0.186742
0.224660
0.318535
0.184610
0.292569
0.324871
0.236221
0.153691
0.280492
0.388341
0.293746
0.266494
0.343019
0.354549
0.397447
0.278920
0.397145
0.101883
0.558925
0.102019
0.657355
0.037512
0.616933
0.338583
0.508949
0.388624
0.432728
0.197306
0.338102
0.337611
0.317773
0.178473
0.232382
0.338301
0.292491
0.161197
0.249085
0.343970
0.028834
0.178009
0.296826
0.147370
0.201170
0.224895
0.228024
0.195397
0.202715
0.120908
0.183372
0.267640
0.102215
0.171831
0.131702
-0.039931
0.162680
0.266185
-0.008479
0.390455
0.058627
0.077549
0.226000
0.225794
0.293874
0.374655
0.090448
0.171404
0.195064
0.173032
0.203448
0.185869
0.254629
0.258569
0.226359
0.245500
0.205262
0.234208
0.288337
0.350165
0.333179
0.439975
0.402347
0.333724
0.267207
0.278013
0.154133
0.419222
0.144158
0.212808
0.487829
0.509537
0.240795
0.431385
0.324484
0.236075
0.308937
0.131710
0.247916
0.267935
0.153730
0.337717
0.182733
0.253116
0.142596
0.154433
0.128869
0.383467
0.133348
0.255390
0.128790
-0.014392
0.254684
0.156404
0.276339
0.317701
0.090045
0.241195
0.106150
0.155519
0.191243
0.285229
0.304107
0.142279
-0.040782
0.309214
0.131023
0.238959
0.199730
0.256162
0.180541
0.332919
0.157601
0.211532
0.170351
0.231521
0.053834
0.177191
0.321146
0.164144
0.165671
0.314979
0.374218
0.359776
0.182375
0.263287
0.399411
0.336974
0.413038
0.318180
0.336268
0.012841
0.454682
0.048470
0.373700
0.342587
0.547480
0.481994
0.367876
0.328230
0.181845
0.381516
0.207536
0.200157
0.220396
0.222449
0.213973
0.269988
-0.056247
0.225310
0.265422
0.120945
0.181720
0.129680
0.188174
0.178009
0.140468
0.011062
0.311922
0.141232
-0.025465
0.221061
0.191900
0.322847
0.204474
-0.049483
0.198161
0.241695
-0.005638
0.044213
0.333645
0.267611
0.341942
0.132931
0.183330
0.111855
0.137994
0.069327
0.205034
0.146480
0.002946
0.159756
0.155294
0.243269
0.155760
0.198833
0.329363
0.312640
0.317808
0.350418
0.340977
0.335902
0.354868
0.391075
0.344256
0.422361
0.280714
0.321637
0.373573
0.356520
0.375332
0.379185
0.132971
0.353942
0.485284
0.127461
0.239807
0.212467
0.167337
0.001428
0.150824
0.246784
0.249363
0.176726
0.145700
0.149135
0.090954
0.025401
0.192608
0.291573
0.278666
0.242595
0.075722
0.111315
-0.051784
0.204942
0.219827
0.188188
0.189978
0.253297
0.211216
0.124781
0.004346
0.186798
0.314345
0.224861
0.080911
0.298614
0.191713
0.265606
0.213895
0.277500
0.273192
0.217818
0.201489
0.243619
0.031515
0.268850
0.016187
0.063099
0.249455
0.378582
0.327068
0.317430
0.224898
0.363259
0.333151
0.273416
0.299708
0.338723
0.000709
0.900000
0.021640
0.207887
0.131258
-0.101137
0.869616
0.584818
0.438214
0.481243
0.540878
0.335903
0.315187
0.281968
0.229708
0.012976
0.212274
0.141282
0.180385
0.252610
0.133162
0.028454
0.159555
0.157375
0.306002
0.304831
0.167001
0.151966
0.282365
0.204024
0.118664
0.008736
0.226263
0.228711
0.200252
0.160036
0.229124
0.040359
0.151016
0.116042
0.304483
0.026659
0.242520
0.098876
0.195999
0.344736
0.262469
0.152453
0.212307
0.030693
0.125402
0.186682
0.215914
0.051739
0.242395
0.188074
0.244177
0.254982
0.275418
0.262117
0.344213
0.430587
0.305349
0.493943
0.320380
0.331580
0.397971
0.365103
0.316441
0.269688
0.624208
0.041694
0.489851
0.130582
0.605788
0.341016
0.528645
0.167269
0.400458
0.281493
0.303135
0.348314
0.276707
0.122052
0.217113
0.130217
0.231200
0.218491
0.056400
0.382333
0.264924
0.191190
0.235492
0.108213
0.278095
0.164526
0.359240
0.121318
0.127955
0.281891
0.164045
0.445383
0.121560
0.119424
0.127948
0.085845
0.124663
0.187390
0.373198
0.071948
0.220838
0.181060
0.255150
0.015539
0.252501
0.407884
0.157634
0.215909
0.010144
0.089433
0.354012
0.205784
0.273315
0.274842
0.284135
0.129634
0.276616
0.313240
0.485075
0.231513
0.342784
0.382063
0.211702
0.410693
0.517358
0.285139
0.328826
0.092199
0.203930
0.388620
0.434040
0.375025
0.368085
0.286081
0.332817
0.192464
0.151963
0.222828
0.151309
0.129167
0.053481
0.157557
0.115432
0.189763
0.267538
0.140259
0.102280
0.242177
0.144050
0.269974
0.225809
0.127573
0.172708
0.224467
0.250014
0.217058
0.225736
0.224279
0.167918
0.350853
0.213045
0.143807
0.275347
0.209444
0.219525
0.290566
0.056768
0.059765
0.201965
0.137707
0.422664
0.179960
0.151128
0.084282
0.180110
0.262645
0.263887
0.267849
0.191065
0.145650
0.291009
0.317060
0.171948
0.076892
0.350574
0.438396
0.311512
0.229640
0.344662
0.353230
0.245759
0.335709
0.111869
0.258259
0.270337
0.237074
0.285850
0.314818
0.183174
0.157084
0.179340
0.310397
0.109963
0.039980
0.250750
0.225911
0.371972
0.174213
0.296452
0.163382
0.168485
0.296207
0.260378
0.147423
-0.042834
0.219069
0.290988
0.232806
0.158326
0.083210
0.248728
0.155229
0.240002
0.191823
0.142459
0.100290
-0.016459
0.123108
0.117879
0.287565
0.130365
0.137025
0.269157
0.070214
0.329112
0.008756
0.196011
0.112735
0.296876
0.310600
0.368128
0.213824
0.141669
0.254564
0.124872
0.093408
0.082870
0.291008
-0.005416
0.064945
0.224584
0.265858
0.276291
0.159563
0.247670
0.272032
0.453146
0.129038
0.148860
0.193249
0.194622
0.207731
0.264997
0.323206
0.255196
0.013348
0.142957
0.118622
0.259155
