0.309372
0.224774
0.192317
0.304087
0.345004
0.136536
0.281077
0.332042
0.304849
0.183816
0.388944
0.274689
0.209811
0.363719
0.283443
0.357417
0.394233
0.321875
0.283539
0.449161
0.534345
0.195710
0.324392
0.304351
0.282006
0.377807
0.271163
0.345840
0.473974
0.213935
0.329850
0.210528
0.220232
0.298791
0.202457
0.363473
0.203131
0.336924
0.275271
0.236715
0.409401
0.318749
0.347053
0.282351
0.385083
0.239065
0.252520
0.316733
0.278726
0.353315
0.132782
0.219391
0.108690
0.334811
0.320999
0.301813
0.181570
0.167056
0.352091
0.259135
0.358906
0.243708
0.396804
0.244074
0.400461
0.149478
0.271063
0.300735
0.072585
0.225919
0.355036
0.212629
0.180853
0.344486
0.080585
0.129678
0.173490
0.073739
0.045912
0.031854
0.006447
0.072252
0.239308
0.012232
0.145559
0.190959
0.071518
0.135568
0.049227
0.102901
0.266188
0.203866
0.097367
0.234770
0.240142
0.225246
0.387874
0.235858
0.217671
0.264370
0.398439
0.243176
0.173133
0.194497
0.168523
0.180563
0.253497
0.178409
0.103957
0.027400
0.154515
0.167828
0.093551
0.155276
0.227092
0.234613
0.181241
0.261085
0.001826
0.155176
0.155810
0.166293
0.088134
0.187917
0.112939
0.287018
0.099751
0.287540
0.256938
0.243731
0.285450
0.149403
0.284590
0.022852
0.112084
0.095060
0.080668
0.210897
0.111658
0.250838
0.200186
0.357726
0.272219
0.176555
0.279541
0.320888
0.177229
0.174068
0.034775
0.296947
0.201942
0.226793
0.246752
0.185264
0.059483
0.145227
0.212480
0.035018
0.217279
-0.021711
0.181959
0.178666
0.298564
0.198952
0.212375
0.335739
0.032542
0.219497
0.359554
0.141227
-0.091271
0.269919
0.318350
0.120730
0.393476
0.168348
0.267671
0.177974
0.253233
0.257508
0.223242
0.085791
0.249956
0.035467
0.256379
0.259645
0.160976
0.109733
0.231780
0.181523
0.192160
0.181629
0.201654
0.291763
0.071041
0.324083
0.437823
0.171842
0.333794
0.195972
0.338366
0.250754
0.194496
0.112803
0.140726
-0.023257
0.337449
0.489950
0.221866
0.020971
0.751111
-0.014451
-0.189528
0.900000
0.238375
0.723189
0.442185
0.520017
0.556383
0.207062
0.356613
0.384689
-0.112006
0.398033
0.511987
-0.076672
0.104885
0.900000
0.178634
0.900000
0.420392
0.169242
0.900000
0.302726
0.397062
0.839365
0.192847
0.511575
0.359047
0.168453
-0.132976
0.441776
0.274047
0.485031
0.826018
0.675974
0.595051
0.566140
-0.488492
0.685128
0.357050
0.468365
0.308050
0.169891
0.514943
0.509854
0.527460
0.542060
0.750067
0.456429
0.491802
0.620117
0.283857
0.040011
0.800884
0.340578
0.739075
0.348108
0.724046
0.465993
0.569900
0.596857
0.439334
0.173961
0.420333
0.362600
0.186857
0.202209
0.322985
0.224051
0.160041
0.267002
0.126101
0.164984
0.205468
0.252599
0.504810
0.257221
0.395347
0.222865
0.369590
0.285158
0.265831
0.270479
0.351178
0.171786
0.291661
0.321774
0.330394
0.354995
0.436600
0.306371
0.370252
0.593830
0.561535
0.553470
0.628761
0.433828
0.469305
0.488463
0.357975
0.479419
0.339104
0.310793
0.553760
0.267398
0.306385
0.392841
0.136992
0.471232
0.169581
0.471818
0.234460
0.303587
0.339460
0.249619
0.224730
0.293966
0.321196
0.316378
0.353369
0.361493
0.360141
0.343741
0.226810
0.262572
0.499353
0.385910
0.274901
0.224040
0.294878
0.190516
0.343854
0.488769
0.345866
0.347650
0.260705
0.308971
0.280375
0.386463
0.380373
0.375730
0.294971
0.297677
0.263356
0.242590
0.358594
0.140260
0.185453
0.259688
0.104607
0.139992
0.248426
0.114878
0.173853
0.222588
0.216579
0.092874
0.014505
-0.035704
0.066913
0.072928
0.106844
0.076863
0.086169
0.112848
-0.068656
0.079063
0.059225
0.121140
0.195713
0.201517
0.232197
0.267022
0.190568
0.332308
0.242780
0.546462
0.380914
0.255807
0.356198
0.244515
0.236961
0.295696
0.229771
0.260450
0.255901
0.324508
0.363128
0.379308
0.301318
0.372359
0.253986
0.470811
0.134684
0.350478
0.363302
0.377244
0.233316
0.112311
0.387024
0.242877
0.199260
0.189600
0.218261
0.358944
0.389279
0.395419
0.312895
0.154759
-0.060924
0.233188
-0.037989
0.382247
0.239916
0.375711
0.297194
0.183603
0.051300
0.141359
0.278975
0.442650
0.453061
0.369983
0.325028
0.201061
0.314811
0.465855
0.340644
0.323160
0.265510
0.262240
0.156705
0.166114
0.302836
0.388646
0.261614
0.221606
0.251454
0.446285
0.395323
0.472089
0.536893
0.298658
0.250239
0.228496
0.257777
0.199754
0.193792
0.126294
0.186294
0.199183
0.340321
0.102020
0.148168
0.205430
0.105164
0.275441
0.175845
0.431759
0.412689
0.466445
0.496203
0.608988
0.370561
0.412055
0.475880
0.462469
0.358792
0.400352
-0.038655
0.365934
-0.108975
0.748917
0.053288
0.402670
0.351156
0.328006
0.300336
0.356330
0.252697
0.290769
0.314758
0.103571
0.322224
0.301427
0.336434
0.388353
0.283191
0.247412
0.078023
0.022392
0.216805
0.359351
0.286415
0.312846
0.390594
0.551520
0.608296
0.496482
0.377869
0.315344
0.492609
0.310819
0.165183
0.030443
0.185314
0.060839
0.157310
0.209464
0.164766
0.152886
0.020164
0.518692
0.523172
-0.037110
0.211726
0.243656
0.343104
0.120383
0.431531
0.206770
0.626193
0.656565
0.526062
0.323588
0.745248
0.377906
0.382241
0.387651
0.339252
0.459341
0.310960
0.273551
0.241626
0.172389
0.230093
0.162391
0.212659
0.075662
0.228106
0.203880
0.376553
0.337308
0.299599
0.169496
0.290030
0.258968
0.197414
0.319922
0.182559
0.232614
0.245818
0.416357
0.400469
0.252849
0.467196
0.584478
0.457226
0.270910
0.342589
0.232197
0.264490
0.150086
0.127674
-0.030940
0.161767
-0.012324
0.007325
0.008355
0.068577
0.070836
0.550070
0.201812
0.115331
0.242220
0.177062
0.388645
-0.006556
0.406966
0.523546
0.492433
0.479658
0.414282
0.370863
0.485994
0.392913
0.178462
0.359619
0.184938
0.524623
0.374554
0.012937
0.455809
0.219510
0.402883
0.247548
0.219638
0.121774
0.271169
0.417051
0.324305
0.340645
0.382803
0.254828
0.326007
0.196410
0.207178
0.202898
0.208511
0.478032
0.256195
0.367499
0.244514
0.302150
0.443262
0.614244
0.523197
0.475228
0.373831
0.335845
0.317876
0.345124
0.253605
0.160734
0.212839
0.243010
0.031323
0.181861
-0.249704
0.215083
-0.079944
0.150765
0.306486
0.137507
0.294624
0.391220
0.254070
0.475853
0.420457
0.464210
0.259959
0.293004
0.372933
0.330216
0.288552
0.430511
0.095742
0.393115
0.079471
0.413718
0.477410
0.412494
0.335843
0.351474
0.201535
0.261148
0.283338
0.168826
0.285361
0.187244
0.323835
0.307930
0.348311
0.189670
0.310051
0.241412
0.221997
0.180558
0.203413
0.315155
0.458012
0.422216
0.416541
0.614428
0.492815
0.327859
0.387812
0.420495
0.229376
0.014306
0.131420
0.356475
0.126711
0.051665
0.130919
0.248340
0.036603
0.454467
0.077321
0.445900
0.060126
0.212066
0.631179
0.157035
-0.428644
0.205342
0.714219
0.155466
0.052426
0.900000
0.363106
0.863449
0.356202
0.728924
0.280288
0.561362
0.358384
0.434887
0.164214
0.362960
0.434049
0.397649
0.323850
0.307323
0.247540
0.087336
-0.002390
0.348662
0.406394
0.350895
0.263852
0.182688
0.302366
0.042624
0.182747
0.254496
0.210886
0.222093
0.206538
0.105807
0.387668
0.367339
0.210806
0.366250
0.698096
0.504006
0.401946
0.405374
0.237572
0.410215
0.225793
0.233242
0.216099
0.145698
0.158076
0.170295
0.115372
0.144794
-0.059033
0.062520
0.014646
0.241716
0.253302
0.279572
0.104649
0.460875
0.426955
0.477947
0.488424
0.251182
0.479041
0.420311
0.210905
0.417113
0.307777
0.434425
0.172154
0.726810
0.178301
0.539200
0.450462
0.468199
0.457114
0.229479
0.277597
0.153959
0.222873
0.306768
0.327554
0.350014
0.301666
0.380149
0.290847
0.458192
0.252017
0.302993
0.155408
0.341419
0.136714
0.187819
0.373243
0.455502
0.452790
0.419791
0.588466
0.516195
0.337204
0.237618
0.227081
0.224467
0.199531
0.168707
-0.064190
0.153881
0.056123
0.063438
0.427557
0.040215
0.575083
0.183687
0.162555
-0.045426
0.098200
0.147766
0.346546
0.096796
0.490949
0.584035
0.172032
0.857315
0.387050
0.680497
0.615120
0.479791
0.403885
0.431559
0.396958
0.295256
0.094317
0.379669
0.507524
0.529757
0.429043
0.407756
0.229806
0.269040
0.337734
0.338539
0.355449
0.244979
0.237716
0.185880
0.188071
0.288863
0.238672
0.341592
0.242989
0.222969
0.319282
0.398590
0.417291
0.501582
0.607390
0.430513
0.367045
0.332331
0.205259
0.288388
0.357966
0.197876
0.074136
0.163443
0.097378
0.146748
0.017623
0.010266
-0.011285
0.211734
0.533796
-0.022062
-0.075662
0.341317
0.275370
0.230240
0.347082
0.253935
0.467316
0.612215
0.343627
0.706171
0.065971
0.576569
0.381608
0.594442
0.484667
0.486699
0.371068
0.324292
0.407135
0.384796
0.317313
0.320288
0.273863
0.210702
0.179084
0.031953
0.206640
0.346818
0.394855
0.260980
0.306779
0.330073
0.145175
0.246055
0.177240
0.240084
0.094140
0.364751
0.253566
0.327747
0.282891
0.317262
0.649741
0.516861
0.291788
0.414061
0.300701
0.215885
0.377442
0.240019
-0.005436
0.143911
0.253320
0.133236
0.086277
-0.012654
-0.106960
0.102322
0.075559
0.310829
0.221827
-0.023641
0.424539
0.249462
0.200406
0.243106
-0.120222
0.326423
0.570602
0.544052
0.310802
0.516023
0.368256
0.381124
0.369454
0.433417
0.390267
0.389059
0.327702
0.362074
0.258711
0.244516
0.042860
0.108730
0.452324
0.437702
0.433089
0.520291
0.520631
0.434755
0.658398
0.639857
0.693147
0.360611
0.591118
0.442271
0.425367
0.399578
0.357031
0.399747
0.388216
0.253868
0.195330
0.380562
0.273765
0.346884
0.204946
0.279097
0.334426
0.429700
0.268480
0.155059
0.500399
0.437583
0.353424
0.329434
0.357739
0.399775
0.260185
