0.247084
0.230142
0.141820
0.282266
0.330121
0.185228
0.389396
0.359314
0.555476
0.349097
0.450102
0.561988
0.023635
0.447905
0.444958
0.387368
0.231551
0.329353
0.382670
0.361560
0.172992
0.264653
0.176924
0.152237
0.237273
0.137392
0.187418
0.285967
0.358653
0.283843
0.314369
0.279680
0.203117
0.047650
0.212115
0.288004
0.252657
0.104342
0.191571
0.286368
0.201403
0.279968
0.261775
0.035215
0.375582
-0.058116
0.209775
0.341622
0.276552
0.303832
0.248479
0.073578
0.437635
0.107013
0.290847
0.111756
0.233731
0.271584
0.162226
0.183693
0.200026
0.206949
0.254607
0.287195
0.178890
0.261008
0.305815
0.325811
0.282743
0.273478
0.180221
0.427318
0.157304
0.260261
0.020759
0.546548
0.053492
0.590709
0.487494
0.343478
0.313001
0.215225
0.340382
0.301240
-0.029295
0.242326
0.183222
0.240970
0.176208
0.193353
0.252461
0.344494
0.116048
0.270664
0.221805
0.145635
0.277263
0.125547
0.230084
0.309790
0.273741
0.241311
0.216559
0.221135
0.144900
0.167815
0.095682
0.153430
0.308462
0.415873
0.195630
0.160371
0.295376
0.307279
0.216435
0.031816
0.214751
0.251133
0.144649
0.108886
0.432757
0.216902
-0.059189
0.216183
0.269346
0.115898
0.279902
0.326112
0.219101
0.308525
0.308253
0.398268
0.336577
0.208837
0.284967
0.318104
0.392523
0.163221
0.087359
0.304799
0.155628
0.362363
0.512899
0.347452
0.367866
0.283273
0.328452
0.378062
0.078588
0.208395
0.136393
0.086130
0.281327
0.416551
0.310484
0.259124
0.205022
0.238904
0.191932
0.369843
0.295209
0.231390
0.146578
0.198162
0.135330
-0.027265
0.155604
0.159105
0.366783
0.202608
-0.023952
0.384876
0.138026
0.358229
0.138470
0.199135
0.391348
0.125041
0.278209
0.278201
0.264592
0.243547
0.150927
0.245395
0.036208
0.182730
0.188051
0.193658
0.231160
0.201560
0.115520
0.136175
0.292940
0.275383
0.326880
0.309476
0.289792
0.299983
0.312676
0.252717
0.361224
0.021937
0.093962
0.189443
0.531032
0.477595
0.398728
0.439695
0.329548
0.261648
0.368795
0.137498
0.328746
0.227109
0.191938
0.078149
0.220042
0.272547
0.241412
0.131572
0.351380
0.253451
0.282178
0.153627
0.175773
0.280639
0.292344
-0.000549
0.277323
0.077722
0.160937
0.148579
0.160986
0.129346
0.097399
-0.030472
0.183195
0.206021
0.273201
0.226777
0.140715
0.453684
0.193124
0.065450
0.186285
0.165350
0.379696
0.388835
0.210665
0.240796
0.189129
0.147948
0.151975
0.137950
0.291754
0.529659
0.283445
0.334262
0.237364
0.310861
0.367597
0.257629
0.383619
0.366939
0.369475
0.362272
0.352919
0.376053
0.087328
0.756224
0.619513
0.593730
0.555028
0.341542
0.335962
0.026375
0.417435
0.185831
0.334041
0.089077
0.211052
0.168752
0.159947
0.252990
0.056767
0.349248
0.217428
0.277918
0.213374
0.145365
0.171263
0.202271
0.223935
0.169899
0.255461
0.409244
0.468856
0.184606
0.370545
0.162763
0.113245
0.322327
0.081465
0.038748
0.153485
0.002954
0.237284
0.150630
0.235227
0.291834
0.317578
0.196200
0.311024
0.160274
0.220281
0.195442
0.216667
0.167764
0.217176
0.104133
0.039108
0.176153
0.125012
0.407250
0.296598
0.379989
0.347516
0.308309
0.355550
0.462346
0.271453
0.219808
0.166035
0.359916
0.003958
0.589938
0.216695
0.461664
0.298147
0.390400
0.212208
0.207111
0.295174
0.164341
0.251373
0.415706
0.165829
0.184487
0.235413
0.140094
0.208262
0.160675
0.216887
0.147738
0.220665
0.190736
0.383476
0.191004
0.233134
0.285047
0.396757
0.277704
0.212590
0.337593
0.110901
0.397416
0.387032
0.077731
0.396623
0.218365
0.146737
0.087612
0.304108
0.163251
0.313304
0.138403
0.214620
0.305403
0.206816
0.161598
0.145599
0.178779
0.208449
0.141362
0.200141
0.201382
0.195210
0.332124
0.244263
0.369858
0.358114
0.296401
0.273689
0.364757
0.264613
0.281298
0.271857
0.256756
0.212570
0.472016
0.514738
0.378882
0.346278
0.289127
0.295260
0.264915
0.173018
0.219491
0.301477
0.458067
0.396091
0.196796
0.100184
0.382991
0.158493
0.179697
0.240866
0.139208
0.199194
0.199843
0.159539
0.140578
0.228070
0.130843
0.296734
0.258579
0.312927
0.158755
0.143501
0.207040
0.264306
0.290752
0.108151
0.148811
0.411942
0.180381
0.356779
0.212609
0.093052
0.123666
-0.037767
0.280576
0.051121
0.194132
0.268376
0.202933
0.182854
0.196051
0.192905
0.121277
0.220264
0.370493
0.340542
0.233839
0.266712
0.202213
0.206635
0.289850
0.253494
0.155236
0.154460
0.084499
0.234003
0.068775
0.151859
0.324484
0.238049
0.056172
0.173739
0.148131
0.394043
0.027424
0.225955
0.248518
0.228680
0.161022
0.105867
0.077365
0.077159
0.386092
0.153631
0.407922
0.145410
0.158059
0.247131
0.345744
0.232768
0.318835
0.189581
0.044929
0.166576
0.186924
0.234734
0.138034
0.163646
0.099388
0.208948
0.218416
0.244467
0.084328
0.255176
0.084289
0.222914
0.256905
0.137984
0.151883
-0.070465
0.105954
0.362132
0.178040
0.180861
0.275834
0.290347
0.164099
0.174027
-0.051875
0.183552
0.248955
0.142647
0.192761
0.217233
0.276187
0.231628
0.169300
0.377899
0.197711
0.122595
0.135463
0.207118
0.126079
0.220855
0.179037
0.182143
0.086781
0.165850
0.205172
0.002457
0.235536
0.321866
0.250150
0.252445
0.284287
0.227267
0.237284
0.171490
0.140596
0.168490
0.181730
0.235486
0.214551
0.226037
0.161932
0.335062
0.225660
0.298083
0.141125
0.151054
0.170656
0.028285
0.195711
0.103354
0.156605
0.419275
0.078672
0.190557
0.315955
0.364336
0.132687
0.170474
0.196920
0.002671
0.163758
0.204879
0.088612
0.272841
0.383037
0.164593
0.290100
0.122503
0.178431
0.147449
0.129761
0.074518
0.112787
0.068535
0.232078
0.166351
0.242174
0.113425
0.194468
-0.098797
0.262562
-0.095085
0.129900
0.146431
0.269108
0.362458
0.291071
0.188425
0.055026
0.410507
0.257058
0.194774
0.252128
-0.033855
0.246035
0.142797
0.056472
0.186476
0.077710
0.163119
0.110882
0.169332
0.207776
0.238565
0.128638
0.329033
0.128730
0.187136
0.152821
0.094463
0.296636
0.123094
0.190713
0.214176
0.170691
0.194965
0.112325
0.087639
0.303082
0.143141
0.231511
0.196252
0.258102
0.432526
0.152772
0.260555
0.212617
0.244108
0.189985
0.250606
0.346106
0.112110
0.105762
0.319516
0.287591
0.160422
0.187262
0.187078
0.284069
0.304132
0.026879
0.190554
0.117851
0.254392
0.374503
0.183632
0.199725
0.172669
-0.036101
0.355639
0.049015
0.188956
0.150691
0.081827
0.337632
0.037938
0.013428
0.295380
0.132214
0.098293
0.122041
0.124204
0.223410
-0.004268
0.146005
0.175719
0.018432
0.475342
0.300726
0.103034
0.184494
0.256369
0.300714
0.116315
0.069057
0.106207
0.081543
0.143327
0.167843
0.095929
0.160039
0.364295
0.160394
0.133625
0.025451
0.319095
0.046646
0.142518
0.045401
0.324808
0.427393
0.259928
0.061248
0.292945
0.232065
0.023734
0.303142
0.027249
0.187743
0.175232
0.003906
0.399879
0.113326
0.228721
0.224764
0.211660
0.230077
0.208966
0.119768
0.359165
0.131201
0.228872
0.120107
0.117071
0.271336
0.148158
0.338551
0.216164
0.103099
0.212484
0.253451
0.277791
0.319065
0.260818
0.410871
0.161717
0.059598
0.082820
0.229933
0.169361
0.278131
0.274437
0.282062
0.077680
0.230058
0.028636
0.128260
0.214546
0.224540
0.159580
0.273045
0.096169
0.198161
0.153316
-0.003028
0.283597
0.157173
0.215185
0.061714
0.416734
0.382243
0.003669
0.303981
0.344817
0.415748
0.303495
0.164283
0.081753
0.341023
0.167175
0.131148
0.195433
0.106168
0.127218
0.066601
0.077012
0.032211
0.015510
0.013132
0.162944
0.091316
0.237969
0.183735
0.196932
0.165994
0.047512
0.187913
0.047867
0.225450
0.216184
0.180684
0.232531
0.246277
0.189806
0.133313
0.216879
0.149485
0.246848
0.241685
0.373246
0.022487
0.162889
0.056605
0.079958
0.138825
0.183236
0.285162
0.271027
0.389602
0.117636
0.172401
0.271190
0.148386
0.271656
0.071112
0.074284
0.012987
0.306258
0.204161
0.218104
0.262274
0.197906
0.212265
0.249789
0.102987
0.089291
0.184834
0.212047
0.218378
0.254936
0.176662
0.214821
0.214769
0.135419
0.166120
0.224702
0.047366
0.255175
0.279296
0.167197
0.106843
0.136842
0.236729
0.145512
0.143858
0.210468
0.185475
0.255946
0.260895
0.231909
0.193294
0.231344
0.265424
0.242317
0.181262
0.232692
0.169180
0.204027
0.285860
0.266417
0.339981
0.302572
0.212079
0.350089
0.200195
0.344698
0.367876
0.161585
0.259848
0.248323
0.264942
0.099188
0.154457
0.347219
0.042173
0.211113
0.327912
0.349685
0.212140
0.139437
0.105046
0.204327
0.192166
0.316906
0.313124
0.142873
0.293387
0.253478
0.046419
0.233521
0.292871
0.235830
0.360108
0.223397
0.326486
0.316234
0.090639
0.261619
0.332440
0.327562
0.190500
0.094786
0.207329
0.348454
0.275510
0.432122
0.226094
0.094954
0.418584
0.286413
0.154637
0.129885
0.350769
0.292236
0.100379
0.129478
0.380414
0.172587
0.023899
0.071118
0.370026
0.288307
0.114788
0.049082
0.159783
0.353773
0.204514
0.223524
0.166329
0.233619
0.122463
0.121160
0.214202
0.218822
0.192535
0.140166
0.326479
0.259567
0.328875
0.308357
0.271453
0.454760
0.304405
0.258858
0.142964
0.527948
0.060074
0.567064
0.357899
0.327357
0.321448
0.232052
0.111331
0.183535
0.218798
0.122295
0.190660
0.142854
0.180224
0.265566
0.182838
0.065935
0.229434
0.175179
0.192500
0.299778
0.247080
0.212962
0.074408
0.163984
0.203987
0.320961
0.252118
0.213371
0.093528
0.318097
0.060740
-0.009507
0.231404
0.179364
0.156740
0.277048
0.068103
0.115343
0.218937
0.295966
0.236819
0.400911
0.205851
0.316947
0.220246
0.265030
0.127594
0.195850
0.150829
0.236567
0.259108
0.275947
0.151146
