0.074149
0.061226
0.054166
0.046108
0.049145
0.056026
0.051420
0.049964
0.031616
0.015983
0.018395
0.016616
0.015270
0.018115
0.028907
0.028994
0.025368
0.025194
0.025194
0.025238
0.025238
0.025194
0.025194
0.025194
0.025194
0.025194
0.025194
0.025194
0.025194
0.025194
0.025194
0.025194
0.025194
0.025194
0.025194
0.025194
0.025194
0.025194
0.025194
0.025194
0.025194
0.025194
0.025194
0.025194
0.025194
0.025194
0.025194
0.025194
0.025194
0.025194
0.025194
0.025194
0.025194
0.025194
0.025194
0.025194
0.025194
0.025194
0.025194
0.025194
0.025194
0.025194
0.025194
0.025194
0.025194
0.025194
0.025194
0.025194
0.025194
0.025194
0.025194
0.025194
0.025194
0.025194
0.025194
0.025194
0.025194
0.025194
0.025194
0.025194
0.025194
0.025194
0.025194
0.025194
0.025194
0.025194
0.025194
0.025194
0.025194
0.025194
0.025194
0.025194
0.025194
0.025194
0.025194
0.025194
0.025194
0.025194
0.025194
0.025194
0.025194
0.025194
-0.141143
-0.034244
-0.004256
0.009945
0.006189
0.006232
0.006232
0.070827
0.080243
0.077199
0.019293
0.125375
0.082246
0.023360
0.044683
0.116288
0.005031
0.025052
0.039513
0.118544
0.069471
0.650540
0.451225
0.333069
0.651257
0.900000
0.231609
0.120292
0.235097
0.130935
0.227965
0.306299
0.303037
0.258022
0.220823
0.133664
0.331593
0.074532
0.238239
0.109718
0.205768
0.074358
0.171127
0.287502
0.107043
0.102392
0.184155
0.386318
0.275059
0.230434
0.192671
0.272090
0.147238
0.293967
0.225112
0.248448
0.241169
0.174006
0.118850
0.271009
0.118518
0.172858
0.154094
0.155499
0.193860
0.192575
0.313010
0.246542
0.193970
0.200477
0.186553
0.296265
0.168462
0.145315
0.308458
0.228719
0.121259
0.268875
0.300548
0.234947
0.249184
0.332552
0.201619
0.162988
0.256955
0.116167
0.270018
0.151941
0.299668
0.407012
0.345236
0.143435
0.222117
0.175298
0.375986
0.185063
0.149798
0.114489
0.272574
0.167285
0.339614
0.171967
0.323537
0.141386
0.232552
0.288151
0.262419
0.076381
0.069189
0.268203
0.186969
0.181556
0.299431
0.213227
0.205731
0.186923
0.228866
0.185283
0.289825
0.236256
0.161841
0.214966
0.263443
0.188898
0.239377
0.184983
0.249291
0.280660
0.190872
0.356644
0.080802
0.209401
0.196369
0.287926
0.279971
0.478421
0.231588
0.235014
0.179101
0.316862
0.284026
0.158437
0.206851
0.168828
0.258258
0.108525
0.227243
0.339905
0.142468
0.176335
0.231612
0.182753
0.096202
0.251268
0.161481
0.349375
0.191627
0.252265
0.133382
0.253643
0.336733
0.228294
0.255299
0.112533
0.308789
0.323353
0.140985
0.151880
0.069172
0.283403
0.067098
0.122070
0.208395
0.132158
0.069948
0.139183
0.173354
0.160410
0.187545
0.104272
0.071480
0.090148
0.191889
0.205152
0.186691
0.231740
0.145709
0.260454
0.243753
0.175766
0.213172
0.108490
0.235545
0.115577
-0.030313
0.175780
0.269574
0.221757
0.290211
0.226414
0.273440
0.124966
0.256496
0.311686
0.309682
0.328697
0.115714
0.165735
0.214193
0.245041
0.005609
0.147888
0.210590
0.249775
0.174796
0.265330
0.331807
0.217313
0.261537
0.158355
0.274817
0.227043
0.219287
0.190493
0.099361
0.256882
0.214234
0.365023
0.008192
0.231392
0.180842
0.286772
0.300531
0.269301
0.367720
0.210517
0.292261
0.269350
0.263199
0.264908
0.172734
0.117993
0.117446
0.143887
0.194471
0.233092
0.084574
0.230696
0.347809
0.237851
0.345301
0.209483
0.250082
0.263692
0.361286
0.214720
0.223247
0.181294
0.202981
0.246771
0.215957
0.205485
0.278217
0.384799
0.191248
0.058536
0.356993
0.100062
0.356983
0.218147
0.054951
0.197142
0.219914
0.207422
0.202251
0.187007
0.189998
0.232853
0.203948
0.110038
0.219682
0.176880
0.286716
0.223353
0.309306
0.257428
0.244608
0.164894
0.206745
0.266900
0.443394
0.316602
0.282218
0.256374
0.269959
0.126381
0.170175
0.350109
0.054103
0.600358
0.308115
0.377215
0.287731
0.177235
0.318887
0.271057
0.282262
0.403484
0.116944
0.084356
0.223535
0.221754
0.186885
0.127284
0.096476
0.164589
0.272695
0.141743
0.289452
0.118811
0.103394
0.138283
0.321577
0.381565
0.207447
0.197477
0.207071
0.167615
0.141729
0.166149
0.248500
0.311073
0.162207
0.127897
0.173857
0.238945
0.035992
0.133456
0.121379
0.200104
0.234883
0.092594
0.229356
0.254495
0.219447
0.165834
0.235027
0.190358
0.212913
0.268319
0.202960
0.165024
0.091433
0.249995
0.306140
0.281666
0.148781
0.318351
0.101197
0.169174
0.235720
0.100857
0.176260
0.181899
0.243665
0.226202
0.254620
0.167331
0.219025
0.203583
0.186033
0.232080
0.144313
0.181416
0.230785
0.336672
0.318602
0.221432
0.246441
0.143996
0.125145
0.189930
0.206361
0.172397
0.220942
0.155887
0.201717
0.246983
0.138370
0.205697
0.185717
0.211247
-0.016457
0.260069
0.181984
0.339896
0.187708
0.163972
0.228323
0.168760
0.233285
0.168273
0.167422
0.260782
0.298795
0.311253
0.289947
0.300451
0.113979
0.091458
0.073128
0.372105
0.115348
0.250028
0.146585
0.156024
0.337601
0.121860
0.164237
0.171203
0.139563
0.267902
0.151690
0.110605
0.167747
0.178382
0.291738
0.218365
0.145884
0.210669
0.268202
0.177503
0.129252
0.191669
0.306241
0.125261
0.137024
0.156647
0.250918
0.199128
0.169701
0.279041
0.217309
0.113909
0.423461
0.250905
0.159946
0.193943
0.323434
0.197975
0.258092
0.251464
0.225274
0.160652
0.204313
0.077638
0.190908
0.123268
0.240641
0.036559
0.183419
0.174404
0.233629
0.261112
0.268424
0.159769
0.123809
0.224725
0.256224
0.266989
0.320289
0.127606
0.240485
0.308245
0.221303
0.264028
0.237100
0.278739
0.103016
0.270826
0.240966
0.105366
0.223303
0.188819
0.330837
0.181600
0.060765
0.363759
0.257818
0.240987
0.201749
0.228624
0.259819
0.218430
0.225742
0.301449
0.194597
0.192723
0.298047
0.317452
0.306330
0.180437
0.171899
0.220748
0.372796
0.097475
0.268651
0.063485
0.251663
0.153954
0.181523
0.143345
0.269012
0.195923
0.175485
0.015153
0.265515
0.204997
0.125307
0.062967
0.190698
0.141926
0.376612
0.039715
0.232648
0.212104
0.220328
0.140595
0.299157
0.322015
0.049452
0.256543
0.140635
0.238749
0.159363
0.181614
0.267244
0.176893
0.175627
0.363111
0.344824
0.171097
0.287081
0.200356
0.284920
-0.033456
0.098899
0.160275
0.180357
0.147304
0.177718
0.305623
0.177448
0.106443
0.244574
0.297787
0.245563
0.279169
0.155185
0.313964
0.173088
0.221677
0.226404
0.321023
0.299934
0.201462
0.275043
0.100795
0.150945
0.114006
0.216484
0.212007
0.211851
0.364940
0.330325
0.286047
0.225877
0.235730
0.249080
0.124401
0.030164
0.185664
0.288576
0.116912
0.124485
0.292147
0.213542
0.169134
0.089121
0.237283
0.219516
0.328831
0.301748
0.213479
0.275853
0.314344
0.190620
0.259335
0.285212
0.156647
0.228077
0.168668
0.263243
0.073579
0.317799
0.178616
0.168058
0.246827
0.260306
0.112699
0.260774
0.203925
0.261936
0.231077
0.214550
0.088006
0.126106
0.236227
0.208710
0.053113
0.043752
0.028092
0.197099
0.257564
0.373090
0.147536
0.199317
0.177186
0.173534
0.214436
0.232496
0.190586
0.231445
0.137945
0.237665
0.212844
0.165789
0.146547
0.173682
0.273142
0.134783
0.045975
0.259537
0.159609
0.209933
0.191168
0.183238
0.181910
0.219837
0.228321
-0.107318
0.312729
0.255794
0.095703
0.182808
0.202084
0.148471
0.353213
0.900000
0.900000
-0.429485
0.219979
0.788642
0.555937
0.423925
0.553721
0.357790
0.462996
0.422084
0.351759
0.153672
-0.652613
-0.752866
-0.394751
-0.070861
-0.366519
-0.491099
-0.343831
-0.243193
-0.171768
-0.126469
-0.091249
-0.071296
-0.068953
-0.059097
-0.079856
-0.063009
-0.034849
-0.078623
-0.073651
-0.045752
-0.067161
-0.066424
-0.050314
-0.072287
-0.044995
-0.070769
-0.058979
-0.062518
-0.062432
-0.066188
-0.066188
-0.066188
-0.062345
-0.066101
-0.066101
-0.066101
-0.066058
-0.066014
-0.066014
-0.065971
-0.065928
-0.065928
-0.065841
-0.062041
-0.065797
-0.065754
-0.065711
-0.065711
-0.065667
-0.065624
-0.061824
-0.065580
-0.065537
-0.065494
-0.061694
-0.065450
-0.065407
-0.065364
-0.061564
-0.065277
-0.065277
-0.065233
-0.065190
-0.065147
-0.065103
-0.065103
-0.065016
-0.065016
-0.064973
-0.064973
-0.064886
-0.064886
-0.064886
-0.064886
-0.064843
-0.064799
-0.064799
-0.064799
-0.064756
-0.064713
-0.064713
-0.064713
-0.064713
-0.064669
-0.064626
-0.064626
-0.064626
-0.064582
-0.064582
-0.064582
-0.064539
-0.064496
-0.064496
-0.064496
-0.064452
-0.060653
-0.064409
-0.064409
-0.064409
-0.064409
-0.064366
-0.064366
-0.064366
-0.064366
-0.064366
-0.064366
-0.064366
-0.064322
-0.064322
-0.064322
-0.064322
-0.064322
-0.064322
-0.064322
-0.064279
-0.064279
-0.064279
-0.064235
-0.064235
-0.064235
-0.064235
-0.064235
-0.064235
-0.064235
-0.064235
-0.064235
-0.064235
-0.064235
-0.064192
-0.064192
-0.064192
-0.064192
-0.064192
-0.064192
-0.064192
-0.064192
-0.064192
-0.064192
-0.064192
-0.064192
-0.064149
-0.064149
-0.064149
-0.064149
-0.064149
-0.064149
-0.064149
-0.064105
-0.064062
-0.064062
-0.064062
-0.064062
-0.064062
-0.064062
-0.064018
-0.064018
-0.064018
-0.064018
-0.063975
-0.063975
-0.063975
-0.060175
-0.063932
-0.063932
-0.063932
-0.063932
-0.063888
-0.063888
-0.063888
-0.063888
-0.063888
-0.063845
-0.063845
-0.063845
-0.063845
-0.063845
-0.063845
-0.063845
-0.063845
-0.063845
-0.063845
-0.063845
-0.063845
-0.063845
-0.063845
-0.063845
-0.063845
-0.063845
-0.063845
-0.063845
-0.063845
-0.063845
-0.063845
-0.063845
-0.063845
-0.063845
-0.063845
-0.063845
-0.063845
-0.063845
-0.063845
-0.063845
-0.063845
-0.063758
-0.067211
-0.070576
-0.035902
-0.057919
-0.045912
-0.052991
-0.063869
-0.060460
-0.060590
-0.052731
-0.048757
-0.063869
-0.056227
-0.056053
-0.036491
-0.021577
-0.009812
0.006707
0.032692
0.056656
0.070305
0.080285
0.066686
