0.317599
0.376899
0.327902
0.259953
0.301639
0.000317
0.311723
0.215697
0.330625
0.261821
0.081320
0.225314
0.261690
0.333428
0.324705
0.237233
0.380854
0.173680
0.425464
0.047521
0.428726
0.143443
0.171989
0.231858
0.213645
0.193774
0.859200
0.259022
0.337237
0.260177
0.202850
0.110612
0.269524
0.039048
0.047799
0.068089
0.011227
0.186791
0.058138
0.091094
0.085053
0.313453
0.239414
0.088101
0.178480
0.068049
0.144708
0.186405
0.149551
0.192126
0.025281
0.348918
0.236188
0.274837
0.112182
0.132624
0.130472
0.159205
0.194673
0.146479
0.126515
0.179422
0.101241
0.351262
0.301785
0.215552
0.221995
0.128876
0.104416
0.052294
0.120797
0.319291
0.260370
0.243279
0.384082
0.224476
0.035982
0.243907
0.282775
0.132909
0.050275
0.044350
0.079577
0.128469
0.293249
0.249141
0.188179
0.177626
0.177558
0.388708
0.268455
0.087462
0.306729
0.369221
0.113362
0.216435
0.216916
0.192565
0.208883
0.281093
0.219583
0.127079
0.233179
0.162895
0.172457
0.277417
0.213560
0.265041
0.196139
0.185827
0.189466
0.349045
0.198719
0.321731
0.250811
0.335415
0.165082
0.314703
0.205220
0.297633
0.134430
0.256719
0.171014
0.212470
0.090045
0.194961
0.249776
0.117305
0.161898
0.082357
0.236475
0.189223
0.164851
0.119705
0.281127
0.141395
0.128166
0.250740
0.401369
0.277826
0.281597
0.261787
0.246693
0.194659
0.065303
0.268227
0.192325
0.208476
0.442230
0.419706
0.223076
0.235093
0.189400
0.003392
0.306759
0.187607
0.070135
0.088565
0.118708
0.089945
0.598937
0.364948
0.446810
0.335116
0.182653
0.250660
0.295471
0.124979
0.314692
0.304242
0.636843
0.450931
0.588415
0.379342
0.271713
0.559676
0.413949
-0.001630
0.570816
-0.275974
0.746722
0.212713
0.621672
0.461972
0.403900
0.640346
0.523888
0.331062
0.396081
0.242479
0.182324
-0.001022
0.793321
0.115001
0.762181
0.170569
0.126536
0.569079
0.294217
0.785720
0.487387
0.651370
0.514044
0.092783
0.207027
0.471217
0.026097
0.646743
0.456962
0.483408
0.388475
0.228206
0.594674
0.271121
0.591306
0.416908
0.178733
0.655013
0.257443
0.153283
0.582051
0.344172
0.415367
0.745731
0.508818
0.779166
0.413206
0.545600
0.299715
0.737191
0.189604
0.624907
0.396549
0.339266
0.257504
0.304042
0.314112
0.361951
0.429467
0.321980
0.339845
0.016121
0.294676
0.249789
0.311536
0.127120
0.298633
0.191613
0.197945
0.214169
0.122623
0.180086
0.081520
0.262612
0.461378
0.448061
0.360931
0.201434
0.309356
0.180284
0.078435
0.081986
0.033287
0.198767
0.323908
0.139916
0.332580
0.468126
0.531903
0.622460
0.502389
0.670644
0.494290
0.590529
0.362626
0.446910
0.304204
0.349027
0.329292
0.304864
0.368441
0.258748
0.307672
0.252051
0.396132
0.075397
0.244133
0.372442
0.322832
0.404989
0.377204
0.358303
0.399879
0.206524
0.265626
0.360944
0.277070
0.394082
0.252803
0.173469
0.289077
0.195376
0.158422
0.248542
0.194522
0.114224
0.310555
0.456786
0.243228
0.364101
0.158857
0.435539
0.213997
0.345794
0.284228
0.268355
0.537118
0.197825
0.363556
0.307102
0.422272
0.216479
0.421432
0.266881
0.160106
0.320997
0.245904
0.324936
0.263244
0.162120
0.049191
0.273187
0.164181
0.140485
0.017544
0.244296
0.088319
0.090066
0.240419
0.125645
0.273102
-0.203826
0.401748
0.203638
0.073617
0.137286
0.153836
0.175259
0.283832
0.247542
0.150402
0.430775
-0.114284
0.319238
0.460890
0.390643
0.182883
0.422719
0.660580
0.264173
0.341663
0.363393
0.335548
0.346134
0.260511
0.312907
0.146341
0.348623
0.186050
0.355779
0.347764
0.177689
0.280799
0.137025
0.240838
0.132796
0.175321
0.299007
0.138649
0.334315
0.449453
0.312463
0.245096
0.348345
0.102729
0.280223
0.366024
0.274086
0.174227
0.301350
0.353636
0.246187
0.195529
0.116398
0.376503
0.150557
0.464580
0.319708
0.357802
0.268515
0.374785
0.325894
0.255150
0.343921
0.175980
0.240074
0.263345
0.323008
0.269965
0.274416
0.263836
0.394645
0.493593
0.559979
0.507169
0.414078
0.299389
0.203278
0.254495
0.141295
0.068700
0.231080
0.114703
0.137674
0.235391
-0.071640
0.145272
0.316064
0.177436
0.173118
0.900000
0.245560
0.299272
0.335655
0.428522
0.378961
0.458996
0.399980
0.378410
0.418763
0.432552
0.479288
0.106517
0.016649
0.495451
0.135676
0.473213
0.349992
0.420924
0.337275
0.325246
0.218652
0.175386
0.333775
0.171596
0.200543
0.359723
0.383741
0.316966
0.197547
0.271029
0.243848
0.137063
0.312130
0.502529
0.130907
0.400392
0.466749
0.636492
0.636463
0.402668
0.380954
0.275866
0.415093
0.204281
0.394601
0.204411
0.067423
0.152920
0.150629
-0.059995
0.063720
0.242944
-0.081683
0.060304
0.255879
0.224065
0.052552
0.135987
0.202158
0.326722
0.390678
0.279412
0.369450
0.515971
0.232357
0.402635
0.574361
0.526204
0.518057
0.392007
0.392415
0.363408
0.377811
0.450300
0.383015
0.325754
0.257196
0.149725
0.179352
0.116366
0.107671
0.097835
0.242163
0.322395
0.380627
0.188206
0.264474
0.288864
0.308407
0.244199
0.367036
0.279182
0.243005
0.395505
0.545836
0.780856
0.592094
0.446373
0.437256
0.362380
0.226357
0.268648
0.141588
0.295647
0.328889
0.206183
0.182099
0.178124
-0.002445
0.030746
0.349906
0.200303
0.356709
0.072772
0.059755
0.025571
0.139693
0.378081
0.201886
0.385347
0.429012
0.257818
0.329408
0.410430
0.406034
0.216524
0.385880
0.305850
0.045927
0.383420
0.197990
0.434338
0.396293
0.300579
0.203616
0.257283
0.253612
0.209644
0.372990
0.266286
0.205538
0.434482
0.290077
0.332740
0.128890
0.152951
0.314790
0.220136
0.124933
0.242857
0.375879
0.413948
0.411357
0.778227
0.435306
0.578337
0.376612
0.362556
0.186131
0.167690
0.200602
0.075219
0.142856
0.186386
0.049747
0.017463
-0.049712
0.254364
0.017724
0.403979
0.022873
0.083248
0.133800
0.263585
0.251139
0.300837
0.306049
0.435987
0.452628
0.444219
0.423481
0.490709
0.388740
0.354863
0.387758
0.456474
0.328098
0.372005
0.401456
0.440800
0.298583
0.273480
0.229008
0.245780
0.296114
0.169098
0.154239
0.218041
0.188617
0.229411
0.280453
0.186742
0.339609
0.300079
0.188885
0.295402
0.233761
0.386931
0.470669
0.575765
0.504131
0.339895
0.334934
0.339106
0.323554
0.206208
0.138884
0.226979
0.257606
0.035165
0.030050
0.194839
0.254621
-0.035954
0.174053
0.046698
-0.044549
0.355537
0.055512
0.152547
0.291525
0.136695
0.155990
0.260900
0.309567
0.361546
0.360704
0.418167
0.518053
0.386541
0.319914
0.181272
-0.004970
0.311399
0.206319
0.653600
0.447770
0.406325
0.375914
0.275660
0.290721
0.309840
0.245736
0.202294
0.301281
0.321432
0.387475
0.408356
0.263820
0.393918
0.232404
0.263265
0.222901
0.086438
0.090625
0.179265
0.467058
0.413534
0.476258
0.464006
0.411817
0.553228
0.407316
0.250628
0.264418
0.219408
0.144676
0.262858
0.284572
0.198614
0.016926
0.004177
0.007346
-0.019515
-0.166468
-0.053431
0.079281
0.222779
0.167969
0.313854
0.245406
0.374380
0.450751
0.414659
0.458302
0.407272
0.432248
0.329713
0.241194
0.505137
0.613184
-0.325494
0.665329
-0.158516
0.546268
0.201124
0.470200
0.108583
0.393057
0.219187
0.234556
0.301363
0.183516
0.291058
0.201281
0.365007
0.227315
0.287964
0.371910
0.280546
0.319128
0.151735
0.127165
0.303413
0.260128
0.373317
0.582846
0.729516
0.213204
0.547966
0.482908
0.392677
0.205907
0.344153
0.347620
0.141735
0.160521
0.002588
0.001476
0.144761
-0.025817
0.096448
0.202254
-0.041315
0.119639
0.106636
0.188757
0.148738
0.066383
0.536543
0.273395
-0.088223
0.470711
0.490883
0.460516
0.350501
0.818906
0.733480
0.301384
0.313528
0.214896
0.663565
0.055144
0.482727
0.427222
0.423791
0.319238
0.304313
0.337274
0.242635
0.219747
0.229785
0.296110
0.213886
0.403316
0.212145
0.262376
0.164716
0.273514
0.130624
0.084600
0.298624
0.229810
0.337500
0.424800
0.492313
0.541531
0.636536
0.514099
0.425700
0.253355
0.277140
0.144008
0.090941
0.253116
0.152642
-0.109882
0.077876
0.021449
-0.005815
0.080817
0.257054
-0.030541
0.287533
0.335399
0.068544
0.267294
0.327938
0.417865
0.321055
0.445466
0.367893
0.488070
0.541782
0.496806
0.477669
0.385093
0.418448
0.281057
0.122190
0.258490
0.253809
0.370849
0.297115
0.198001
0.287161
-0.071780
0.250336
0.269587
0.279011
0.472035
0.250565
0.344280
0.306548
0.325213
0.313914
0.302352
0.276488
0.189225
0.185691
0.381334
0.450921
0.382184
0.501122
0.463081
0.402989
0.427427
0.370904
0.079945
0.217007
0.310174
-0.012163
0.329972
0.323886
0.132224
0.237220
0.171001
0.110782
0.020552
0.211476
0.506290
-0.150429
0.261236
0.239489
-0.058779
0.249274
-0.381106
0.279591
0.124306
0.537587
0.088205
0.786035
0.503957
0.511428
0.501242
0.332066
0.427575
0.377648
0.343865
0.263425
0.304859
0.209283
0.259272
0.169488
0.111795
0.177512
0.197054
0.128941
0.379873
0.395226
0.493592
0.606080
0.585869
0.605817
0.396602
0.577711
0.408551
0.488471
0.183310
0.530011
0.574877
0.364302
0.431389
0.394918
0.155520
0.131420
0.321873
0.484555
0.285541
0.312179
0.325084
0.349221
0.334927
0.108493
0.068754
0.389526
0.314536
0.299276
0.191120
0.243334
0.247597
0.264057
0.360362
0.264598
0.299549
0.096279
0.185258
0.223917
0.278193
0.331263
0.243748
0.356921
0.344689
0.325744
0.288088
0.300621
0.368805
0.293464
0.282197
0.390369
0.179093
0.216720
0.194836
0.357080
0.062602
0.366747
0.169356
0.392888
0.248976
0.240911
0.285097
0.264529
0.202459
0.212513
0.286971
0.143475
0.294137
0.259179
0.181031
0.249785
0.385047
0.286169
0.131355
0.330451
0.145409
0.405223
0.143955
0.417413
0.391690
