0.016103
0.227225
0.275519
0.203057
0.203970
0.091519
0.242538
0.147153
0.222033
0.263066
0.235660
0.198756
0.167905
0.120253
0.205991
0.179001
0.147932
0.001262
0.120846
0.223321
0.250337
0.206216
0.080385
0.199948
0.179034
0.181702
0.198869
0.089555
0.464514
0.122354
0.183612
0.084849
0.241768
0.091215
0.377357
0.134784
0.285495
0.117789
0.244327
0.166184
0.241393
0.073599
0.183224
0.226977
0.073924
0.066765
-0.028730
0.161531
0.178786
0.158663
0.151723
0.171917
0.042817
0.043445
0.326471
0.077559
0.111792
0.046657
0.349558
0.176411
0.211500
0.089507
0.200252
-0.024685
0.254811
0.297182
0.284451
0.250880
0.097608
0.128616
0.238066
0.227748
0.186347
0.261227
0.073230
0.120712
-0.005580
0.171301
0.171226
0.187735
0.026917
0.234200
0.163010
0.153131
0.309216
0.247393
0.155781
0.432447
0.155984
0.165583
0.145481
0.138366
0.196158
0.158310
0.209697
0.257464
0.219792
0.192013
0.134248
0.196054
0.247024
0.239382
0.246437
0.182179
0.280946
0.178586
0.130517
0.206427
0.267619
-0.042274
0.244416
0.126416
0.161658
0.224122
0.263159
0.221605
0.153837
0.229945
0.349705
0.002412
0.319219
0.253536
0.193182
0.124625
0.160766
0.266334
0.283720
0.269542
0.326675
0.200032
0.012759
-0.001595
0.168332
0.243650
0.274571
0.213143
0.189224
0.311726
0.206185
0.175028
0.137356
0.209428
0.066465
0.304678
0.170971
0.198426
0.117344
0.202270
0.130093
0.225746
0.216437
0.045177
0.054732
0.126388
0.253430
0.195161
0.137352
0.270668
0.154927
0.072616
0.362114
0.157863
0.188191
0.205095
0.364975
0.273057
0.122679
0.197164
0.173685
0.378379
0.057562
0.210182
0.248100
-0.027530
0.285461
0.096806
0.349233
0.281202
0.335309
0.150514
0.164435
0.170591
0.069217
0.254083
0.169841
0.247068
0.251578
0.023023
0.237215
0.104694
-0.058165
0.102044
0.184009
0.211771
0.299593
0.337402
0.310500
0.167318
0.323644
0.169779
0.327466
0.320701
0.259470
0.348038
0.170921
0.201074
0.210630
0.132399
0.078407
0.184588
0.122261
0.241626
0.136019
0.368199
0.285757
0.210794
0.173254
0.312954
0.176615
0.139228
0.054197
0.172729
0.353623
0.197214
0.088054
0.080499
0.257687
0.060060
0.063605
0.407131
0.317405
0.303928
0.129926
0.193970
0.183959
0.361826
0.133314
0.105382
0.077822
0.262314
0.201412
0.259446
0.330881
0.243152
0.389718
0.174586
0.290661
0.271371
0.011447
0.259970
0.324825
0.178549
0.246805
0.255483
0.058295
0.149078
0.180657
0.191704
0.139159
0.204826
0.225262
0.200422
0.098808
0.269568
0.474614
0.228246
0.149993
0.181155
0.259852
0.258747
0.101460
0.098358
0.194515
0.157172
0.111779
0.230969
0.261846
0.009183
0.178715
0.220011
0.384103
0.028693
0.396480
0.311032
0.164625
0.295111
0.211726
0.266381
0.157155
0.215385
0.115767
0.316623
0.319927
0.101856
0.084431
-0.053136
0.522666
0.130382
0.113549
0.146576
0.300226
0.116200
0.290272
0.340825
0.054645
0.277107
0.243603
0.225388
0.042173
0.197030
0.184716
0.267163
0.294948
0.131760
0.254657
0.094233
0.264423
0.060106
0.196076
0.277888
0.246402
0.322027
0.100052
0.406638
0.189625
0.336365
0.148325
0.151256
0.176977
0.162579
0.162680
0.261338
0.206315
0.233572
0.248611
-0.005894
0.178576
0.175123
0.266235
0.273005
0.398753
0.364503
0.339949
0.223177
0.177126
0.354489
0.291569
0.343307
0.240025
0.134419
0.141561
0.433582
0.199257
0.170052
0.156487
0.098810
0.181323
0.179384
0.163911
0.205668
0.178876
0.235088
0.178332
0.237725
0.235435
0.202962
0.253142
0.224310
0.171810
0.085770
0.115813
0.107272
0.249143
0.187012
0.114112
0.338066
0.147064
0.126546
0.170606
0.255466
0.183333
0.192297
0.197180
0.226631
0.227192
0.173157
0.239196
0.249432
0.283445
0.260427
0.306637
0.384587
0.429898
0.337080
0.313666
0.319098
0.317795
0.358456
0.323262
0.048619
0.269240
0.340434
0.316363
0.640453
0.183065
0.333710
0.511644
0.367891
0.198978
0.231479
0.286682
0.267546
0.244680
0.258601
0.231326
0.207473
0.257105
0.213576
0.030624
0.268442
0.169153
0.204460
0.183854
0.227497
0.278445
0.163275
0.104808
0.149197
0.234825
0.112898
-0.012122
0.016057
0.215158
0.175600
0.068194
0.335296
0.067585
0.382682
0.179725
0.168134
0.218205
0.101148
0.215621
0.037166
0.115183
0.322927
0.206001
0.211191
0.245029
-0.029021
0.265391
0.295105
0.153985
0.240556
0.275601
0.367152
0.249020
0.231945
0.301824
0.356348
0.424515
0.253957
0.379355
0.360197
0.334765
-0.071250
0.258434
0.147409
0.292548
0.249985
0.745985
0.555685
0.563332
0.454545
0.370677
0.110577
0.423832
0.152655
0.394881
0.200106
0.274284
0.098703
0.294513
0.290205
0.128970
0.157456
0.182893
0.206223
0.147844
0.212063
0.145721
0.323369
0.118833
0.228283
0.323519
-0.007060
0.075739
0.236935
0.197026
0.133513
0.200825
0.253923
0.023283
0.185467
0.279935
0.196242
0.225123
0.483296
0.257197
0.247296
0.270320
-0.020841
0.261550
0.200078
0.144989
0.140440
0.233219
0.126275
0.227148
0.265505
0.266308
0.241052
0.271073
0.292540
0.325172
0.331437
0.349415
0.426906
0.258849
0.370734
0.447390
0.189046
0.269432
0.467787
0.285801
0.348331
0.461291
0.381437
0.392045
0.300850
0.267675
0.144432
0.283693
0.217505
0.229517
0.218738
0.128376
0.020049
0.161833
0.225503
0.125358
0.294846
0.167940
0.226478
0.117032
0.222512
0.114471
0.180094
0.232621
0.277558
0.145541
0.259181
0.079849
0.162757
0.089615
0.122554
0.200153
0.209424
0.181184
0.306406
0.159056
0.314571
0.371420
0.022591
-0.036381
0.081624
-0.103828
0.352183
0.276541
0.221145
0.147827
0.215797
0.256677
0.042730
0.360678
0.189331
0.273423
0.221932
0.386463
0.453402
0.512225
0.378234
0.315095
0.343318
0.461542
0.346920
0.395214
0.427802
0.051839
0.042639
0.466361
0.429808
0.526558
0.372364
0.216262
0.255167
0.117381
0.244862
0.183368
0.280885
0.166899
0.239453
0.189826
0.222019
0.284988
0.232904
0.279640
0.118514
0.339376
0.181869
0.075034
0.265756
0.198098
0.182515
0.066883
0.087802
0.218507
0.452223
0.179664
0.071798
0.240826
0.291422
0.313723
0.179336
0.232895
0.235365
0.139344
0.107989
0.106665
0.283392
0.310474
0.156301
0.244496
0.243720
0.233380
0.173969
0.148823
0.157369
0.163217
0.222830
0.309555
0.202720
0.246275
0.260130
0.297698
0.345180
0.384436
0.307939
0.418617
0.409747
0.434614
0.349100
0.299539
-0.051966
0.378236
0.082088
0.500742
0.597777
0.380936
0.453622
0.282713
0.281958
0.307790
0.054271
0.193357
0.263323
0.137513
0.218974
0.191984
0.264670
0.174682
0.268667
0.219961
0.408490
0.172366
0.090055
0.252611
0.248479
0.194860
0.175592
0.094004
0.202358
0.203907
0.167967
0.383125
0.004398
0.254938
0.346884
0.212454
0.183030
0.259774
0.214359
0.152229
0.180890
0.224007
0.420805
0.082088
0.063083
0.133576
0.365054
0.279826
0.242592
-0.189570
0.147638
0.447295
0.201144
0.231055
0.327103
0.273308
0.273256
0.301172
0.359293
0.526171
0.432081
0.335402
0.376589
0.231827
0.579257
0.103487
0.160072
0.130034
0.358485
0.200518
0.574183
0.609316
0.445602
0.467639
0.280607
0.199963
0.240887
0.274681
0.204610
0.287014
0.203649
0.133951
0.306993
0.267763
0.229126
0.214070
0.079376
0.242174
0.335501
0.170734
0.176407
0.151523
0.016216
0.107876
0.302919
0.106653
0.433002
0.127518
0.220999
0.226892
0.183955
0.335171
0.085469
0.112485
0.353088
0.194661
0.226898
0.267294
0.180991
0.074047
0.185668
0.078899
0.331019
0.390302
0.181203
0.163690
0.070082
0.208422
0.077369
0.186359
0.103039
0.233021
0.347539
0.302255
0.315233
0.222305
0.425750
0.471236
0.307917
0.161203
0.479085
0.280450
0.216214
0.157347
0.341471
0.119562
0.721204
0.554858
0.435147
0.559821
0.295905
0.310067
0.343313
0.339795
0.169851
0.158260
0.231780
0.225234
0.229876
0.250399
0.196166
0.319501
0.139269
0.055686
0.077437
0.245873
0.138709
0.182834
-0.002201
0.293548
0.382094
0.305003
0.249607
0.201582
0.202056
0.175878
0.170144
0.140610
0.343243
0.209076
0.213850
0.184052
0.298614
0.246135
0.309762
0.253730
0.139656
0.093473
0.126785
0.077662
0.271411
0.191710
0.215655
0.322013
0.159023
0.149209
0.077580
0.136031
0.073067
0.289629
0.359771
0.297794
0.346900
0.406337
0.441338
0.399432
0.349652
0.426024
0.319737
0.463187
0.292344
0.227384
0.281008
0.474757
0.502410
0.431220
0.286634
0.310536
0.384253
0.224970
0.306715
0.262528
0.240123
0.203899
0.106935
0.194471
0.202316
0.135228
0.236562
0.047402
0.326239
0.178736
0.301194
0.203067
0.304796
0.222243
0.267291
0.083857
0.186309
0.139665
0.318564
0.302849
0.049046
0.119121
0.243400
0.139987
0.292036
0.137206
0.149504
0.148903
0.230034
0.211841
0.241775
0.211056
0.070747
0.294285
0.194338
0.187112
0.100984
0.194904
0.169626
0.190171
0.232082
0.245717
0.199841
0.221110
0.064350
0.301926
0.372419
0.147131
0.434173
0.322446
0.211641
0.310847
0.209035
0.305390
0.267192
0.257422
0.109523
0.229151
0.264240
0.171817
0.167684
0.166009
0.167842
0.122318
0.258376
0.154458
0.208477
0.252625
0.194158
0.299199
0.287938
0.184590
0.179076
0.189663
0.141439
0.040593
0.207909
0.371497
0.257247
0.192200
0.375924
0.239169
0.175635
-0.009620
0.271652
0.124345
0.221929
0.227623
0.135112
0.174500
0.152622
0.226493
0.229599
0.086219
0.259458
0.142291
0.104312
0.168970
0.172405
0.294556
0.259999
0.161083
0.328312
0.214874
-0.011203
0.063874
0.264928
0.302012
0.227159
0.237351
0.213696
0.073672
0.147630
0.273708
0.198438
0.208389
0.268878
0.088537
0.119151
0.228601
0.197027
0.330957
0.320069
0.153306
0.224522
