0.210527
0.591941
0.232295
0.258355
0.220470
0.377881
0.404872
0.413741
0.568648
0.470854
0.374666
0.600991
0.398277
0.900000
0.560899
0.380997
0.414258
-0.072187
0.630971
0.900000
0.900000
-0.146320
0.696312
0.900000
0.686607
0.596457
0.235501
0.595123
0.345139
0.559067
0.462473
0.209641
0.219176
0.878025
0.900000
0.900000
0.730644
0.728402
0.414213
0.752366
0.314260
0.900000
0.250054
0.272652
0.900000
-0.027093
0.900000
-0.040442
0.900000
0.898431
0.327943
0.888295
0.900000
0.900000
0.900000
0.900000
0.900000
0.900000
0.900000
0.900000
0.900000
0.319732
-0.541100
-0.688250
-0.411714
0.150993
0.520166
0.630498
0.900000
0.767745
0.900000
0.900000
0.226622
0.900000
0.882971
0.900000
0.900000
0.802158
-0.110040
-0.021403
0.584865
0.900000
0.900000
0.193699
-0.402972
-1.038889
0.181031
0.374663
0.900000
0.501610
0.290334
0.443892
0.900000
0.900000
0.483907
0.324761
0.900000
0.316661
0.900000
0.312038
0.900000
0.900000
0.624674
0.900000
0.900000
0.900000
0.900000
0.900000
0.900000
0.900000
0.900000
0.900000
0.900000
0.900000
0.110725
0.900000
0.745167
0.900000
0.900000
0.303798
0.665404
0.650372
0.339417
0.625016
0.900000
0.696376
0.900000
0.900000
0.804192
0.900000
0.900000
0.900000
0.900000
0.900000
0.614485
0.900000
0.900000
0.604546
0.839987
0.900000
0.900000
0.900000
0.821972
0.806288
0.153291
0.376454
0.410881
0.012196
0.221296
0.200454
0.384879
0.359317
-0.146671
0.160753
0.003447
0.117947
-0.004529
-0.033869
-0.145361
-0.064658
-0.128363
-0.014678
0.234839
0.296500
0.655034
0.388573
0.409613
0.262405
0.175498
0.210223
0.289980
0.348024
0.194070
0.046715
-0.005582
0.113708
0.039348
0.154678
-0.110602
-0.010493
-0.000868
-0.087157
-0.054892
0.135880
0.046972
0.201785
0.163529
0.117393
0.175075
0.287054
0.240264
0.491345
0.404700
0.302788
0.317401
0.020452
0.330650
-0.084957
0.326076
0.093923
0.353068
0.454870
0.287989
0.530884
0.289886
0.564320
0.444462
0.002918
0.445928
0.348356
0.548391
0.900000
0.711721
0.900000
0.664768
0.900000
0.397733
0.030699
-0.268369
0.363263
0.365818
0.709328
0.894492
0.213350
0.776386
0.272842
0.612897
0.350461
0.471047
0.261098
0.471217
0.390806
0.536169
0.566275
-0.421213
-0.472821
0.138029
0.653238
0.689750
0.237459
0.787617
0.258123
0.900000
0.370755
-0.030024
0.900000
-0.088709
0.900000
0.798194
0.358790
0.900000
0.841106
0.793833
0.691918
0.483593
0.538232
0.437699
0.325035
0.376033
0.296009
0.218354
0.257507
0.053875
0.109524
-0.010511
0.177058
0.163122
0.499163
0.482370
0.758768
0.515156
0.479945
0.444946
0.331220
0.226147
0.186439
0.173821
0.900000
-0.047591
0.562227
0.560576
0.243449
0.506607
-1.019092
-0.489740
0.108433
0.452459
-0.466537
0.308551
0.900000
0.900000
0.900000
0.900000
0.900000
0.900000
0.900000
0.900000
0.900000
0.900000
0.900000
0.900000
0.900000
0.830148
0.482504
0.251266
0.037023
0.802389
0.364086
0.809168
0.778890
0.779479
0.451021
0.564614
0.783361
0.900000
0.674467
0.104766
0.772356
0.655883
0.566063
0.466581
-0.109828
0.237477
0.294906
0.251041
0.286624
0.061940
0.111625
-0.009253
-0.022718
0.022488
0.428037
0.301756
0.426914
-0.457407
-0.803391
-0.032739
-0.098426
0.351346
0.900000
0.559289
0.526131
0.222018
0.900000
0.361140
0.348661
-0.046997
0.229919
0.900000
0.900000
0.847886
0.659831
0.149490
0.900000
0.424320
0.900000
0.900000
0.507551
0.453043
0.900000
0.814733
0.424144
0.215818
0.794411
0.292192
0.671741
0.419044
0.712722
0.501622
0.618400
0.568853
0.669336
0.349090
0.526062
0.365706
0.421597
0.196742
0.327415
-0.008524
0.073867
-0.091204
0.001489
-0.033801
0.129551
0.093841
0.109862
0.532545
0.657462
0.625744
0.380152
0.188994
0.325699
0.275540
0.407621
0.288525
0.773353
0.752542
0.217730
0.048558
-0.164262
-0.561658
0.847618
-0.360091
0.900000
0.900000
0.588265
0.900000
0.900000
0.774139
0.900000
0.900000
0.900000
0.900000
0.325935
0.900000
0.900000
0.900000
0.541231
0.178563
0.357934
-0.033260
0.394542
0.168370
0.900000
0.900000
0.483120
0.900000
0.711330
0.686550
0.476484
0.420492
0.177866
0.339210
0.107792
0.314258
0.169367
0.207294
0.332778
0.448463
0.709966
0.484964
0.468367
0.468753
0.399554
0.289889
0.277603
0.166566
0.109220
0.103204
0.047673
0.066999
-0.769177
-0.618308
-0.298655
-0.245067
-0.778793
0.302121
0.900000
0.900000
0.900000
0.294354
0.795017
0.900000
0.552004
0.496781
0.541717
0.601436
0.385205
0.360187
0.416726
0.183298
0.218883
0.267973
0.175916
0.150103
0.095313
0.198900
0.341486
0.293885
-0.051778
0.222695
0.008573
0.309752
0.097837
0.276207
0.264784
0.049823
0.287765
0.119958
0.054335
0.150030
0.088573
0.073281
-0.067856
0.118895
-0.019840
0.135911
0.039265
-0.041072
0.116298
0.102372
0.013045
0.076774
0.045415
0.138261
0.177952
0.339944
0.128790
0.163643
0.119573
0.276169
0.219485
0.257278
0.244883
0.257450
0.187442
0.370265
0.443161
0.570047
0.460539
0.832732
0.520244
0.469298
0.900000
0.537941
0.627340
0.900000
0.667600
0.900000
0.436839
0.900000
0.900000
0.900000
0.900000
0.900000
0.900000
0.900000
0.733480
0.879338
0.900000
0.779596
0.551652
0.692292
0.300148
0.570703
0.434822
0.397389
0.417909
0.393790
0.427822
0.480200
0.308558
0.264895
0.494702
0.231530
0.525961
0.496828
0.254832
0.344409
0.536883
0.482340
0.410577
0.663286
0.387128
0.321543
0.145699
-0.271520
0.272105
0.387030
0.183899
0.078616
-0.039728
0.133427
0.072353
0.178356
0.067107
0.066802
0.152312
-0.092820
-0.113667
0.043993
0.017955
-0.054822
0.020272
0.213538
0.027877
-0.503854
0.058128
0.034903
0.429098
0.161368
0.262018
0.462524
0.102847
0.417168
0.317910
0.713369
0.363065
0.900000
0.871141
0.050412
0.607755
0.479149
0.893592
0.309850
0.298444
0.146789
0.886201
0.900000
0.900000
0.335916
0.900000
0.146395
0.900000
0.118282
0.785833
0.697716
0.707071
0.715097
0.530187
0.633457
0.379486
0.309800
0.293477
0.347568
0.210270
0.177759
0.329506
0.580101
0.900000
0.580257
0.786688
0.699894
0.407574
0.803703
0.517860
0.900000
0.900000
0.900000
0.340317
0.402119
0.511631
0.900000
0.708263
0.717158
0.871794
0.900000
0.582089
0.841466
0.511148
0.473934
-0.325961
0.529759
0.462055
0.289870
0.289618
0.368333
0.396421
0.420561
0.124704
0.511856
0.663038
0.200392
0.431428
0.433983
0.415491
0.492507
0.402143
0.447034
0.550844
0.900000
0.472358
0.385490
0.430834
0.513827
0.619611
0.310149
0.293657
0.104700
0.226357
-0.023500
0.342429
0.123808
0.117990
0.255590
-0.052294
-0.072616
0.013637
-0.066017
0.148127
0.057444
0.072401
0.180874
0.001669
0.007331
0.116873
0.033888
0.394941
0.044109
0.196736
-0.019973
0.013621
0.164333
0.108986
0.078914
0.074258
0.051570
0.173596
0.029833
-0.021390
0.132640
0.144856
0.301936
0.351304
0.221471
0.249495
0.180476
0.171515
0.189509
0.165926
0.011410
0.203564
0.223939
0.275003
0.499185
0.409876
0.236428
0.199391
0.057204
0.141241
0.289672
0.105169
0.063621
0.259482
0.324585
0.422340
0.392248
0.273180
0.265327
0.186934
0.201470
0.191202
0.189883
-0.002231
0.230679
0.193957
0.560639
0.369458
0.365905
0.296403
0.204093
0.223899
0.133227
0.162092
0.157439
0.204708
0.363059
0.287664
0.406552
0.208797
0.279995
0.174060
0.260425
0.287588
0.196684
0.246301
0.306994
0.159058
0.511049
0.342251
0.365196
0.468226
0.122102
0.261927
0.195296
0.161711
0.241050
0.059201
0.195046
0.406451
0.411445
0.182781
0.286219
0.165688
0.346243
0.172026
0.183167
0.112752
0.261210
0.112374
0.490048
0.375311
0.134859
0.275693
0.175196
0.159149
0.263617
0.203556
0.177143
-0.078695
0.253957
0.115190
0.448876
0.322411
0.378886
0.179889
0.216317
0.110733
0.182482
0.196738
0.152229
0.291189
0.465205
0.396896
0.386213
0.286791
0.295997
0.224716
0.113830
-0.060395
0.122568
0.098151
0.096065
0.243953
0.143025
0.182968
0.241226
0.254122
0.216522
0.308211
0.287502
0.297415
0.284251
0.181174
0.249215
0.355755
0.229491
0.157123
0.235124
0.115310
0.258240
0.270110
0.271805
0.430930
0.567516
0.900000
0.900000
0.900000
0.900000
0.880450
0.504369
-0.023271
-1.829832
0.061936
0.160750
0.338221
0.900000
0.900000
0.829351
0.900000
0.563447
0.596553
0.766287
0.777395
0.824166
0.900000
0.676013
0.629952
0.550301
0.397780
0.348137
0.303407
0.378446
0.236322
0.435375
0.245315
0.180053
0.176041
-0.051353
0.176007
0.303313
0.579650
0.597830
-0.830952
-0.593782
0.526307
0.503374
0.900000
0.181156
-0.350302
0.900000
0.145118
0.900000
0.532595
0.233116
0.900000
0.308957
0.707395
0.522545
-0.040747
-0.501539
0.464624
0.251383
0.900000
0.477864
0.900000
0.852238
0.900000
0.775390
0.900000
0.710732
0.660796
0.814100
0.784393
0.900000
0.900000
0.474843
0.267473
-0.805213
-0.665175
0.504799
0.350247
0.610687
0.900000
0.900000
0.341289
0.489510
0.101134
0.837741
0.848435
0.900000
0.881686
0.731466
0.900000
0.900000
0.900000
0.412006
0.748552
0.900000
0.630721
0.900000
0.900000
0.900000
0.900000
0.900000
0.777943
0.617196
0.801753
0.662742
0.400714
0.416327
0.307731
0.198124
0.252108
0.318799
-0.173598
0.119411
-0.194898
0.106604
0.028853
0.054430
-0.041748
0.061134
-0.112556
0.133481
-0.078954
-0.053911
0.005099
0.025510
-0.033488
0.080928
0.031421
-0.054278
0.101572
0.034907
0.204686
0.150437
0.224581
0.267140
0.214867
0.006698
0.067405
0.145133
0.261894
0.291193
0.226632
0.259279
0.058221
0.099567
0.320407
0.403845
0.348607
0.429033
0.521746
0.225520
0.198774
0.098893
0.214584
0.271204
0.158893
