-0.062714
-0.062714
-0.062714
-0.062714
-0.062714
-0.062714
-0.062714
-0.062714
-0.062714
-0.062714
-0.062714
-0.062714
-0.062714
-0.062714
-0.062714
-0.062714
-0.062736
-0.062736
-0.062736
-0.062736
-0.062736
-0.062736
-0.062736
-0.062736
-0.062736
-0.062714
-0.062736
-0.062736
-0.062736
-0.062736
-0.062736
-0.062736
-0.062736
-0.062736
-0.062736
-0.062736
-0.062736
-0.062736
-0.062736
-0.062736
-0.062736
-0.062736
-0.062736
-0.062736
-0.062736
0.900000
0.136225
0.148983
0.113175
0.107837
0.193816
0.132037
-0.002458
0.145159
0.450534
0.847023
0.376908
0.249125
0.082406
0.181239
0.180068
0.187123
0.198894
0.264210
0.311385
0.287993
0.173897
0.006981
0.071485
0.247989
0.204285
0.361226
0.430556
0.295841
0.394324
0.294333
0.385884
-0.040378
0.195741
0.432017
-0.076772
0.466104
0.480968
0.112463
0.657643
0.158379
0.636853
0.403098
0.458866
0.363970
0.399043
0.228325
0.381932
0.406448
0.332955
0.348498
0.563306
0.212920
0.323116
0.438313
0.543991
0.140081
0.900000
0.149168
-0.088777
0.758325
0.016563
0.674667
0.135612
0.652232
0.234657
0.447402
0.323677
0.264793
0.353536
0.032346
0.358454
-0.133417
0.318777
0.186752
0.139766
0.315304
0.479644
0.606335
0.476139
0.705489
0.457455
0.375736
0.698796
-0.084359
0.609456
0.153669
0.614265
0.175506
-0.148695
0.395454
0.290329
0.784618
0.201912
0.724125
0.497631
0.437365
0.485396
0.211367
-0.357862
-0.056757
0.184888
0.080904
0.344211
0.381647
0.060303
0.236328
0.519047
0.415656
0.455483
0.242962
0.289566
0.232766
0.239448
0.218425
0.213985
-0.046224
0.338715
-0.900000
-0.784411
-0.374282
0.054011
0.091016
-0.380293
-0.779961
-0.461742
-0.308763
-0.202135
-0.160545
-0.133696
-0.069995
-0.011690
-0.023448
-0.004078
-0.000810
-0.001051
0.005793
0.009456
0.002744
0.002656
0.002634
0.002656
0.002656
0.002656
0.002656
0.002656
0.002656
0.002656
0.002656
0.002656
0.002656
0.002656
0.002656
0.002656
0.002656
0.002656
0.002656
0.002656
0.002656
0.002656
0.002656
0.002656
0.002656
0.002656
0.002656
0.002656
0.002656
0.002656
0.002656
0.002656
0.006056
0.002656
0.002656
0.002656
0.002656
0.002656
0.002656
0.002656
0.002656
0.002656
0.002656
0.002656
0.002656
0.002656
0.002656
0.002656
0.002656
0.002656
0.002656
0.002656
0.002656
0.002656
0.002656
0.002656
0.002656
0.002656
0.002656
0.002656
0.002656
0.002656
0.002656
0.002656
0.002656
0.002656
0.002656
0.002656
0.002656
0.002656
0.002656
0.002656
0.002656
0.002656
0.002656
0.002656
0.002656
0.002656
0.002656
0.002656
0.002656
0.002656
0.002656
0.002656
0.002656
0.002656
0.002656
0.002656
0.002656
0.002656
0.002656
0.002656
0.002656
0.002656
0.002656
0.002656
0.002656
0.002656
0.002656
0.002656
0.002656
0.002656
0.002656
0.002656
0.002656
0.002656
0.002656
0.002656
0.002656
0.002656
0.002656
0.002656
0.002656
0.002656
0.002656
0.002656
0.002656
0.002656
0.002656
0.002656
0.002656
0.002656
0.002656
0.002656
0.002656
0.002656
0.002656
0.002656
0.002656
0.002656
0.002656
0.002656
0.002656
0.002656
0.002656
0.002656
0.002656
0.002656
0.002656
0.002656
0.002656
0.002656
0.002656
0.002656
0.002656
0.002656
0.002656
0.002656
0.002656
0.002656
0.002656
0.002656
0.002656
0.002656
0.002656
0.002656
0.002656
0.002656
0.002656
0.002656
0.002656
0.002656
0.002656
0.002656
0.002656
0.002656
0.002656
0.002656
0.002656
0.002656
0.002656
0.002656
0.002656
0.002656
0.002656
0.002656
0.002656
0.002656
0.002656
0.002656
0.002656
0.002656
0.002656
0.002656
0.002656
0.002656
0.002656
0.002656
0.002656
0.002656
0.002656
0.002656
0.002656
0.002656
0.002656
0.002656
0.002656
0.002656
0.002656
0.002656
0.002656
0.002656
0.002656
0.002656
0.002656
0.002656
0.002656
0.002656
0.002656
0.002656
0.002656
0.002656
0.002656
0.002656
0.002656
0.002656
0.002656
0.002656
0.002656
0.002656
0.002656
0.002656
0.002656
0.002656
0.002656
0.002656
0.002656
0.002656
0.002656
0.002656
0.002656
0.002656
0.002656
0.002656
0.002656
0.002656
0.002656
0.002656
0.002656
0.002656
0.002656
0.002656
0.002656
0.002656
0.002656
0.002656
0.002656
0.002656
0.002656
0.002656
0.002656
0.002656
0.002656
0.002656
0.002656
0.002656
0.002656
0.002656
0.002656
0.002656
0.002656
0.002656
0.002656
0.002656
0.002656
0.002656
0.002656
0.002656
0.002656
0.002656
0.002656
0.002656
0.002656
0.002656
0.002656
0.002656
0.002656
0.002656
0.002656
0.002656
0.002656
0.002656
0.002656
0.002656
0.002656
0.002656
0.002656
0.002656
0.002656
0.002656
0.002656
0.002656
0.002656
0.002656
0.002656
0.002656
0.002656
0.002656
0.002656
0.002656
0.002634
0.002634
0.002634
0.002634
0.002634
0.002634
0.002634
0.002634
0.002634
0.002634
0.002634
0.002634
0.002634
0.002634
0.002634
0.002634
0.002634
0.002634
0.002634
0.002656
0.002656
0.002656
0.002656
0.002656
0.002656
0.002656
0.002634
0.002634
0.002656
0.006100
0.006187
0.002941
0.006560
0.006714
0.003226
-0.010813
-0.018775
-0.030818
-0.039768
-0.024720
-0.029524
-0.027659
-0.028998
-0.023426
-0.010067
-0.010045
-0.010045
-0.010045
-0.010067
-0.010067
-0.010067
-0.010067
-0.010067
-0.010067
-0.010067
-0.010067
-0.010067
-0.010067
-0.010067
-0.010067
-0.010067
-0.010067
-0.010067
-0.010067
-0.010067
-0.010067
-0.010067
-0.010067
-0.010067
-0.010067
-0.010067
-0.010067
-0.010067
-0.010067
-0.010067
-0.010067
-0.010067
-0.010067
-0.010067
-0.010067
-0.010067
-0.010067
-0.010067
-0.010067
-0.010067
-0.010067
-0.010067
-0.010067
-0.010067
-0.010067
-0.010067
-0.010067
-0.010067
-0.010067
-0.010067
-0.010067
-0.010067
-0.010067
-0.010067
-0.010067
-0.010067
-0.010067
-0.010067
-0.010067
-0.010067
-0.010067
-0.010067
-0.010067
-0.010067
-0.010067
-0.010067
-0.010067
-0.010067
-0.010067
-0.010067
-0.010067
-0.010067
-0.010067
-0.010067
-0.010067
-0.010067
-0.010067
-0.010067
-0.010067
-0.010067
-0.010067
-0.010067
-0.010067
-0.010067
-0.010067
-0.010067
-0.010067
-0.010067
-0.010067
-0.010067
-0.010067
-0.010067
-0.010067
-0.010067
-0.010067
-0.010067
-0.010067
-0.010067
-0.010067
-0.010067
-0.010067
-0.010067
-0.010067
-0.010067
-0.010067
-0.010067
-0.010067
-0.010067
-0.010067
-0.010067
-0.010067
-0.010067
-0.010067
-0.010067
-0.010067
-0.010067
-0.010067
-0.010067
-0.010067
-0.010067
-0.010067
-0.010067
-0.010067
-0.010067
-0.010067
-0.010067
-0.010067
-0.010067
-0.010067
-0.010067
-0.010067
-0.010067
-0.010067
-0.010067
-0.010067
-0.010067
-0.010067
-0.010067
-0.010067
-0.010067
-0.010067
-0.010067
-0.010067
-0.010067
-0.010067
-0.010067
-0.010067
-0.010067
-0.010067
-0.010067
-0.010067
-0.010067
-0.010067
-0.010067
-0.010067
-0.010067
-0.010067
-0.010067
-0.010067
-0.010067
-0.010067
-0.010067
-0.010067
-0.006645
-0.010045
-0.010045
-0.010045
-0.010045
-0.010045
-0.010045
-0.010045
-0.010045
-0.010045
-0.010045
-0.010045
-0.010045
-0.010045
-0.010045
-0.010045
-0.010045
-0.010045
-0.010045
-0.010045
-0.010045
-0.010045
-0.010045
-0.010045
-0.010045
-0.010045
-0.010045
-0.010045
-0.010067
-0.010067
-0.010067
-0.010067
-0.010067
-0.010067
-0.010067
-0.010067
-0.010067
-0.010067
-0.010067
-0.010067
-0.010067
-0.010067
-0.010067
-0.010067
-0.010067
-0.010067
-0.010067
-0.010067
-0.010067
-0.010067
-0.010067
-0.010067
-0.010067
-0.010067
-0.010067
-0.010067
-0.010067
-0.010067
-0.010067
-0.010067
-0.010067
-0.010067
-0.010067
-0.010067
-0.010067
-0.010067
-0.010067
-0.010067
-0.010067
-0.010067
-0.010067
-0.010067
-0.010067
-0.010067
-0.010067
-0.010067
-0.010067
-0.010067
-0.010067
-0.010067
-0.010067
-0.010067
-0.010067
-0.010067
-0.010067
-0.010067
-0.010067
-0.010067
-0.010067
-0.010067
-0.010067
-0.010067
-0.010067
-0.010067
-0.010067
-0.010067
-0.010067
-0.010067
-0.010067
-0.010067
-0.010067
-0.010067
-0.010067
-0.010067
-0.010067
-0.010067
-0.010067
-0.010067
-0.010067
-0.010067
-0.010067
-0.010067
-0.010067
-0.010067
-0.010067
-0.010067
-0.010067
-0.010067
-0.010067
-0.010067
-0.010067
-0.010067
-0.010067
-0.010067
-0.010067
-0.010067
-0.010067
-0.010067
-0.010067
-0.010067
-0.010067
-0.010067
-0.010067
-0.010067
-0.010067
-0.010067
-0.010067
-0.010067
-0.010067
-0.010067
-0.010067
-0.010067
-0.010067
-0.010067
-0.010067
-0.010067
-0.010067
-0.010067
-0.010067
-0.010067
-0.010067
-0.010067
-0.010067
-0.010067
-0.010067
-0.010067
-0.010067
-0.010067
-0.010067
-0.010067
-0.010067
-0.010067
-0.010067
-0.010067
-0.009519
-0.026804
-0.042027
-0.054662
-0.074909
-0.074975
-0.064665
-0.057032
-0.035315
-0.068043
-0.046766
-0.066157
-0.072102
-0.067232
-0.092875
-0.080591
-0.071817
-0.063415
-0.078397
-0.059467
-0.057230
-0.061946
-0.080306
-0.078047
-0.075699
-0.080394
-0.057625
-0.099522
-0.079451
-0.056308
-0.084518
-0.065061
-0.058919
-0.045955
-0.090901
-0.057669
-0.037751
-0.038190
-0.050474
-0.049333
-0.062736
-0.062736
-0.062714
-0.062714
-0.062714
-0.062714
-0.062714
-0.062714
-0.062714
-0.062714
-0.062714
-0.062714
-0.062714
-0.062714
-0.062714
-0.062714
-0.062714
-0.062714
-0.062714
-0.062714
-0.062714
-0.062714
-0.062714
-0.062714
-0.062714
-0.062714
-0.062714
-0.062714
-0.062714
-0.062714
-0.062714
-0.062714
-0.062714
-0.062714
-0.062714
-0.062714
-0.062714
-0.062714
-0.062714
-0.062714
-0.062714
-0.062714
-0.062714
-0.062714
-0.062714
-0.062714
-0.062714
-0.062714
-0.062714
-0.062714
-0.062714
-0.062714
-0.062714
-0.062714
-0.062714
-0.062714
-0.062714
-0.062714
-0.062714
-0.062714
-0.062714
-0.062714
-0.062714
-0.062714
-0.062714
-0.062714
-0.062714
-0.062714
-0.062714
-0.062714
-0.062714
-0.062714
-0.062714
-0.062714
-0.062714
-0.062714
-0.062714
-0.062714
-0.062714
-0.062714
-0.062714
-0.062714
-0.062714
-0.062714
-0.062714
-0.062714
-0.062714
-0.062714
-0.062714
-0.062714
-0.062714
-0.062714
-0.062714
-0.062714
-0.062714
-0.062714
-0.062714
-0.062714
-0.062714
-0.062714
-0.062714
-0.062714
-0.062714
-0.062714
-0.062714
