0.188914
0.174428
0.119317
-0.018206
0.127986
0.111373
0.209087
0.165186
0.196874
0.250016
0.242878
0.336710
0.318605
0.385785
0.320321
0.361903
0.398395
0.331812
0.157262
0.428656
0.333103
0.462076
0.380094
0.498648
0.357681
0.343327
0.077240
0.178288
0.247487
0.138063
0.190920
0.218183
0.278109
0.313095
0.006717
0.288127
0.184984
0.328243
0.221875
0.199586
0.181085
0.240203
0.154271
0.117772
0.185801
0.115547
0.203171
0.272523
0.259396
0.350202
0.374498
0.321208
0.354848
0.374758
0.415572
0.255784
0.440320
0.413397
0.426659
0.117775
0.498964
0.253935
0.386351
0.493850
0.389976
0.372704
0.272428
0.285274
0.129010
0.401997
0.104705
0.345413
0.234244
0.173777
0.227352
0.277861
0.270000
0.357163
0.319843
0.379060
0.255423
0.480408
0.471274
0.199308
0.180968
0.314631
0.367112
0.634323
0.408663
0.619193
0.335469
0.463872
0.319747
0.480092
0.392566
0.340993
0.211440
0.365096
0.143961
0.264341
0.199322
0.089334
0.259293
0.360398
0.296431
0.456945
0.500088
0.418398
0.782227
0.367586
0.512215
0.447776
0.209212
0.385297
0.383748
0.185216
0.380692
0.348257
0.409816
0.432396
0.248846
0.273882
0.257569
0.386186
0.482973
0.273584
0.397835
0.425481
0.249258
0.431222
0.408548
0.286177
0.215552
0.113603
0.223003
0.226850
0.319141
0.313533
0.076881
0.207645
0.052759
-0.178455
-0.059493
0.004882
0.102114
0.140137
0.020546
0.003110
0.106057
0.264805
-0.085830
0.036751
0.185647
0.111505
0.074802
0.070298
0.131627
0.129607
0.177425
0.258760
0.168339
0.231490
0.157323
0.046305
0.109539
0.219399
0.198047
0.159015
0.202944
0.135527
0.370182
0.229726
0.284366
0.284233
0.145969
0.143816
0.252185
0.123035
0.243357
0.334644
0.390594
0.335132
0.320054
0.312258
0.325060
0.219849
0.485349
0.353069
0.512292
0.138675
-0.320851
0.527354
0.432588
0.490117
0.467669
0.458602
0.436713
0.190298
0.464161
0.262016
0.376581
0.429666
0.406339
0.273116
0.360302
0.367400
0.259841
0.580115
0.429299
0.485665
0.478067
0.467113
0.900000
0.219684
0.406524
0.172527
0.481153
-0.159419
0.487958
0.483233
0.590819
0.446893
0.521955
0.263039
0.409199
0.133825
0.254130
0.348861
0.343281
0.328992
0.306324
0.426611
0.109676
0.411261
0.369904
0.429253
0.406826
0.546197
0.484221
0.489257
0.494294
0.020504
0.180197
0.599534
0.074829
0.689255
0.275630
0.154881
0.178108
0.454357
0.482043
0.176006
0.354426
0.455694
0.607919
0.423980
0.574516
0.305421
0.380259
0.322516
0.396671
0.182198
0.672911
0.407657
0.487187
0.145158
0.551003
0.535267
0.190803
0.736619
0.323584
0.562718
0.379942
0.464338
0.445515
0.291306
0.094957
0.313914
0.385319
0.379785
0.215120
0.278161
0.378777
0.319505
0.169288
0.147251
0.216778
0.315809
0.334204
0.159084
0.336339
0.346713
0.316044
0.277852
0.330605
0.283310
0.234523
0.284841
0.197579
0.103165
0.293016
0.286258
0.307475
0.441251
0.346087
0.486696
0.410832
0.454530
0.678746
0.652519
0.539844
0.397643
0.432156
0.420626
0.410565
0.359616
0.354491
0.428663
0.330597
0.086000
0.345155
0.304341
0.215005
0.175265
0.254965
0.410496
0.366435
0.258870
0.302157
0.247325
0.265276
0.172891
0.204267
0.223424
0.131807
0.368676
0.288311
0.176842
0.302256
0.508327
0.282507
0.271459
0.065360
0.269062
0.148160
0.334182
0.319976
0.217061
0.084315
0.154911
0.253125
0.215272
0.172878
0.356947
0.325960
0.386949
0.195546
0.242167
0.305942
0.168347
0.178709
0.272733
0.118673
0.209150
0.056024
0.303980
0.132227
0.026726
0.132684
0.156325
0.234852
0.136404
0.000345
0.178242
0.145394
0.063587
0.132438
0.163245
0.152308
0.098948
0.108434
0.072141
-0.056894
0.181275
0.154834
0.125739
0.385711
0.278394
0.274371
0.274188
0.297782
0.230190
0.502381
0.371636
0.220228
0.283021
0.310432
0.129038
0.493578
0.377968
0.263237
0.387099
0.356534
0.302367
0.321486
0.182691
0.147607
0.365573
0.375743
0.472208
0.383382
0.321208
0.183224
0.261548
0.272968
0.180654
0.168230
0.271845
0.306737
0.272427
0.302038
0.109046
0.201108
0.295911
0.251934
-0.015629
0.264245
0.099034
0.320758
0.227894
0.329140
0.236037
0.080965
0.298646
0.107578
0.610159
0.404833
0.461857
0.496770
0.365784
0.251974
0.341726
0.405706
0.427903
0.331976
0.157762
0.372048
0.273226
0.279015
0.050180
0.179203
0.057195
0.334876
0.351808
0.171692
0.202645
0.383310
0.398272
0.542609
0.400952
0.400204
0.163678
0.228489
0.091372
0.150497
0.123165
0.328213
0.216308
0.114579
-0.083741
0.555208
0.031456
0.324100
0.291517
0.127825
0.169494
0.554456
0.519855
0.314134
0.438194
0.626305
0.469172
0.498338
0.697374
0.382414
0.200581
0.510699
0.265538
0.416929
-0.013194
0.405922
0.512148
0.398754
0.363320
0.296736
0.245333
0.134461
0.227065
0.348781
0.275251
0.266058
0.423027
0.332409
0.259843
0.150492
0.224808
0.312548
0.194927
0.254831
0.429480
0.250556
0.211064
0.348408
0.418457
0.552906
0.594064
0.447780
0.377905
0.360650
0.351700
0.029621
0.098661
0.183641
0.225953
0.047539
0.181580
0.029569
-0.085592
0.126979
0.045957
0.773566
0.291052
0.124359
0.258156
0.157551
0.080965
0.463887
0.231119
0.363646
0.372806
0.485569
0.235933
0.296993
0.858384
0.123664
0.713029
0.094605
0.674618
0.421318
0.391720
0.150967
0.419407
0.406194
0.225326
0.301982
0.287145
0.242541
0.229393
0.249324
0.204874
0.416832
0.257818
0.340535
0.152632
0.293588
0.154843
0.295997
0.047881
0.232182
0.120527
0.208197
0.254918
0.351982
0.280910
0.385418
0.381973
0.415177
0.495028
0.511084
0.423140
0.304815
0.242692
0.292055
0.101702
0.216683
0.168854
0.129628
0.194917
0.080778
0.145267
0.261015
0.208093
0.408430
0.184363
0.036825
0.365654
0.169365
0.254774
0.035300
0.112387
0.238970
0.642300
0.900000
0.869866
0.491775
0.854056
0.441439
0.657913
0.223338
0.539400
0.423308
0.408361
0.356343
0.235316
0.248359
0.272830
0.083824
0.317956
0.253479
0.176388
0.264627
0.320144
0.182671
0.291491
0.280170
0.298594
0.225151
0.177702
0.239471
0.176250
0.130446
0.304832
0.211867
0.183787
0.287716
0.383106
0.427940
0.407466
0.478725
0.552169
0.371213
0.327127
0.286479
0.251587
0.056394
0.172107
0.027387
0.194170
0.243157
0.200995
-0.014717
0.137620
0.157866
0.406668
0.029506
0.158253
0.241689
0.209654
0.044492
0.371149
0.246941
0.534289
0.540160
0.440125
0.219971
0.669102
0.401647
0.549946
0.376668
0.413243
0.420303
0.182709
0.192089
0.312288
0.068070
0.441033
0.455743
0.449001
0.437542
0.387300
0.325872
0.201971
0.250594
0.315507
0.217343
0.301574
0.210758
0.083288
0.047750
0.090741
0.262978
0.135003
0.023985
0.225487
0.304460
0.180923
0.354835
0.353372
0.405954
0.415539
0.582178
0.515633
0.440425
0.265920
0.132073
0.017626
0.250089
0.204811
0.158405
0.177379
0.138707
0.173445
0.269705
-0.054851
0.097654
0.126942
0.270306
0.154433
0.301876
0.258413
0.322785
0.479331
0.328932
0.540778
0.471300
0.546992
0.369831
0.502029
0.369179
0.393036
0.440935
0.239930
0.261616
0.160989
0.369281
0.341853
0.279481
0.366711
0.227542
0.294613
0.200698
0.320239
0.346182
0.358793
0.341703
0.313228
0.082968
0.434067
0.018451
0.071971
0.137337
0.184014
0.302223
0.283296
0.369706
0.361471
0.439711
0.469778
0.472141
0.445401
0.440209
0.199252
0.202467
0.260156
0.259731
-0.017239
0.222809
0.126296
0.173231
0.184428
0.126685
0.140467
0.011417
-0.356114
-0.055147
0.129524
0.224769
0.206576
0.128915
0.175936
0.488730
0.216062
0.726298
0.437749
0.724724
0.441944
0.546782
0.485821
0.005707
0.544375
0.338827
-0.244209
0.519340
-0.095547
0.410324
0.448966
0.562497
0.340785
0.272535
0.450819
0.357146
0.384162
0.386399
0.409144
0.373321
0.419976
0.314792
0.313232
0.315863
0.170800
0.044734
0.281066
0.370180
0.369702
0.312455
0.376835
0.346016
0.281024
0.712047
0.471044
0.529785
0.404257
0.200798
0.186857
0.177878
0.287900
0.141899
0.084058
0.206547
0.136365
0.196842
0.136440
0.801343
0.144477
0.132462
0.219459
0.312186
0.031884
-0.038998
0.070745
-0.093568
0.419497
0.144592
0.076166
0.604982
0.348865
-0.217621
0.679252
0.494262
0.900000
0.900000
0.506083
0.706391
0.582950
0.692620
0.510832
0.369711
0.556309
0.178174
0.377977
0.206147
0.296557
0.304417
0.480887
0.542370
0.383576
0.457431
0.383177
0.364157
0.340595
0.229248
0.256516
0.468471
0.335097
0.403765
0.441767
0.151678
0.363717
0.367455
0.214200
0.411740
0.298167
0.386617
0.463116
0.418663
0.642032
0.525205
0.404606
0.300334
0.316111
0.343754
0.067739
0.083239
0.287315
0.246875
0.366157
0.226201
0.123708
0.132646
0.293843
0.120773
0.539552
0.386473
0.411424
0.529568
0.407023
0.337259
0.622172
-0.086686
0.900000
-0.002514
0.354172
0.539832
0.106116
0.255167
0.151277
0.035652
0.333523
0.135744
0.303560
0.246079
0.340105
0.170659
0.191909
0.161702
0.265608
0.111377
0.377213
0.320172
0.236794
0.243340
0.244109
0.319480
0.180873
0.080589
0.219396
0.125444
0.117040
-0.013194
0.457743
0.367695
0.262229
0.503459
0.293374
0.262865
0.191647
0.232555
0.187168
0.201775
0.222743
0.341447
0.179976
0.130619
0.330778
0.254927
0.192164
0.225222
0.440957
0.227653
0.104745
0.205647
0.260216
0.346281
0.123488
0.184399
0.098307
-0.034278
0.116906
0.120962
0.160422
0.237896
0.309310
0.211685
0.413387
0.315295
0.140406
0.145610
0.336672
0.299216
0.060681
0.165969
0.212800
0.190511
0.089078
0.074182
0.070275
0.304458
-0.068406
0.139103
0.094198
0.223485
0.260927
0.373125
0.201543
0.197760
-0.094522
0.171926
0.036772
0.265574
0.180718
