0.278975
-0.062945
0.231489
0.120771
0.245752
0.233262
0.330165
0.282206
0.278271
0.138774
0.431014
0.403454
0.249633
0.390671
0.352933
0.451942
0.451605
0.128419
0.021233
0.542678
0.332483
0.525157
0.306253
0.325372
0.371670
0.199291
0.246795
0.307504
0.263449
0.142444
0.253999
0.371610
0.196072
0.279463
0.268092
0.137062
0.190400
0.326458
0.312477
0.168856
0.438085
0.148592
0.179447
0.125959
0.085655
0.099488
0.165812
0.232028
0.074784
0.121345
0.177996
0.210738
0.249928
0.306316
0.237079
0.360765
0.108080
0.058124
0.235158
0.231728
0.336813
0.186721
0.009033
0.196246
0.079430
0.118927
0.193544
0.158746
0.199340
0.285670
0.335477
0.191044
0.278647
0.289497
0.224010
0.315035
0.426701
0.396641
0.449212
0.449248
0.444545
0.484350
0.168139
0.504229
0.407418
0.242432
0.371888
0.155638
0.215206
0.336085
0.298128
0.256507
0.295149
0.336731
0.184423
0.209706
0.195769
0.054341
0.165897
0.076062
0.147761
0.051411
0.317109
0.170175
0.282916
0.075418
0.099693
0.226735
0.108274
0.113267
0.208525
0.172213
0.054651
0.201831
0.305578
0.280826
0.143544
0.186749
0.230129
0.091860
0.418561
0.148064
0.348043
0.234714
0.196012
0.031771
0.231179
0.169268
0.178736
0.246794
0.162706
0.227627
-0.088759
0.284555
0.232361
0.225991
0.262330
0.413919
0.415293
0.266736
0.262450
0.084896
0.341709
0.462654
0.337502
0.593264
0.375676
0.293826
0.274426
0.215235
0.382003
0.361200
0.475059
0.450702
0.404541
0.221721
0.212763
0.086690
0.322907
0.192403
0.345461
0.324504
0.309338
0.102081
0.188082
-0.007044
0.036249
0.297296
0.187324
0.228225
0.109348
0.113156
0.113476
0.094603
0.092181
0.194393
0.422098
0.075441
0.145955
0.900000
0.170462
0.191775
0.370674
0.081378
0.150160
0.148638
0.224768
0.169744
0.321465
0.259686
0.178603
0.102807
0.268653
0.267614
0.196644
0.176432
0.093924
0.193898
0.134334
0.168633
0.235353
0.303630
0.291381
0.190622
0.307597
0.309650
0.313415
0.362871
0.403268
0.407099
0.176569
0.499146
0.139503
0.490026
0.075104
0.553870
0.265401
0.599846
0.285149
0.390475
0.260849
0.333163
0.160258
0.193415
0.187879
0.325275
0.261061
0.452661
0.145597
0.260816
0.075495
0.226097
-0.020139
0.325031
0.101564
0.089886
0.175009
0.082454
0.246437
0.216179
0.103597
0.182556
0.117947
0.142550
0.068158
0.089756
0.248101
0.212754
0.200834
0.008297
0.187064
0.179071
0.283541
0.152643
0.240092
0.283735
-0.013808
0.210102
0.369456
0.218706
0.242629
0.040242
0.218373
-0.112008
0.134518
0.325700
0.211758
0.251519
0.229707
0.296514
0.514678
0.291145
0.439422
0.326752
0.472089
0.462605
0.401637
0.441200
0.379663
0.017014
0.267818
0.338332
0.164813
0.788500
0.555404
0.544340
0.396091
0.442981
0.339985
0.281057
0.130812
0.322191
0.067861
0.140876
0.284765
0.217524
0.352507
0.199563
0.023609
0.260746
0.200261
0.218942
0.214568
0.200916
0.033012
0.116753
0.221399
0.152118
0.252487
0.069118
0.319220
0.208283
0.234663
0.092511
0.075810
0.262540
0.316778
0.154621
0.219542
0.258886
0.381541
0.278019
0.248792
0.002622
0.108036
0.334820
0.144366
0.272944
0.113244
0.199596
0.349430
0.162289
0.131329
0.296891
0.325048
0.159951
0.408035
0.235876
0.344361
0.351679
0.428314
0.393757
0.384514
0.509516
0.390617
0.405942
0.340894
0.400617
0.454131
0.256790
0.266696
0.061260
0.376072
0.314819
0.111160
0.271896
0.203405
0.137743
0.107550
0.164553
0.223200
0.157669
0.246763
0.282137
0.209653
0.328579
0.252081
0.237025
0.197247
0.158412
0.100581
0.206061
0.214191
0.450363
0.143716
0.186241
0.092348
0.050113
0.246078
0.206256
0.307173
0.183865
0.171989
0.244807
0.196057
0.284208
0.149449
0.092824
0.139648
0.197682
0.238254
0.188627
0.071833
0.242199
0.012831
0.422076
-0.172806
0.104299
0.242880
0.309687
0.179184
0.298045
0.277197
0.419705
0.309009
0.324531
0.375019
0.467798
0.227989
0.360472
0.500128
0.165645
0.477232
-0.141449
0.594373
0.309509
0.551099
0.218591
0.275527
0.382170
0.253619
0.338940
0.308265
0.216763
0.222699
0.348097
0.226740
0.166825
0.076244
0.044100
0.134949
0.105919
0.445321
0.192307
0.117300
0.235503
0.115572
0.126531
0.174891
0.083345
0.228769
0.236263
0.255338
0.158725
0.228077
0.182377
0.123098
0.189160
0.118453
0.099777
-0.150693
0.059201
0.151344
0.225872
0.212878
0.369841
0.092171
0.077554
0.186148
0.264823
0.170272
0.176164
-0.121204
0.267684
0.206080
0.286532
0.325174
0.318870
0.296663
0.259671
0.040174
0.044263
0.144660
0.340295
0.394358
0.223405
0.374401
0.363008
0.334418
0.432286
0.349997
0.183519
0.210074
0.236871
0.166602
0.227904
0.203327
0.291654
0.206776
0.219578
0.140974
0.411958
0.091339
0.334991
0.178976
0.171575
0.381425
0.231114
0.233364
0.130500
0.330544
0.077530
0.154976
0.020612
0.251871
0.309816
0.062286
0.281656
0.235758
0.109422
0.203890
0.310818
0.272202
0.125050
0.164986
0.244713
0.114407
0.267882
0.219045
0.094596
0.178711
0.331791
0.317524
0.217138
0.202476
-0.080940
0.263133
0.036464
0.189632
0.267627
0.298613
0.090260
0.321102
-0.033386
0.154330
0.141007
0.132729
0.033352
0.241775
0.075012
0.098256
0.138740
0.149393
0.296331
0.049876
0.250753
0.108734
0.214916
0.184109
0.059945
0.204010
0.166952
0.211188
0.193609
0.387950
0.208245
0.119441
0.231501
-0.003328
0.154161
0.293576
0.156645
0.170522
0.120061
0.120119
0.297021
0.109682
0.147205
0.293837
0.272682
0.101115
-0.014275
0.197549
0.029974
0.250660
0.128163
0.080817
0.367200
0.297897
0.134227
0.379920
0.182271
0.245985
0.191313
0.028411
0.158831
0.168694
0.158771
0.234330
0.170050
0.224596
0.288661
0.254674
0.166331
0.155771
0.165415
0.258194
0.112050
0.279191
0.110564
0.063262
0.182627
0.244345
0.198689
0.304322
0.093227
0.209828
0.297256
0.189938
0.263326
0.237455
0.278510
0.182204
0.206194
0.192651
0.132890
0.239708
0.087422
0.231640
0.190546
0.193806
0.273380
0.300791
0.109921
0.278970
0.306381
0.129242
0.323496
0.176277
0.274409
0.116837
0.117157
0.133776
-0.034699
0.138979
0.289384
0.211087
0.333369
0.221072
0.118252
0.152441
0.049576
0.049545
0.325443
0.390584
0.109821
0.208874
0.270351
0.246125
0.071487
0.095455
0.336979
0.183553
0.152703
0.320283
-0.058072
0.204621
0.075170
0.287060
0.163685
0.262848
0.375632
0.238811
0.312967
0.073049
0.262915
0.178038
0.198473
0.271686
0.143047
0.181184
0.259859
0.062715
0.281756
0.052805
0.086753
0.369670
0.188714
0.290838
0.178322
0.201982
0.194778
0.201307
0.239247
0.074743
0.207467
0.095082
0.167089
0.198075
0.172928
0.295957
0.363905
0.169130
0.172127
0.266967
0.417328
0.048186
0.116573
0.392559
0.249245
0.252680
0.159862
0.159437
0.146135
0.146587
0.057718
0.149905
0.149830
0.051024
0.112457
0.160487
0.204767
0.159374
0.149209
0.350833
0.317065
0.022900
0.149109
0.258559
0.118909
0.186396
0.097241
0.278202
0.116286
0.099343
0.238999
0.171034
0.304504
0.174768
0.213213
0.213533
0.156667
0.173856
0.336895
0.196389
0.295223
0.219426
0.253901
0.206906
0.342592
0.226478
0.195672
0.209877
0.206491
0.144602
0.224308
0.350473
0.114876
0.222593
0.110296
0.373932
0.131578
0.110643
0.314790
0.277513
0.178070
0.164505
0.243114
0.219985
0.315331
0.147646
0.223513
0.240439
0.192304
0.148665
0.183534
0.186706
0.306116
0.067842
0.057480
0.217733
0.096684
0.175731
-0.007615
0.238253
0.405131
-0.055658
0.435451
0.155302
0.264445
0.155153
0.100394
0.121378
0.185553
0.196205
0.240287
0.039129
0.185913
0.233988
0.135181
0.046575
0.234335
0.108570
0.224798
0.193488
0.225659
0.055166
0.167731
0.191019
0.081463
0.218004
0.187615
0.201185
0.241691
0.286739
0.097140
0.059446
0.250146
0.135612
0.232142
0.201753
0.169740
0.405276
0.184091
0.220978
0.304829
0.154979
0.084315
0.231849
0.120583
0.245652
0.126335
0.211744
0.208774
0.150637
0.037747
0.126381
0.317914
0.047724
0.289841
0.108974
0.303293
0.118630
-0.014747
0.288176
0.087368
0.234592
0.193103
0.093704
0.138444
0.059906
0.168742
0.185317
0.246684
-0.016223
0.271476
0.207833
0.313576
0.170525
0.267560
0.334214
0.145515
0.100341
0.478854
0.151698
0.363105
0.330675
-0.087602
0.293916
0.009205
0.212211
0.165831
0.314896
0.330594
0.344317
0.379691
0.300802
-0.081325
0.789201
0.017435
0.241762
0.561794
0.389043
0.284204
0.430726
0.231520
0.241821
0.197064
0.313819
0.139794
0.286864
0.039466
0.048670
0.040786
0.378784
0.077139
0.168185
-0.093845
0.134431
0.273165
0.252318
0.272073
0.152735
0.208925
0.219380
0.357456
0.212607
0.358251
0.376142
0.252000
0.232886
0.322352
0.277069
0.343262
0.347114
0.053958
0.228403
0.083927
0.125047
0.198150
0.214155
0.193877
0.098712
0.082274
0.072614
0.261229
0.257974
0.197490
0.195748
0.094090
0.173707
0.293731
0.322743
0.310472
0.231167
0.346013
0.211758
0.303156
0.319072
0.170713
0.179918
0.162207
0.192864
0.283472
0.187605
0.168402
0.202679
0.320334
0.110511
0.249903
0.191020
0.386545
0.348457
0.324253
0.423394
0.392325
0.494361
0.355939
0.481073
0.328283
0.050701
0.368948
0.282172
0.711356
0.121630
0.630747
0.504192
0.326154
0.397985
0.424672
0.218754
0.245046
0.259471
0.129011
0.094849
0.238672
0.199596
0.223914
0.306361
0.296306
0.015697
0.247197
0.205050
0.026705
0.042512
0.250826
0.208832
0.171950
0.225838
0.030470
-0.000753
0.167616
0.285073
0.148647
0.419938
0.360199
0.170206
0.095134
0.188000
0.067412
0.253286
0.059849
0.222296
0.149285
0.196197
0.078569
0.271902
0.101015
0.154968
0.146865
