0.232677
0.232677
0.232677
0.232677
0.232677
0.232677
0.232677
0.232677
0.232677
0.232677
0.232677
0.232677
0.232677
0.232677
0.232677
0.232677
0.232677
0.232677
0.232655
0.232655
0.232655
0.232655
0.232655
0.232655
0.232655
0.232633
0.232633
0.232633
0.232633
0.232633
0.232633
0.232633
0.232633
0.232633
0.232633
0.232633
0.232633
0.232633
0.232633
0.232633
0.232633
0.232633
0.232633
0.232633
0.232633
0.232633
0.232633
0.232633
0.232633
0.232633
0.232633
0.232633
0.232633
0.232633
0.232633
0.232633
0.232633
0.232633
0.232633
0.232633
0.232633
0.232633
0.232633
0.232633
0.232633
0.232633
0.232633
0.232633
0.232633
0.232633
0.232633
0.232633
0.232633
0.232633
0.232633
0.232633
0.232633
0.232633
0.232633
0.232633
0.232633
0.232633
0.232633
0.232633
0.232633
0.232633
0.232633
0.232633
0.232633
0.232633
0.232611
0.232611
0.232589
0.232589
0.232589
0.232589
0.232589
0.232589
0.232589
0.232589
0.232589
0.232589
0.232589
0.232589
0.232589
0.232589
0.232589
0.232589
0.232589
0.232589
0.232589
0.232589
0.232589
0.232589
0.232589
0.232589
0.232589
0.232589
0.232589
0.232589
0.232589
0.232589
0.232589
0.232589
0.232589
0.232589
0.232589
0.232589
0.232589
0.232589
0.232589
0.232589
0.232589
0.232589
0.232589
0.232589
0.232589
0.232589
0.232589
0.232589
0.232589
0.232589
0.232589
0.232589
0.232589
0.232589
0.232589
0.232589
0.232589
0.232589
0.232589
0.232589
0.232589
0.232589
0.232589
0.232589
0.232589
0.232589
0.232589
0.232589
0.232589
0.229167
0.232567
0.232567
0.232567
0.232567
0.232567
0.232567
0.232567
0.232567
0.232567
0.232567
0.232567
0.232545
0.232545
0.232545
0.232545
0.232545
0.232545
0.232545
0.232545
0.232545
0.232545
0.232545
0.232545
0.232545
0.232545
0.232545
0.232545
0.232545
0.232545
0.232545
0.232545
0.232545
0.232545
0.232545
0.232545
0.232545
0.232545
0.232545
0.232545
0.232545
0.232545
0.232545
0.232545
0.232545
0.232545
0.232545
0.232545
0.232545
0.232545
0.232545
0.232545
0.232545
0.232545
0.232545
0.232545
0.232545
0.232545
0.232545
0.232545
0.232545
0.232545
0.232545
0.232545
0.232545
0.232545
0.229123
0.232524
0.232524
0.232524
0.232524
0.232524
0.232524
0.232524
0.232524
0.232524
0.232524
0.232524
0.232524
0.232524
0.232524
0.232524
0.232524
0.232524
0.232524
0.232502
0.232502
0.232502
0.232502
0.232458
0.232458
0.232458
0.232458
0.232458
0.232458
0.232458
0.232458
0.232458
0.232458
0.232458
0.232458
0.232458
0.232458
0.232458
0.232436
0.232436
0.232436
0.232436
0.232436
0.232436
0.232436
0.232436
0.232436
0.232436
0.232436
0.232436
0.232436
0.232436
0.232436
0.232436
0.232436
0.232436
0.232436
0.232436
0.232436
0.232436
0.232436
0.232436
0.232436
0.232436
0.232436
0.232436
0.232436
0.232436
0.232436
0.232436
0.232436
0.232436
0.232436
0.232436
0.232436
0.232436
0.232436
0.229014
0.232392
0.232348
0.232194
0.228729
0.231975
0.231953
0.231953
0.228531
0.228487
0.231844
0.231822
0.231800
0.231778
0.231734
0.228224
0.228158
0.231558
0.228136
0.231493
0.231449
0.231449
0.231449
0.231449
0.231427
0.231405
0.231405
0.231405
0.231405
0.231405
0.231405
0.231405
0.231405
0.231405
0.231405
0.231405
0.234827
0.231427
0.231427
0.231427
0.231405
0.231405
0.231405
0.231383
0.231383
0.231383
0.231383
0.231383
0.231339
0.231339
0.231317
0.227873
0.231251
0.231229
0.231207
0.231186
0.227742
0.231142
0.231142
0.231142
0.231142
0.231142
0.231142
0.231142
0.231142
0.231142
0.231142
0.231142
0.231142
0.231142
0.231142
0.231120
0.231120
0.231120
0.231120
0.231120
0.231120
0.231120
0.231120
0.231120
0.231120
0.231120
0.231120
0.231120
0.231120
0.231120
0.231120
0.231120
0.231120
0.231098
0.227654
0.227478
0.230681
0.230593
0.230527
0.230506
0.230527
0.230527
0.227084
0.230484
0.230462
0.230462
0.230462
0.230484
0.230527
0.234059
0.234432
0.248800
0.256938
0.251388
0.173978
0.168998
0.108478
0.083646
0.078996
0.108828
0.060657
0.087704
0.081189
0.078359
0.092573
0.055677
0.060306
0.045148
0.060283
0.079565
0.071953
0.081736
0.067851
0.057563
0.088382
0.078292
0.068640
0.107006
0.049446
0.059932
0.084456
0.085201
0.045608
0.022794
0.075462
0.083995
0.089215
0.053899
0.031788
0.081209
0.076383
0.065086
0.050126
0.066227
0.065283
0.054447
0.046485
0.061708
0.067850
0.070592
0.073641
0.076778
0.072785
0.068749
0.078642
0.074979
0.074869
0.025141
0.022158
0.012111
0.900000
0.502027
0.175347
0.327808
0.340363
0.350396
0.379841
0.386057
0.429805
0.627277
0.621516
0.409056
0.413714
0.699631
0.190206
0.236980
0.751752
0.278718
0.292786
0.682897
0.282536
0.112520
0.155631
0.404587
0.551498
0.519436
0.534755
0.094416
0.327032
0.591967
0.268114
0.455919
0.509427
0.813089
0.680294
0.664306
0.581981
0.175163
0.854282
0.516518
-0.068945
0.900000
0.173900
0.468689
0.900000
0.230892
0.900000
0.684927
0.598849
0.900000
0.900000
0.529348
0.487413
0.900000
0.765667
0.544479
0.220784
0.469331
0.346987
0.266462
0.290649
0.241679
0.217637
0.128064
0.024366
0.302523
0.137207
0.232903
0.177244
0.102719
0.385066
0.081095
0.008238
0.116197
0.153215
0.245336
0.060257
0.209673
0.058813
0.313060
0.062788
0.284702
-0.062196
0.163271
0.132509
0.128223
0.291672
0.348976
0.335970
0.495681
0.549854
0.559947
0.332456
0.007394
0.345564
0.026147
0.599693
0.191091
0.307355
0.454366
0.105009
0.708888
0.185931
0.662023
0.513770
0.644899
0.900000
0.814394
0.900000
0.612598
0.611766
0.493266
0.421477
0.552719
-0.137989
0.422144
0.309030
0.307670
0.318176
0.270335
0.164947
0.121089
0.206717
0.231166
0.158046
0.276687
0.224428
0.241068
0.105124
0.072980
0.122436
0.161978
0.233194
0.388029
0.241666
0.126144
0.260009
0.162672
0.270828
0.136222
0.203227
0.206969
0.261470
0.316169
0.176080
0.187590
0.359389
0.408303
0.450531
0.540380
0.539660
0.407500
0.326298
0.233405
0.255201
-0.267931
-0.289747
0.217030
-0.129950
0.767408
0.354569
0.112814
0.637773
0.003185
0.722736
0.900000
0.403530
0.900000
0.337432
0.722018
0.630366
0.593691
0.628853
0.299435
0.546999
0.319496
0.441981
0.310407
0.411625
0.338468
0.389964
0.355341
0.334888
0.256855
0.265093
0.235230
0.233861
0.165786
0.152880
0.192640
0.211672
0.257596
0.172675
0.152924
0.017375
0.174820
0.193829
0.166116
0.226562
0.260159
0.239970
0.118350
0.290623
0.271390
0.457111
0.287481
0.312959
0.692050
0.529269
0.445500
0.490054
0.256749
0.154849
0.089051
0.213092
0.061076
0.167022
0.197579
0.005747
0.463608
0.326429
0.540425
0.301441
0.554326
0.487213
0.423573
0.486529
0.500559
0.402490
0.646062
0.734183
0.263843
0.900000
0.750405
0.665976
0.318773
0.551930
0.474827
0.382052
0.366447
0.168974
0.312008
0.365018
0.309402
0.265719
0.352641
0.292858
0.076696
0.176670
0.209893
0.175687
0.147447
0.137062
0.128323
0.281053
0.233180
0.111297
0.200325
0.078552
0.258130
0.213000
0.174659
0.138287
0.425306
0.341637
0.680994
0.482633
0.618111
0.440720
0.442566
0.361914
0.216892
0.268663
0.256013
0.172887
0.134981
0.363274
0.003237
0.083972
0.249585
-0.249234
-0.031851
0.423282
0.398455
0.229010
0.325074
0.224237
0.275095
0.313125
0.300545
0.679904
0.485887
0.642454
0.451017
0.349529
0.506713
0.361218
0.388638
-0.221817
0.636011
0.101300
0.231852
0.649059
0.528493
0.484723
0.318508
0.439453
0.337926
0.315652
0.240580
0.376002
0.235715
0.170119
0.155216
0.169729
0.141818
0.193424
0.189050
0.136769
0.045157
0.298476
0.375855
0.154812
0.459303
0.490205
0.592933
0.468232
0.479860
0.430743
0.171958
0.326498
0.190384
0.193032
0.174442
0.130112
0.332848
-0.048497
0.215585
0.139293
0.101906
0.126365
0.242012
0.189145
0.091945
0.300589
0.390572
0.207930
0.150470
0.273565
0.382357
0.351705
0.596344
0.625313
0.577617
0.580438
0.487401
0.539819
0.465756
0.353196
0.396444
0.434099
0.270012
0.163177
0.524777
0.353583
0.429932
0.339066
0.379770
0.259160
0.195275
0.257124
0.284250
0.113845
0.150733
0.237115
0.268690
0.342833
0.465910
0.405308
0.501433
0.533089
0.393976
0.317845
0.435366
0.077106
0.314519
0.034688
0.208162
0.178479
0.226303
0.161016
0.268007
0.040190
0.073223
0.029000
0.225012
0.192227
0.075960
0.230864
0.014855
0.126732
0.043963
0.273300
0.161011
0.101864
0.213420
0.265641
0.265259
0.324653
0.337762
0.400467
0.403091
0.400385
0.471909
0.456852
0.353527
0.421673
0.443556
0.374071
0.214792
0.541018
0.339796
0.900000
0.635633
0.830336
0.392855
0.614474
0.665362
0.613143
0.640934
0.685647
0.305335
0.572190
0.505513
0.501617
0.299290
0.451070
0.352280
0.388679
0.397570
0.245849
0.374465
0.279908
0.475582
0.330200
0.261067
0.200115
0.256300
0.373554
0.261843
0.352050
0.342669
0.485039
0.323316
0.478211
0.170286
0.536729
0.231436
0.541307
0.580426
0.273269
0.293041
0.572311
0.410324
-0.900000
0.043220
0.109707
0.105341
0.031089
0.116243
0.351108
0.234081
0.359794
0.391031
0.374031
0.301600
0.246322
0.187732
0.146493
0.120894
0.101480
0.147699
0.179439
0.228751
0.256587
0.254240
0.227084
0.212123
0.192842
0.211224
0.227566
0.248624
0.253209
0.247440
0.241232
0.227566
0.230681
0.233796
0.233686
0.233708
0.233686
0.230264
0.233642
0.230089
0.229957
0.229803
0.233203
0.233225
0.233247
0.233247
0.233225
0.233203
0.233160
0.233116
0.233072
0.233050
0.233028
0.233006
0.232962
0.232896
0.229431
0.232743
0.232677
0.232655
0.232655
0.232655
0.232655
0.232633
0.232677
0.232677
