0.079680
0.079658
0.079615
0.079593
0.079549
0.076061
0.079417
0.079373
0.079373
0.079351
0.079351
0.079329
0.079286
0.075864
0.079242
0.079220
0.079198
0.079176
0.079154
0.079132
0.079110
0.079088
0.079088
0.079088
0.079066
0.079044
0.079044
0.079022
0.079022
0.079000
0.079000
0.079000
0.079000
0.078978
0.078956
0.078956
0.078935
0.078935
0.078913
0.078913
0.078891
0.078869
0.082291
0.075381
0.089244
0.089508
0.096856
0.090692
0.087775
0.084594
0.081216
0.077706
0.077553
0.077421
0.073911
0.067221
0.084682
0.088850
0.065510
0.075513
0.078628
0.081830
0.081764
0.085296
0.085428
0.082071
0.082071
0.082006
0.081962
0.081940
0.081918
0.081918
0.081918
0.081984
0.082006
0.082028
0.082006
0.081940
0.081896
0.078386
0.074855
0.078101
0.081370
0.081282
0.081260
0.081260
0.081260
0.081238
0.081194
0.077728
0.081062
0.077575
0.077553
0.080953
0.080953
0.080975
0.080997
0.080997
0.077575
0.077487
0.077377
0.080690
0.080624
0.080602
0.080602
0.080602
0.080602
0.080602
0.080580
0.080536
0.080492
0.080470
0.080448
0.080448
0.080426
0.080382
0.080339
0.080273
0.080251
0.080229
0.080229
0.080229
0.080229
0.076807
0.076807
0.080185
0.076763
0.076719
0.080097
0.083519
0.083519
0.080185
0.083629
0.083695
0.080339
0.080361
0.076939
0.076895
0.080163
0.079966
0.072946
0.076061
0.072266
0.071806
0.060969
0.063646
0.066541
0.080119
0.101221
0.106025
0.097032
0.073319
0.076522
0.072727
0.048313
0.068406
0.081282
0.070731
0.070204
0.076719
0.069678
0.069349
0.079154
0.075118
0.071323
0.067133
0.053051
0.072661
0.068932
0.051274
0.064326
0.070818
0.046711
0.060158
0.076982
0.070007
0.076807
0.083388
0.069305
0.079527
0.048554
0.062044
0.065269
0.065006
0.044298
0.067923
0.067923
0.067923
0.067923
0.067923
0.067923
0.067923
0.067923
0.067923
0.067923
0.067923
0.067923
0.067923
0.067923
0.067923
0.067923
0.067923
0.067923
0.067923
0.067923
0.067923
0.067923
0.067923
0.067923
0.067923
0.067923
0.067923
0.067923
0.067923
0.067923
0.067923
0.067923
0.067923
0.067923
0.067923
0.067923
0.067923
0.067923
0.067923
0.067923
0.067923
0.067923
0.067923
0.067923
0.067923
0.067923
0.067923
0.067923
0.067923
0.067923
0.067923
0.067923
0.067923
0.067923
0.067923
0.067923
0.067923
0.067923
0.067923
0.067923
0.067923
0.067923
0.067923
0.067923
0.067923
0.067923
0.067923
0.067923
0.067923
0.067923
0.067923
0.067923
0.067923
0.067923
0.067923
0.067923
0.067923
0.067923
0.067923
0.067923
0.067923
0.067923
0.067923
0.067923
0.067923
0.067923
0.067923
0.067923
0.067923
0.067923
0.067923
0.067923
0.067923
0.067923
0.067923
0.067923
0.067923
0.067923
0.067923
0.067923
0.067923
0.067923
0.067923
0.067923
0.067923
0.067923
0.067923
0.067923
0.067923
0.067923
0.067923
0.064523
0.067923
0.067923
0.067923
0.067923
0.067923
0.067923
0.067923
0.067923
0.067923
0.067923
0.067923
0.067923
0.067923
0.067923
0.067923
0.067923
0.067923
0.067923
0.067923
0.067923
0.067923
0.067923
0.067923
0.067923
0.067923
0.067923
0.067923
0.067923
0.067923
0.067923
0.067923
0.067923
0.067923
0.067923
0.067923
0.067923
0.067923
0.067923
0.067923
0.067923
0.067923
0.067923
0.067923
0.067923
0.067923
0.067923
0.067923
0.067923
0.067923
0.067923
0.067923
0.067923
0.067923
0.067923
0.900000
0.398159
0.353823
0.346405
0.325693
0.477396
0.114774
0.423206
0.356233
0.332779
0.425497
0.388641
0.263033
0.427086
0.396152
0.256298
-0.127209
-0.586426
-0.137349
-0.237238
-0.121782
-0.093068
-0.531101
-0.496708
0.010716
-0.218674
0.060213
0.230047
-0.137771
0.589473
-0.280187
0.900000
0.743046
0.719819
0.862201
0.589741
0.461693
0.505381
0.676229
0.479590
0.434666
0.407545
0.403774
0.516298
0.483550
0.346898
0.577969
0.718968
0.847466
0.213415
0.230742
0.343132
0.220777
0.133104
0.090946
0.240747
0.288701
0.165097
0.311717
0.390207
0.424639
0.702301
0.625326
0.838932
0.900000
0.900000
0.900000
0.840679
0.455660
0.819993
0.417220
0.688933
0.843466
0.402840
0.739372
0.616309
0.900000
0.356298
0.560666
0.566849
0.637170
0.512813
0.714002
0.471675
0.561583
0.285323
0.652587
0.419517
0.317095
0.453069
0.496607
0.347594
0.300581
0.384151
0.124056
0.656232
0.520775
0.368406
0.546738
0.516243
0.416388
0.346584
0.348576
0.316063
0.242267
0.298923
0.381791
0.424100
0.199717
0.172291
0.486887
0.405316
0.066896
0.115087
0.450168
0.146003
-0.009743
0.030929
0.091009
0.291465
0.186974
0.152584
0.069956
0.129478
0.132819
0.087925
0.201678
0.076486
0.172539
0.123230
0.074910
0.259607
0.134335
0.295148
-0.001836
0.237792
0.091506
0.028905
0.425281
0.411152
0.493467
0.807034
0.758174
0.900000
0.458190
0.320894
0.611063
0.205854
-0.071251
0.061831
0.570241
0.900000
0.900000
0.841056
0.354184
0.428323
0.900000
0.900000
0.900000
0.900000
0.900000
0.900000
0.900000
0.900000
0.323097
0.288964
0.418032
0.428890
0.257791
0.415749
0.336342
0.243641
0.155700
0.124441
0.073221
0.046568
0.041128
0.078045
0.063062
0.053431
0.032000
0.031538
0.022851
0.032788
0.027435
0.026645
0.051300
0.046693
0.046912
0.048118
0.053953
0.075055
0.066741
0.072883
0.086658
0.121404
0.089092
0.070908
0.117894
0.035679
0.066652
0.053907
0.072333
0.087951
0.090144
0.079089
0.078540
0.078321
0.098765
0.085428
0.089245
0.089881
0.090714
0.081479
0.092952
0.094202
0.085318
0.090253
0.085099
0.097163
0.088762
0.077004
0.078956
0.080909
0.093324
0.092162
0.094509
0.079790
0.085647
0.088125
0.090582
0.082839
0.085361
0.077684
0.093894
0.086283
0.088937
0.081435
0.087599
0.080206
0.079636
0.079197
0.082071
0.091876
0.088037
0.087621
0.090626
0.083497
0.086568
0.082817
0.082510
0.082181
0.081874
0.088410
0.088103
0.080974
0.087533
0.087270
0.080163
0.083299
0.086436
0.086173
0.085932
0.082312
0.082115
0.085339
0.081742
0.078188
0.081435
0.084681
0.081128
0.084418
0.084287
0.080799
0.080689
0.083979
0.080470
0.083804
0.080338
0.083716
0.083672
0.083629
0.083607
0.083563
0.083541
0.076675
0.083453
0.079987
0.083343
0.079878
0.083234
0.083212
0.083168
0.083146
0.083102
0.083058
0.083014
0.082971
0.082927
0.082883
0.082839
0.082795
0.082751
0.082729
0.086107
0.082685
0.082685
0.082663
0.082663
0.082663
0.082641
0.082620
0.082620
0.082620
0.082620
0.082598
0.082598
0.082598
0.082598
0.082598
0.079176
0.082576
0.082576
0.082576
0.082576
0.082576
0.082554
0.082554
0.082554
0.082554
0.082554
0.082554
0.079132
0.082510
0.082510
0.082510
0.082510
0.082510
0.082510
0.082488
0.082488
0.082488
0.082488
0.082466
0.082466
0.082466
0.082466
0.082466
0.082444
0.082444
0.082444
0.082444
0.082422
0.082422
0.082422
0.082422
0.082422
0.079000
0.082400
0.082400
0.082400
0.082400
0.082400
0.082400
0.082378
0.082378
0.082378
0.082378
0.082356
0.082356
0.082356
0.082356
0.082334
0.082334
0.082334
0.082334
0.082334
0.082334
0.082334
0.082334
0.082312
0.082312
0.082312
0.082312
0.082312
0.082312
0.082312
0.082312
0.082312
0.082312
0.082291
0.082269
0.082269
0.082269
0.082269
0.082269
0.082269
0.082247
0.082247
0.082247
0.082247
0.082247
0.082225
0.082225
0.082225
0.082203
0.082203
0.082203
0.082203
0.082203
0.082203
0.082203
0.082203
0.082203
0.082203
0.082203
0.082203
0.082203
0.082203
0.082203
0.082203
0.082203
0.082203
0.082203
0.082181
0.082181
0.082159
0.082159
0.082159
0.082159
0.082159
0.082159
0.082159
0.082159
0.082159
0.082159
0.082159
0.082159
0.082159
0.082159
0.082159
0.082159
0.082159
0.082159
0.082159
0.082159
0.082159
0.082159
0.082159
0.082159
0.082159
0.082159
0.082159
0.082159
0.082159
0.082159
0.082159
0.082159
0.082137
0.082137
0.082137
0.082137
0.082137
0.082093
0.082093
0.082093
0.082071
0.082071
0.082071
0.082071
0.082049
0.082049
0.082049
0.082049
0.082049
0.082049
0.082049
0.082049
0.082049
0.082049
0.082049
0.082027
0.082027
0.082027
0.082027
0.082005
0.082005
0.082005
0.082005
0.082005
0.082005
0.082005
0.082005
0.082005
0.082005
0.082005
0.082005
0.082005
0.082005
0.082005
0.082005
0.082005
0.082005
0.082005
0.082005
0.082005
0.082005
0.082005
0.082005
0.082005
0.082005
0.082005
0.082005
0.082005
0.082005
0.082005
0.082005
0.081983
0.081983
0.081983
0.081983
0.081983
0.081983
0.081983
0.081983
0.081983
0.081983
0.081983
0.081983
0.081983
0.081983
0.081983
0.081983
0.081983
0.081983
0.081983
0.081983
0.081983
0.081983
0.081983
0.081983
0.081983
0.081983
0.081983
0.081983
0.081983
0.081983
0.081983
0.081983
0.081962
0.081962
0.081962
0.081962
0.081962
0.081962
0.081962
0.081962
0.081962
0.081962
0.081962
0.081962
0.081962
0.081940
0.081940
0.081940
0.081940
0.081940
0.081940
0.081940
0.081940
0.081940
0.081940
0.081940
0.081940
0.081940
0.081940
0.081940
0.081940
0.081940
0.081940
0.081940
0.081940
0.081940
0.081940
0.081940
0.081940
0.081940
0.081940
0.081940
0.081940
0.081940
0.081940
0.081962
0.081874
0.074898
0.081589
0.081567
0.081567
0.078057
0.081303
0.081150
0.081084
0.081018
0.080953
0.077487
0.080843
0.080777
0.077333
0.080689
0.080645
0.080602
0.077136
0.080514
0.080514
0.080514
0.080492
0.080470
0.080470
0.080470
0.080448
0.080426
0.080426
0.080426
0.080426
0.080426
0.080426
0.080426
0.080426
0.080426
0.080426
0.080426
0.080426
0.080404
0.080382
0.080338
0.080338
0.080294
0.080251
0.073407
0.080163
0.080075
0.080009
0.080009
0.080009
0.079987
0.079922
0.076434
0.076368
0.079724
