0.900000
0.900000
0.686556
0.900000
0.550472
0.166987
0.358545
0.264688
0.792812
0.745531
0.452489
0.900000
0.900000
0.900000
0.758558
0.900000
0.900000
0.900000
0.419736
0.900000
0.900000
0.671808
0.576666
0.900000
0.900000
0.662144
0.612539
0.900000
0.767824
0.649937
0.718825
0.900000
0.900000
-0.008081
-0.486992
-0.369082
-0.080118
-0.260672
-0.475728
-0.365718
-0.427114
-0.250812
-0.601100
-0.225935
-0.200626
-0.312616
-0.746081
-0.599016
-0.153943
0.205802
0.070745
-0.126576
0.546753
-0.007398
0.021576
0.514180
0.879701
0.223305
0.058802
0.900000
-0.117551
0.157873
0.197374
0.566062
0.386489
0.872748
0.381582
-0.279945
-0.473881
-0.429206
-0.154545
-0.628457
-0.500651
-0.424919
-0.678516
0.898880
0.900000
0.725071
0.786199
0.900000
0.900000
0.900000
0.900000
0.831362
0.880919
0.802545
0.826599
0.257815
-0.066830
-0.123914
0.169300
0.418675
-0.015886
-0.294051
-0.305968
0.567144
0.460377
-0.010877
0.213529
0.813638
0.369800
0.542201
0.470114
0.842603
-0.035353
0.084648
0.207949
0.096390
0.348009
0.287209
0.049704
0.095061
-0.177493
0.777522
0.476608
0.241809
0.900000
0.180770
0.117080
0.044995
-0.026018
-0.059676
-0.181420
-0.420781
-0.263296
-0.342161
-0.075070
-0.357796
-0.126523
-0.555513
-0.254946
-0.422978
-0.102539
0.200066
-0.011502
0.221436
0.574384
0.900000
0.900000
0.854927
0.793677
0.900000
0.746883
0.142995
0.047849
0.056160
0.372561
-0.218396
-0.380941
-0.234928
-0.546414
-0.628108
-0.375952
-0.383374
-0.291787
0.048330
-0.282324
0.813433
0.900000
0.521059
0.277550
-0.547736
-0.432192
-0.206887
-0.255851
-0.459547
-0.685269
-0.469087
-0.426933
-0.411041
-0.286504
-0.527028
-0.565444
-0.407699
-0.370285
-0.366431
0.405734
0.042858
-0.599475
-0.298273
-0.431030
-0.386641
-0.090004
-0.810265
-0.536352
-0.393167
-0.147069
-0.291534
-0.631561
-0.359706
-0.302753
-0.442267
-0.453485
-0.679573
-0.180456
-0.397161
-0.469968
-0.576142
-0.106852
-0.388552
-0.404350
-0.516843
-0.233843
-0.406222
-0.888203
-0.166375
-0.185182
-0.399849
-0.336115
-0.225724
-0.223541
-0.239319
-0.462866
0.028752
-0.370732
-0.606916
-0.429537
-0.494956
-0.345522
-0.022736
-0.406781
-0.436424
-0.404692
-0.071860
-0.301857
-0.214455
-0.336289
-0.541875
-0.506170
-0.476216
-0.344001
-0.294942
-0.426584
-0.579740
-0.224996
-0.586338
-0.719800
-0.329036
-0.092322
-0.409205
-0.520860
-0.327643
-0.397339
-0.398533
-0.450857
-0.479425
-0.576298
-0.463032
-0.129366
-0.449540
-0.429937
-0.364909
0.403594
0.900000
0.671402
0.900000
0.714180
0.900000
0.900000
0.900000
0.794034
0.900000
0.444022
0.900000
0.878165
0.622132
0.504090
0.852452
0.900000
0.900000
0.721694
0.900000
0.865264
0.900000
0.889440
0.772803
0.769199
0.840588
0.877737
0.553990
0.900000
0.000000
0.000000
0.000000
0.000000
0.000000
0.000000
0.000000
0.000000
0.000000
0.000000
0.000000
0.000000
0.000000
0.000000
0.000000
0.000000
0.000000
0.000000
0.000000
0.000000
0.000000
0.000000
0.000000
0.000000
0.000000
0.000000
0.000000
0.000000
0.000000
0.000000
0.000000
0.000000
0.000000
0.000000
0.000000
0.000000
0.000000
0.000000
0.000000
0.000000
0.000000
0.000000
0.000000
0.000000
0.000000
0.000000
0.000000
0.000000
0.000000
0.000000
0.000000
0.000000
0.000000
0.000000
0.000000
0.000000
0.000000
0.000000
0.000000
0.000000
0.000000
0.000000
0.000000
0.000000
0.000000
0.000000
0.000000
0.000000
0.000000
0.000000
0.000000
0.000000
0.000000
0.000000
0.000000
0.000000
0.000000
0.000000
0.000000
0.000000
0.000000
0.000000
0.000000
0.000000
0.000000
0.000000
0.000000
0.000000
0.000000
0.000000
0.000000
0.000000
0.000000
0.000000
0.000000
0.000000
0.000000
0.000000
0.000000
0.000000
0.000000
0.000000
0.000000
0.000000
0.000000
0.000000
0.000000
0.000000
0.000000
0.000000
0.000000
0.000000
0.000000
0.000000
0.000000
0.000000
0.000000
0.000000
0.000000
0.000000
0.000000
0.000000
0.000000
0.000000
0.000000
0.000000
0.000000
0.000000
0.000000
0.000000
0.000000
0.000000
0.000000
0.000000
0.000000
0.000000
0.000000
0.000000
0.000000
0.000000
0.000000
0.000000
0.000000
0.000000
0.000000
0.000000
0.000000
0.000000
0.000000
0.000000
0.000000
0.000000
0.000000
0.000000
0.000000
0.000000
0.000000
0.000000
0.000000
0.000000
0.000000
0.000000
0.000000
0.000000
0.000000
0.000000
0.000000
0.000000
0.000000
0.000000
0.000000
0.000000
0.000000
0.000000
0.000000
0.000000
0.000000
0.000000
0.000000
0.000000
0.000000
0.000000
0.000000
0.000000
0.000000
0.000000
0.000000
0.000000
0.000000
0.000000
0.000000
0.000000
0.000000
0.000000
0.000000
0.000000
0.000000
0.000000
0.000000
0.000000
0.000000
0.000000
0.000000
0.000000
0.000000
0.000000
0.000000
0.000000
0.000000
0.000000
0.000000
0.000000
0.000000
0.000000
0.000000
0.000000
0.000000
0.000000
0.000000
0.000000
0.000000
0.000000
0.000000
0.000000
0.000000
0.000000
0.000000
0.000000
0.000000
0.000000
0.000000
0.000000
0.000000
0.000000
0.000000
0.000000
0.000000
0.000000
0.000000
0.000000
0.000000
0.000000
0.000000
0.000000
0.000000
0.000000
0.000000
0.000000
0.000000
0.000000
0.000000
0.000000
0.000000
0.000000
0.000000
0.000000
0.000000
0.000000
0.000000
0.000000
0.000000
0.000000
0.000000
0.000000
0.000000
0.000000
0.000000
0.000000
0.000000
0.000000
0.000000
0.000000
0.000000
0.000000
0.000000
0.000000
0.000000
0.000000
0.000000
0.000000
0.000000
0.000000
0.000000
0.000000
0.000000
0.000000
0.000000
0.000000
0.000000
0.000000
0.000000
0.000000
0.000000
0.000000
0.000000
0.000000
0.000000
0.000000
0.000000
0.000000
0.000000
0.000000
0.000000
0.000000
0.000000
0.000000
0.000000
0.000000
0.000000
0.000000
0.000000
0.000000
0.000000
0.000000
0.000000
0.000000
0.000000
0.000000
0.000000
0.000000
0.000000
0.000000
0.000000
0.000000
0.000000
0.000000
0.000000
0.000000
0.000000
0.000000
0.000000
0.000000
0.000000
0.000000
0.000000
0.000000
0.000000
0.000000
0.000000
0.000000
0.000000
0.000000
0.000000
0.000000
0.000000
0.000000
0.000000
0.000000
0.000000
0.000000
0.000000
0.000000
0.000000
0.000000
0.000000
0.000000
0.000000
0.000000
0.000000
0.000000
0.000000
0.000000
0.000000
0.000000
0.000000
0.000000
0.000000
0.000000
0.000000
0.000000
0.000000
0.000000
0.000000
0.000000
0.000000
0.000000
0.000000
0.000000
0.000000
0.000000
0.000000
0.000000
0.000000
0.000000
0.000000
0.000000
0.000000
0.000000
0.000000
0.000000
0.000000
0.000000
0.000000
0.000000
0.000000
0.000000
0.000000
0.000000
0.000000
0.000000
0.000000
0.000000
0.000000
0.000000
0.000000
0.000000
0.000000
0.000000
0.000000
0.000000
0.000000
0.000000
0.000000
0.000000
0.000000
0.000000
0.000000
0.000000
0.000000
0.000000
0.000000
0.000000
0.000000
0.000000
0.000000
0.000000
0.000000
0.000000
0.000000
0.000000
0.000000
0.000000
0.000000
0.000000
0.000000
0.000000
0.000000
0.000000
0.000000
0.000000
0.000000
0.000000
0.000000
0.000000
0.000000
0.000000
0.000000
0.000000
0.000000
0.000000
0.000000
0.000000
0.000000
0.000000
0.000000
0.000000
0.000000
0.000000
0.000000
0.000000
0.000000
0.000000
0.000000
0.000000
0.000000
0.000000
0.000000
0.000000
0.000000
0.000000
0.000000
0.000000
0.000000
0.000000
0.000000
0.000000
0.000000
0.000000
0.000000
0.000000
0.000000
0.000000
0.000000
0.000000
0.000000
0.000000
0.000000
0.000000
0.000000
0.000000
0.000000
0.000000
0.000000
0.000000
0.000000
0.000000
0.000000
0.000000
0.000000
0.000000
0.000000
0.000000
0.000000
0.000000
0.000000
0.000000
0.000000
0.000000
0.000000
0.000000
0.000000
0.000000
0.000000
0.000000
0.000000
0.000000
0.000000
0.000000
0.000000
0.000000
0.000000
0.000000
0.000000
0.000000
0.000000
0.000000
0.000000
0.000000
0.000000
0.000000
0.000000
0.000000
0.000000
0.000000
0.000000
0.000000
0.000000
0.000000
0.000000
0.000000
0.000000
0.000000
0.000000
0.000000
0.000000
0.000000
0.000000
0.000000
0.000000
0.000000
0.000000
0.000000
0.000000
0.000000
0.000000
0.000000
0.000000
0.000000
0.000000
0.000000
0.000000
0.000000
0.000000
0.000000
0.000000
0.000000
0.000000
0.000000
0.000000
0.000000
0.000000
0.000000
0.000000
0.000000
0.000000
0.000000
0.000000
0.000000
0.000000
0.000000
0.000000
0.000000
0.000000
0.000000
0.000000
0.000000
0.000000
0.000000
0.000000
0.000000
0.000000
0.000000
0.000000
0.000000
0.000000
0.000000
0.000000
0.000000
0.000000
0.000000
0.000000
0.000000
0.000000
0.000000
0.000000
0.000000
0.000000
0.000000
0.000000
0.000000
0.000000
0.000000
0.000000
0.000000
0.000000
0.000000
0.000000
0.000000
0.000000
0.000000
0.000000
0.000000
0.000000
0.000000
0.000000
0.000000
0.000000
0.000000
0.000000
0.000000
0.000000
0.000000
0.000000
0.000000
0.000000
0.000000
0.000000
0.000000
0.000000
0.000000
0.000000
0.000000
0.000000
0.000000
0.000000
0.000000
0.000000
0.000000
0.000000
0.000000
0.000000
0.000000
0.000000
0.000000
0.000000
0.000000
0.000000
0.000000
0.000000
0.000000
0.000000
0.000000
0.000000
0.000000
0.000000
0.000000
0.000000
0.000000
0.000000
0.000000
0.000000
0.000000
0.000000
0.000000
0.000000
0.000000
0.000000
0.000000
0.000000
0.000000
0.000000
0.000000
0.000000
0.000000
0.000000
0.000000
0.000000
0.000000
0.000000
0.000000
0.000000
0.000000
0.000000
0.000000
0.000000
0.000000
0.000000
0.000000
0.000000
0.000000
0.000000
0.000000
0.000000
0.000000
0.000000
0.000000
0.000000
0.000000
0.000000
0.000000
0.000000
0.000000
0.000000
0.000000
0.000000
0.000000
0.000000
0.000000
0.000000
