0.386424
0.426443
0.259586
0.337773
0.135490
0.319535
0.183457
0.193116
0.277006
0.407026
0.367637
0.408753
0.405558
0.411181
0.381422
0.360788
0.329647
0.374119
0.247448
0.218786
0.203132
0.332670
0.395567
0.200896
0.358182
0.151425
0.286797
0.296939
0.128240
0.455045
0.123802
0.173911
0.338304
0.346012
0.127446
0.067895
0.111456
0.258290
0.136683
0.217899
0.210883
0.127509
0.639165
-0.141014
-0.416025
0.182148
-0.045075
0.086962
0.158850
0.153781
0.352989
0.088831
0.116884
0.079240
0.148884
0.197491
0.219073
0.226354
0.217424
0.244403
0.054284
0.252054
0.052876
0.198351
0.157856
0.176433
0.331450
0.097614
0.163222
0.209109
0.039764
0.194013
0.317816
0.179378
0.153338
0.218199
0.225941
0.100050
0.140650
0.226439
0.139264
0.116361
0.293270
0.267099
0.176218
0.100230
0.192204
0.332941
0.173291
0.262063
0.368097
0.304394
0.137023
0.256153
0.226253
0.114467
0.167966
0.280449
0.174915
0.181669
0.120071
0.031932
0.193837
0.241632
0.167970
0.271153
0.165816
0.104373
0.170265
0.128783
0.154906
0.172189
0.255586
0.183569
0.196224
0.183543
0.224758
0.118675
0.169234
0.262152
0.381765
0.245542
0.092670
0.156479
0.442254
0.067921
0.170555
0.262068
0.183778
0.161138
0.178114
0.203864
0.034037
0.171374
0.269402
0.145836
0.143860
0.242327
0.293391
0.201434
0.171534
0.331048
0.232006
0.184623
0.310466
0.104861
0.258671
0.313135
0.247677
0.254497
0.115686
0.204414
0.281515
0.272191
0.279449
0.063271
0.240838
0.286528
0.163445
0.107945
0.223478
0.149904
0.108246
0.152378
0.174662
0.261678
0.122034
0.423212
0.293258
0.037841
0.256046
0.205289
-0.001906
0.201872
0.178497
0.049616
0.026247
0.074518
0.542179
-0.254794
0.508113
0.212631
0.270370
0.448720
0.351207
0.387283
0.270730
0.232115
0.637499
0.500921
0.419267
0.584214
0.628977
0.315004
0.236992
0.665650
0.175138
0.900000
0.029403
0.246776
0.734902
0.375807
0.881641
0.674270
0.660231
0.289535
0.595499
0.259941
0.136689
0.197846
0.158564
0.481799
-0.014614
0.900000
0.321753
0.900000
0.631489
0.483700
0.738233
0.262222
0.018181
-0.481416
-0.290807
-0.353234
0.900000
0.900000
0.407664
0.193725
0.370699
0.653825
0.332457
0.603818
0.174096
0.439884
0.390953
0.525366
0.400302
0.207361
0.489782
0.569510
0.658165
0.787335
0.398386
0.374577
0.061481
0.612890
0.074537
0.349469
0.732479
0.330960
0.838323
0.230697
0.397443
0.669396
0.238688
0.547868
0.432321
0.719970
0.329410
0.408598
0.419218
0.276187
0.442259
0.346464
0.376163
0.269514
0.180916
0.302124
0.241683
0.261504
0.220541
0.213649
0.488127
0.262188
0.338434
0.257072
0.115454
0.313815
0.358803
0.373827
0.181383
0.235606
0.237389
0.252509
0.413844
0.670834
0.598403
0.716425
0.667297
0.560150
0.451620
0.499601
0.353013
0.391803
0.328526
0.253295
0.380617
0.181339
0.315483
0.396258
0.284657
0.300349
0.340038
0.378235
0.109619
0.301520
0.427438
0.201004
0.278774
0.315918
0.190235
0.417693
0.295498
0.254661
0.279478
0.331188
0.469478
0.303608
0.526197
0.248390
0.355202
0.343672
0.245561
0.219751
0.170798
0.201998
0.194658
0.218093
0.179208
0.241074
0.325293
0.315079
0.122426
0.312769
0.261097
0.382474
0.252535
0.213585
0.229387
0.178789
0.351671
0.414393
0.347585
0.300057
0.168246
0.022674
0.165355
0.235636
0.140916
0.092169
0.046327
0.103848
0.060557
0.132939
0.092342
0.228389
0.138213
-0.003549
0.091986
-0.045204
-0.104286
0.011238
0.143348
0.120680
0.205452
0.281144
0.322923
0.231816
0.296561
0.388880
-0.000947
0.345365
0.429458
0.280704
0.199753
0.206084
0.124562
0.205189
0.183706
0.327025
0.310082
0.411438
0.388376
0.253375
0.237091
0.088797
0.486679
0.368153
0.378125
0.223120
0.282096
0.333088
0.058599
0.194394
0.315338
0.239805
0.244403
0.316475
0.305533
0.372786
0.269971
0.293748
0.342614
0.159185
0.292434
0.187571
0.017749
0.108220
0.276769
-0.057934
0.390224
0.023869
-0.092750
0.517820
0.291283
0.483803
0.268870
0.267501
0.311912
0.227342
0.429688
0.220618
0.383180
0.169219
0.306599
0.145326
0.222384
0.208387
0.158964
0.420929
0.440880
0.285042
0.611475
0.561466
0.485201
0.305747
0.350209
0.437498
0.316435
0.425086
0.172620
0.099599
0.099357
0.210509
0.160969
0.284498
0.012315
0.296301
0.338339
0.900000
0.270869
0.036170
0.443880
0.344218
0.394552
0.415997
0.541723
0.617327
0.287956
0.415174
0.404614
0.114518
-0.147175
0.623200
0.012196
0.647466
0.479167
0.267590
0.434095
0.353824
0.322228
0.333274
0.432854
0.163125
0.270184
0.345161
0.029615
0.282925
0.401902
0.316548
0.287372
0.289695
0.333256
0.078538
0.220634
0.308331
0.271420
0.298012
0.430690
0.613875
0.677371
0.561745
0.431984
0.319340
0.223129
0.015923
0.160548
0.080150
0.227279
0.116906
0.147686
0.039311
0.093026
0.002396
0.159265
0.238201
0.085515
0.194857
0.052355
0.185320
0.215846
0.177626
0.334040
0.338288
0.485029
0.453455
0.454259
0.245072
0.356802
0.413411
0.178670
0.094143
0.562328
0.378214
0.387024
0.342684
0.370753
0.376491
0.144228
0.256201
0.246936
0.076926
0.234898
0.447972
0.414942
0.405201
0.345336
0.103318
0.319536
0.282287
0.382114
0.138275
0.253319
0.335678
0.526974
0.595790
0.670308
0.553001
0.528552
0.416483
0.326205
0.393727
0.174151
0.199719
0.239305
0.148139
0.048977
0.094957
0.108831
0.132426
0.356561
0.029677
0.298306
0.031188
0.198790
-0.021239
0.211993
0.247016
0.268680
0.404541
0.381479
0.443702
0.372512
0.334797
0.304583
0.288320
0.528843
0.363937
0.055207
0.429442
0.084474
0.533685
0.314035
0.454898
0.373026
0.267529
0.234507
0.309101
0.291610
0.081743
0.294005
0.114300
0.379283
0.389722
0.352955
0.322046
0.341040
0.217847
0.186938
0.159757
0.153757
0.393914
0.556130
0.661068
0.716019
0.407501
0.464237
0.438794
0.260015
0.149927
0.279669
0.226549
0.319140
0.081090
0.160280
-0.041118
0.092213
0.208497
-0.394377
0.479524
0.663587
0.273562
0.058931
0.379023
-0.210484
0.431168
0.197151
0.408141
0.346801
0.524734
0.591059
0.643170
0.414790
0.637538
0.274539
0.459075
0.300735
0.314677
0.358364
0.377659
0.137697
0.157803
0.350543
0.155614
0.173220
0.237395
0.187066
0.175629
0.219535
0.287762
0.187339
0.409260
0.353651
0.215761
0.311574
0.218411
0.080894
0.354012
0.288642
0.270251
0.485864
0.227937
0.607438
0.492607
0.520477
0.358651
0.384506
0.261377
0.235675
0.247856
0.063011
0.100773
0.173518
0.081759
0.045983
0.108614
0.208757
0.265574
0.037745
0.223674
0.233917
0.276047
0.454770
0.342911
0.293241
0.420920
0.373728
0.481599
0.360594
0.407966
0.376107
0.223405
0.250048
0.422315
0.435322
0.372884
0.420301
0.359575
0.343334
0.310400
0.249980
0.363555
0.250731
0.123430
0.258479
0.357460
0.261182
0.230689
0.173326
0.292105
0.215526
0.165137
0.148113
0.195272
0.001315
0.242420
0.546077
0.577735
0.398506
0.493113
0.513714
0.383302
0.421575
0.378108
0.324612
0.273539
0.462155
0.113742
0.053050
0.019145
-0.002363
0.045446
-0.094640
-0.058066
0.084781
0.138760
0.155657
0.142500
0.203670
0.309918
0.298547
0.437720
0.380504
0.653090
0.500343
0.533809
0.303937
0.131054
0.371942
0.536320
0.089241
0.341361
0.660493
0.310612
0.508616
0.442538
0.375055
0.376407
0.269265
-0.015776
0.238910
0.344917
0.263702
0.389004
0.375446
0.356228
0.312991
0.379717
0.280368
0.242001
0.237941
0.253008
0.283235
0.298965
0.469563
0.884900
0.508363
0.470990
0.567371
0.379857
0.306241
0.387798
0.201170
0.531946
0.241821
0.143581
0.156726
0.148854
-0.057178
0.120671
0.040191
0.472351
0.100465
0.339064
0.266292
0.212322
0.311616
0.171044
0.201526
0.266732
0.450435
0.403550
0.302177
0.505973
0.546391
0.397791
0.458940
0.294370
0.233293
0.391506
0.573321
0.365473
0.480977
0.536006
0.404997
0.355414
0.316141
0.222796
0.269511
0.302362
0.232400
0.184967
0.438311
0.360130
0.281204
0.097601
0.141645
0.133329
0.244014
0.190818
0.299244
0.308366
0.214549
0.516013
0.580530
0.627787
0.630626
0.569812
0.308463
0.447982
0.194502
0.451362
0.288644
0.010755
0.124063
0.081049
0.186517
0.107549
0.050928
0.347330
0.050593
0.354479
0.140451
0.148853
0.205899
0.322193
0.261160
0.383750
0.456918
0.373006
0.493227
0.418309
0.537170
0.451217
0.523728
0.239785
-0.035933
0.483714
0.038851
0.409335
0.394103
0.352154
0.232903
0.359398
0.219352
0.161806
0.228658
0.261618
0.071932
0.181953
0.195785
0.327092
0.294274
0.393246
0.314143
0.351059
0.181253
0.231768
0.211103
0.286763
0.284179
0.511850
0.582890
0.199465
0.564386
0.426080
0.381403
0.177530
0.282897
0.195224
0.067966
0.188662
0.166366
0.143171
0.170718
-0.099931
0.016174
0.087155
0.260300
0.118453
0.102257
0.127708
-0.020695
0.221005
0.193687
0.438327
0.276806
0.354888
0.322240
0.308017
0.104841
0.229032
0.308255
0.260778
0.332872
0.383977
0.265128
0.285768
0.345891
0.271461
0.216730
0.170334
0.140192
0.299530
0.355001
0.456097
0.494303
0.517278
0.733362
0.371937
0.461859
0.623817
0.532749
0.357337
0.569528
0.313723
0.421654
0.353903
0.397804
0.357121
0.368579
0.264414
0.137261
0.294898
0.118697
0.350279
0.162167
0.423669
0.156851
0.417433
0.199466
0.307492
0.429542
0.313335
0.479922
0.293345
0.152658
0.392707
0.287489
0.316299
0.302553
0.282994
0.285590
0.231175
0.246801
0.227944
0.309969
0.324476
0.185522
0.374483
0.204402
0.337405
0.364701
0.352951
0.240166
0.247588
0.192669
0.448534
0.234976
0.435037
0.323107
0.349371
0.287696
0.347171
0.335729
0.267363
0.388894
0.194201
0.370594
0.322145
