0.174986
0.370512
0.320381
0.240724
0.307246
0.378639
0.129814
0.236720
0.373239
0.307490
0.510079
0.573092
0.412997
0.426260
0.247520
0.532675
0.059515
0.528490
0.426854
0.526368
0.359538
0.303770
0.316221
0.159394
0.272902
0.285090
0.208548
0.282309
0.236521
0.336582
0.089403
0.308553
0.127181
0.160558
-0.014233
0.179691
0.189378
0.264630
0.274932
0.083469
0.278819
0.248583
0.180530
0.089445
0.234804
0.095614
0.094004
0.143482
0.235011
-0.031823
0.440575
0.278923
0.052779
0.233082
0.273544
0.319886
0.165363
0.052517
0.127024
0.166961
0.244801
0.186050
0.078578
0.217532
0.099378
0.228329
0.246549
0.188126
0.295712
0.289188
0.287206
0.251245
0.294318
0.375252
0.324924
0.287120
0.371520
0.241236
0.020665
0.399738
0.372649
0.670308
0.549522
0.410288
0.453383
0.292871
0.267264
0.230645
0.314935
0.312952
0.124100
0.192486
0.183177
0.285388
0.043978
0.157201
0.175202
0.008746
0.220196
0.376040
0.174816
0.144120
0.263485
0.181810
0.168026
0.257076
0.141423
0.108269
0.023194
0.201369
0.106577
0.169786
0.191494
0.295460
0.233308
0.099032
0.072547
0.374416
0.284801
0.181848
0.179778
0.297498
0.157299
0.041448
0.211156
0.213363
0.221997
0.226134
0.124015
0.125849
0.255063
0.310837
0.235787
0.204016
0.346896
0.307952
0.419464
0.303767
0.396635
0.385373
0.380451
0.355195
0.255928
-0.035869
0.350782
0.080878
0.569551
0.524312
0.502631
0.314525
0.535583
0.309660
0.337444
0.255659
0.257033
0.213613
0.261030
0.161390
0.286261
0.115395
0.082286
0.073657
0.232769
0.338731
0.273355
0.179549
0.298213
0.186442
-0.062097
0.144966
-0.015172
0.118934
0.205483
0.263779
0.151855
0.191243
0.226726
0.258371
0.004216
-0.074892
0.117650
0.221002
0.165146
0.267204
0.205644
0.128948
0.138416
0.346774
0.333231
0.177984
0.197191
0.124861
0.153456
0.275191
0.228942
0.212635
0.281855
0.246421
0.223533
0.414694
0.285902
0.383178
0.429914
0.492883
0.394340
0.439475
0.362451
0.416931
0.315360
0.167637
0.415655
0.401191
0.384468
0.390404
0.366771
0.261493
0.174685
0.313924
0.316504
0.257444
0.168114
0.357015
0.143288
0.151680
0.197978
0.261385
0.227596
0.275253
0.274960
0.205963
0.134554
0.158850
0.453854
0.157363
0.088872
0.409913
0.220754
0.194379
0.413529
0.138711
0.267859
0.150758
0.067087
0.195512
0.440788
0.214535
0.195815
0.171195
-0.074405
0.061785
0.356240
0.290118
0.262755
0.231818
0.213866
0.151297
0.224685
0.022408
0.242523
0.105286
0.364096
0.319931
0.277653
0.233290
0.372727
0.219542
0.355907
0.725951
0.506347
0.692836
0.194691
0.511850
0.757894
0.062504
0.861172
-0.018609
0.679571
0.629375
0.541624
0.511432
0.276493
0.307326
0.301680
0.287216
0.150614
0.261336
0.238624
0.150018
0.137330
0.331298
0.025419
0.220353
0.166712
0.179140
0.169897
0.253726
0.104643
0.401511
0.273925
0.167616
0.317274
0.159966
0.103034
0.209676
0.235640
0.213498
0.036930
0.194901
0.224199
0.223072
0.306396
0.185698
0.173493
0.343091
0.092139
0.155722
0.257407
0.181940
0.262589
0.158605
0.189109
0.212133
0.071451
0.228041
0.190654
0.195998
0.282657
0.001390
0.327937
0.377591
0.394561
0.395057
0.298510
0.358934
0.391522
0.335819
0.504803
0.239418
0.239431
0.520700
0.350628
0.719993
0.558122
0.320814
0.524675
0.384981
0.203718
0.261115
0.418583
0.329274
0.069679
0.265227
0.175216
0.316561
0.212775
0.226892
0.176827
0.328678
-0.003786
0.052382
0.157028
0.248820
0.225231
0.320160
0.180202
0.282326
0.266326
0.270485
0.236433
0.137867
0.358114
0.109729
0.257676
0.269205
0.118192
0.038491
0.100912
0.065653
0.177735
0.129117
0.103466
0.119185
0.143108
0.323170
0.168449
0.151067
0.217568
0.177132
0.393606
0.080993
0.341711
0.024601
0.269263
0.204347
0.244678
0.261053
0.422757
0.253032
0.408219
0.444645
0.387495
0.469372
0.444379
-0.008008
0.304961
0.308835
0.517808
0.329636
0.448606
0.347584
0.318577
0.249646
0.235709
0.104744
0.199827
0.283064
0.148239
0.241171
0.014260
0.088175
0.349025
0.087938
0.400732
0.223176
0.131104
0.003496
0.024348
0.069329
0.291068
0.229705
0.168869
0.122730
0.110964
0.149255
0.190793
0.131777
0.254279
0.074223
0.179001
-0.056837
0.231410
0.073026
0.144001
0.201903
0.276388
0.090892
0.209445
-0.032777
0.280061
0.074011
0.219436
0.214184
0.192525
0.253388
0.168379
0.203248
0.194488
0.203780
0.126536
0.301508
0.295840
0.231034
0.300013
0.198355
0.216685
0.124020
0.234106
0.267966
0.090170
0.119555
0.158087
0.159132
0.253381
0.268990
0.250073
0.231068
0.294585
0.177748
0.090633
0.218158
0.234163
0.201163
0.357402
0.212903
0.195851
0.031040
0.156569
0.128768
0.400959
0.186530
0.360273
0.155561
0.083341
0.244054
0.438878
0.158927
0.247714
0.373682
0.513008
0.170343
0.162548
0.158657
0.199470
0.133852
0.084730
0.267950
0.127531
0.137196
0.169631
0.253855
-0.008942
0.113252
0.265258
0.162218
0.104123
0.083956
0.242805
0.194429
0.088844
0.300800
0.160052
0.169213
0.131760
0.254701
0.237034
0.143909
0.225040
0.201582
0.143291
0.183139
0.202917
0.360428
0.080609
0.236584
0.178381
0.189603
0.272117
0.121301
0.226846
0.179764
0.029782
0.135130
0.124241
0.182362
0.115691
0.143146
0.201157
0.194458
0.164683
0.144055
0.276472
0.054519
0.314360
0.160670
0.190341
0.203910
0.198221
0.205100
0.084643
0.227435
0.278953
0.092404
0.207711
0.166157
0.118680
0.368255
0.268966
0.165575
0.322186
0.288419
0.148176
0.203028
0.178803
0.138542
0.257842
0.137494
0.185152
0.342729
0.073198
0.116994
0.341695
0.209656
0.131688
0.165175
0.325077
0.298658
0.353489
0.134804
0.117532
0.131672
0.156232
0.329690
0.199055
0.321995
0.187105
-0.024385
0.243879
0.079616
0.161801
0.271821
0.156541
0.248969
0.159354
0.389077
0.307688
0.176416
0.270577
0.098045
0.238096
0.152955
0.115502
0.211330
0.194432
0.268456
0.120886
0.155097
0.090050
0.197920
0.156103
-0.068220
0.237686
0.072722
0.215514
0.014224
0.256956
0.242250
0.194400
0.297292
0.161501
0.191325
0.245081
-0.119805
-0.010618
0.142090
0.134667
0.393696
0.206796
0.213741
0.318585
0.192074
0.121103
0.265015
0.106872
0.226478
0.121684
0.172610
0.280853
0.213327
0.282372
0.248758
0.128323
0.187628
0.173559
0.284260
0.408911
0.304555
0.238301
0.181392
-0.054798
0.276729
0.192926
0.162010
0.100034
0.393524
0.325975
0.126791
0.273423
0.095823
0.167676
0.109209
0.172901
0.391481
0.265080
0.127820
0.236261
0.079501
0.099936
0.208004
0.262309
0.068214
-0.064330
0.139575
0.207501
0.091760
0.153325
0.138949
0.220431
0.271862
0.377057
0.240455
0.004814
0.203169
0.304854
0.092509
0.249208
0.277431
0.171715
0.147138
0.109927
0.236926
0.089729
0.225217
0.194082
-0.006309
0.218172
0.112587
0.269002
0.187502
0.255472
0.112488
0.067994
0.132980
0.140013
0.177032
0.201438
0.180897
0.146143
0.049969
0.279122
0.187378
0.204151
0.084615
0.221814
0.112697
0.343517
0.329953
0.234809
0.176715
0.196449
0.353258
0.272790
0.176835
0.087417
0.210292
0.136448
0.310674
0.098987
0.272906
0.198141
0.004265
0.263382
0.093153
0.250357
0.114523
0.223513
0.151950
0.186469
0.226383
0.168837
0.282302
0.320286
0.148214
0.080293
0.360797
0.015829
0.274047
0.116716
0.274183
0.134247
0.218757
0.221775
0.256491
0.246765
0.362072
0.048340
0.124010
-0.019195
0.096507
0.219404
0.127419
0.154194
0.014500
0.205353
0.100141
0.154095
0.035019
0.225895
0.158281
0.024552
-0.071490
0.126887
0.280077
0.105943
0.330819
0.218632
0.097034
0.089589
0.232864
0.215921
0.246579
0.092560
0.197975
0.187547
0.105959
0.072806
0.237381
0.135547
0.089737
0.169267
0.139448
0.200662
0.156672
0.184698
0.157467
0.382672
0.219287
0.110126
-0.002588
0.140296
0.310552
0.314645
0.003699
0.177728
0.290162
0.151213
0.260290
0.222092
0.139561
0.204921
0.075734
0.188211
0.208844
0.307546
0.165438
0.321655
0.188870
0.208648
0.052063
0.113759
0.256617
0.225570
0.181383
0.253214
0.200889
0.244993
0.085512
0.184850
0.166833
0.139383
0.269409
0.239283
0.180486
0.203576
0.165443
0.137291
0.244153
0.198519
0.241417
0.307259
0.167520
0.250955
0.500014
0.207067
0.252114
0.320413
0.244157
0.184834
0.191209
0.221845
0.143197
0.255499
0.267204
0.307096
0.372566
0.365582
0.035837
-0.076270
0.429126
0.164289
0.604792
0.378803
0.363856
0.324363
0.424952
0.311141
0.224421
0.201271
0.355338
0.247866
0.150881
0.166665
0.111401
0.137957
0.171882
0.181811
0.089080
0.326810
0.044095
0.240498
0.222875
0.278539
0.181180
0.323666
0.312624
0.327181
0.302231
0.284762
0.135043
0.107746
0.192673
0.114529
0.108138
0.142765
0.283737
0.025020
0.205388
0.192525
0.206928
0.440534
0.232707
0.083843
0.306021
0.225223
0.130957
0.161132
0.231230
0.104916
0.232376
0.036219
0.164095
0.204163
0.137645
0.160845
0.153202
0.125380
0.224411
0.053589
0.024911
0.143026
0.262216
0.186704
0.198146
0.252801
0.185801
0.230344
0.186640
0.306817
0.182982
0.257247
0.216504
0.263109
0.285870
0.430373
0.341065
0.421166
0.279607
0.361330
0.245129
-0.080733
0.518128
0.117416
0.127608
0.716637
0.281908
0.574083
0.472447
0.397177
0.282621
0.347871
0.151319
0.194436
0.294015
0.221860
0.139505
0.210436
0.272922
0.185895
0.122141
0.311569
0.129099
0.295714
0.195876
0.183408
0.167496
0.187778
0.307385
0.164948
0.238797
0.233282
0.245141
0.116962
0.172889
0.161102
0.316112
-0.037170
0.328883
0.125576
0.022031
0.351057
0.168039
0.255576
0.169843
0.182009
0.248553
0.080758
0.206529
0.248812
-0.033157
0.227079
0.039389
