0.320762
0.319349
0.404583
0.308146
0.274598
0.416469
0.479854
0.327723
0.427609
0.202607
0.370406
0.061193
0.667595
0.527813
0.469478
0.403640
0.233785
0.307436
0.409121
0.343700
0.127494
0.372770
0.372739
0.158792
0.052155
0.182685
0.185287
0.233010
0.249146
0.274868
0.202845
0.066988
0.121929
0.046242
0.090105
0.113940
0.179629
0.182538
0.216288
0.241308
0.167947
0.151859
0.284386
0.269198
0.254493
0.269488
0.233373
0.155120
0.036989
0.390714
0.219015
0.214488
0.320889
0.268849
0.318678
-0.016375
0.228682
0.207395
0.111309
0.246292
0.239155
0.248008
0.211696
0.199645
0.157410
0.313474
0.184923
0.429233
0.316476
0.302692
0.282305
0.443041
0.432548
0.309195
0.260204
0.342126
0.093762
0.609329
0.359825
0.344966
0.461348
0.279932
0.347046
0.287921
0.222435
0.134618
0.364166
0.278850
0.134132
0.197583
0.109042
0.289849
0.263101
0.234334
0.205831
0.156424
0.125113
0.162417
0.237340
0.233427
0.193211
0.293250
0.149059
0.215274
0.093633
0.225018
0.276624
0.175624
0.166798
0.087470
0.160441
0.215974
0.034009
0.241402
0.267585
0.197645
0.103840
0.267230
0.092482
0.149462
0.230352
0.086863
0.176681
0.165617
0.244598
0.111616
0.290821
0.372830
0.265600
0.164644
0.290020
0.357595
0.426772
0.350362
0.325676
0.269578
0.443190
0.459085
0.092203
0.423686
0.325187
0.525012
0.442043
0.428018
0.396883
0.335389
0.196067
0.269652
0.116752
0.267705
0.161221
0.116068
0.179081
0.307374
0.184284
0.163152
0.291884
0.102856
0.218448
0.163841
0.246684
0.283483
0.171493
0.238037
0.265755
0.348159
0.160403
0.281523
0.105832
0.155662
0.204394
0.121666
0.168117
0.081222
0.140747
0.164165
0.387045
0.239475
0.116035
0.170076
0.282838
0.248434
0.220217
0.124942
0.168958
0.189065
0.223100
0.194158
0.220297
0.157838
0.229932
0.220030
0.235311
0.151925
0.357169
0.310832
0.299088
0.381097
0.261210
0.402840
0.329172
0.258224
0.306167
0.294598
0.442941
0.214253
0.485852
0.330934
0.362359
0.306283
0.198330
0.090617
0.441403
0.195716
0.125974
0.244461
0.053371
0.103091
0.301556
0.134069
0.230401
0.063090
0.168263
0.226493
0.394051
0.100982
0.203610
0.095635
0.263412
0.168992
0.295443
0.259284
0.207047
0.208442
0.226640
0.293864
0.330730
0.091316
0.185345
0.204640
0.172671
0.148182
0.112090
0.189887
0.076427
0.096183
0.027033
0.243902
0.155471
0.278127
0.192591
0.228008
0.008490
0.269976
0.103498
0.190377
0.188877
0.337877
0.369456
0.280191
0.280337
0.379982
0.391490
0.441341
0.277671
0.123433
0.552573
0.302894
0.097305
0.278945
0.480043
0.452395
0.521638
0.401708
0.480667
0.339700
0.230694
0.274995
0.203082
0.285025
0.310066
0.027856
0.100542
0.292909
0.243699
0.033766
-0.016212
0.192606
0.181169
0.245652
0.249065
0.177042
0.251241
0.050105
0.141634
0.278503
0.180903
0.377460
0.212452
0.243987
0.150071
0.247084
0.102564
0.199401
0.282419
0.168564
-0.004077
0.229485
0.198240
0.255944
0.129367
0.192752
0.243327
0.095977
0.208213
0.216496
0.237085
0.043517
0.341657
0.364835
0.323390
0.331673
0.380713
0.190478
0.470434
0.144440
0.327331
0.409165
0.371098
0.324126
0.472073
0.289648
0.308241
-0.041487
0.347555
0.273535
0.444976
0.422418
0.314267
0.222918
0.289462
0.279780
0.133439
0.105638
0.295877
0.212623
0.151765
0.012947
0.273665
0.306802
0.124201
0.119805
0.191285
0.231791
0.287499
0.335245
0.254228
0.123066
0.359589
-0.008631
0.119202
0.229792
0.201048
0.185180
0.255344
0.138352
0.274038
0.142942
0.073748
0.174753
0.195189
0.323306
0.304982
0.272947
0.041123
0.022973
0.325677
0.170978
0.150745
0.183114
0.148754
0.175134
0.179249
0.307169
0.155366
0.220419
0.340047
0.346334
0.386775
0.372114
0.332029
0.403904
0.421071
0.353874
0.457270
0.267233
0.273762
0.398633
0.471429
0.297471
0.439605
0.310703
0.391505
0.240448
0.245002
0.236482
0.270365
0.188404
0.058186
0.206418
0.342125
0.209099
0.266035
0.339358
0.242657
-0.019461
0.191595
0.200624
0.238432
0.249940
0.212707
0.209189
0.168928
0.317051
0.283985
0.185771
0.122390
0.144888
0.192151
-0.028092
0.205624
0.190282
0.087220
0.191099
0.213509
-0.015508
-0.019487
0.122077
0.308127
0.202037
0.045343
0.201362
0.210084
0.175527
0.151630
0.108913
0.199280
0.224497
0.174212
0.285593
0.194639
0.237910
0.100825
0.291174
0.233234
0.384779
0.292005
0.331524
0.312015
0.283644
0.379867
0.240194
0.204738
0.184329
0.158941
0.188217
0.262087
0.157599
0.262004
0.128254
0.177557
0.292118
0.164313
0.279072
0.227558
0.307812
0.275777
0.182608
0.161278
0.270685
0.084596
0.398158
0.198359
0.194534
0.194942
0.188331
0.266984
0.143522
0.211338
0.170551
0.081462
0.087508
0.215077
0.248783
0.156184
0.237206
0.136667
0.343489
0.237817
0.196328
0.150715
0.228600
0.262570
0.211210
0.408184
0.230167
0.072705
0.403858
0.136323
0.132125
0.036565
0.234525
0.209883
0.174668
0.136579
0.106036
0.293336
0.223923
0.172563
-0.075647
0.145872
0.233497
0.243688
0.131347
0.356859
0.151774
0.168481
0.213375
0.282705
0.135727
0.223352
0.107501
0.053706
0.203562
0.257318
0.229583
-0.022225
0.220243
0.192530
0.240188
0.356920
0.298388
0.175079
0.349524
0.318762
0.199555
0.171491
0.311125
0.287865
0.234136
0.188918
0.256230
0.055598
0.336059
-0.008515
0.253717
0.219752
0.247382
0.315375
0.239557
0.089157
0.301047
0.222838
0.218684
0.262875
0.280810
0.195933
0.259582
0.156563
0.195096
0.389963
0.286967
0.167036
0.095474
0.099743
0.123513
0.180449
0.279304
-0.050814
0.136574
0.159269
0.165973
0.180858
0.187365
0.217386
0.224155
0.108766
0.132799
0.108354
0.005029
0.352283
0.079636
0.206526
0.162098
0.146383
0.133981
0.140773
0.109857
0.366671
0.439730
0.313745
0.193748
0.149013
0.143586
0.112758
0.193824
0.097781
0.054252
0.170086
0.196532
0.172219
0.152183
0.247880
0.322036
0.055246
0.161471
0.100658
0.096832
0.232737
0.365834
0.206616
0.158547
0.123266
0.228943
0.127724
0.209777
0.232910
0.161172
0.329388
0.236745
0.041904
0.089474
0.407839
-0.007937
0.205707
0.245863
0.283891
0.342407
0.184791
0.109324
0.229325
0.322433
0.271205
0.064804
0.328659
0.173259
0.229142
0.104035
0.118767
0.277178
-0.076981
0.205497
0.236330
0.345188
0.140081
0.143780
0.099790
0.140121
0.234634
0.170770
0.195198
0.075487
0.176624
0.081283
-0.058280
0.384614
0.325269
0.263907
0.169158
0.110297
0.232184
0.197912
0.222779
0.171858
0.273609
0.293978
0.144237
0.062475
0.420478
0.195322
0.229467
0.133578
0.321360
0.243085
0.223861
0.167566
0.246372
0.028477
0.216062
0.228952
0.204595
0.174490
0.273521
0.074579
0.271881
0.016783
0.299108
0.121114
0.233437
0.172295
0.285627
0.314925
0.148271
0.045538
0.318497
0.123722
0.191824
0.195105
0.160745
0.253042
0.205455
0.332432
0.164813
0.179195
0.069596
0.107470
0.162103
0.106839
0.315570
0.165960
0.148732
0.151312
0.151962
0.128438
0.011601
0.110610
0.230479
0.104582
0.199818
0.158702
0.220596
0.214182
0.078261
0.323076
0.211239
0.153387
0.191129
0.095218
0.167334
0.238836
0.111688
0.371398
0.177061
0.088279
0.090991
0.145668
-0.000498
0.142668
0.155711
0.244300
0.087693
0.093322
0.226310
0.291647
0.227499
0.162451
0.250975
0.074341
0.122086
0.313181
0.118208
0.160623
0.307057
0.252363
0.167244
0.140803
0.349227
0.081780
0.347916
-0.020150
0.163420
0.357191
0.275472
0.319883
0.169397
0.176539
0.292636
0.229431
0.297160
0.290066
0.239101
0.224856
0.019947
0.019763
0.180345
0.286615
0.156879
0.162332
0.078442
0.066896
0.285695
0.388696
0.265804
0.183932
0.262716
0.180274
0.261580
0.098502
0.395108
0.255018
0.137415
0.195010
0.273926
0.260142
0.000152
0.152837
0.133087
0.136544
0.067768
0.272747
0.088743
0.279750
0.212136
0.023766
0.258951
0.285792
0.122451
-0.013953
0.395072
0.162765
0.203666
0.135943
0.090944
0.325647
0.247065
0.298473
0.189247
0.137558
0.259666
0.314957
0.314751
0.052217
0.130387
0.277325
0.212541
0.318372
0.024513
0.164608
0.291563
0.246783
0.182745
0.339093
0.208327
0.251356
0.304739
0.197794
0.347453
0.218704
0.359544
0.098480
0.364858
0.331178
0.277800
0.274896
0.367368
0.271589
0.264868
0.256173
0.195666
0.261794
0.239016
0.237691
0.285195
0.195031
0.329181
0.342071
0.387710
0.382460
0.328731
0.236154
0.070926
0.230017
0.208950
0.196285
0.185550
0.271858
0.215716
0.220555
0.223201
0.237999
0.197979
0.111325
0.175259
0.253451
0.215757
0.135508
0.260489
0.293230
0.285325
0.268470
0.138734
0.291376
0.228105
0.322310
0.239209
0.217046
0.291969
0.135582
0.085669
0.043194
0.150297
0.249744
0.309883
0.270829
0.338602
0.264385
0.182798
0.228371
0.223647
0.164039
0.223366
0.196355
0.242455
0.258547
0.180887
0.227404
0.345518
0.027312
0.233652
0.300591
0.115884
0.299170
0.366679
0.307949
0.314082
0.201368
0.033859
0.189243
0.171511
0.321871
0.142538
0.262386
0.216181
0.248572
0.299388
0.267397
0.363928
0.259856
0.331139
0.411196
0.382013
0.424647
0.411938
0.393767
0.268770
-0.030222
0.481586
0.184928
0.570022
0.371364
0.191572
0.405567
0.308274
0.353212
0.315079
0.306581
0.118036
0.199145
0.244894
0.095438
0.222744
0.309864
0.276689
0.238819
0.340877
0.245054
0.162918
0.296958
0.163450
0.233196
0.449034
0.216771
0.080740
0.292410
0.324164
0.175169
0.248118
0.239533
0.081522
0.220037
0.149769
0.205608
0.289569
0.008762
0.088205
0.039126
0.222214
0.142492
0.106619
0.143484
0.316789
0.097621
0.181911
0.160911
0.234167
-0.070220
0.119163
0.416690
0.199870
0.176631
