-0.018675
0.900000
0.900000
0.351958
0.900000
0.636491
0.659077
0.515061
0.348715
0.217509
0.273392
0.210845
0.247469
0.292845
0.297904
0.177425
0.243728
0.200681
0.264549
0.263707
0.191793
0.077259
0.202656
0.118831
0.025246
0.122960
0.156711
0.218517
0.217126
-0.032927
0.269272
0.265139
0.025703
0.225879
0.134663
0.198838
0.069014
0.285028
0.201949
0.235941
0.352761
0.055152
0.175197
0.270258
0.281699
0.232855
0.144387
0.555660
0.644516
0.618070
0.692490
0.220372
0.900000
0.900000
0.893781
0.900000
0.670574
0.868426
0.687029
0.870105
0.893838
0.662519
0.821232
0.554089
0.858435
0.263530
0.650432
0.497429
0.617691
0.647622
0.452738
0.609238
0.490375
0.391522
0.666913
0.408630
0.497767
0.126758
0.350403
0.475293
0.450560
0.291998
0.372315
0.381538
0.390762
0.507339
0.426802
0.367806
0.232846
0.383555
0.264674
0.403363
-0.010377
-0.098372
0.689019
0.660733
0.385254
0.595760
0.308019
0.722613
0.404185
0.615392
0.505089
0.333607
0.357308
0.326477
0.182436
0.358481
0.355881
0.500579
0.240236
0.346350
0.305012
0.379736
0.343509
0.426436
0.279369
0.414460
0.400080
0.393401
0.477930
0.170600
0.520199
0.463309
0.434869
0.568710
0.286569
0.264482
0.194789
0.289985
0.240465
0.041095
0.303344
0.255274
0.244058
-0.007319
0.096055
0.149084
0.026755
-0.034111
-0.063361
0.067997
0.230300
0.064875
0.019331
0.180593
0.027934
0.089370
0.058129
0.089418
-0.037987
0.049549
0.201462
0.091704
0.073777
0.006744
0.208808
0.322394
0.381163
0.056854
0.630791
0.526150
0.900000
0.337881
0.900000
0.508438
0.109674
0.623136
0.645249
0.389866
0.674820
0.487884
0.669687
0.416743
0.900000
0.900000
0.643022
0.606408
0.569746
0.226079
0.412955
0.191837
0.245183
0.193675
0.355887
0.342021
0.189607
0.360251
0.604174
0.415947
0.807960
0.666126
0.410304
0.528057
0.378398
0.562791
0.615624
0.534916
0.900000
0.789814
0.900000
0.469218
0.736530
0.679319
0.707714
0.845920
0.451309
0.664051
0.633045
0.402951
0.598123
0.438201
0.562960
0.481524
0.403223
0.384239
0.466530
0.340454
0.264261
0.526468
0.357684
0.301847
0.573596
0.484285
0.449835
0.395598
0.205954
0.406588
0.391748
0.516507
0.330766
0.480400
0.311748
0.518612
0.313700
0.352230
0.295010
0.217764
0.559335
0.509135
0.414187
0.443196
0.527242
0.511723
0.448515
0.158712
0.472337
0.340910
0.254165
0.452122
0.143916
0.430560
0.214724
0.408997
0.353904
0.085161
0.659315
0.540720
0.214592
0.339919
0.261606
0.296964
0.042594
0.297033
0.310087
0.092506
0.092720
-0.009984
0.058617
0.167739
0.060172
0.218384
0.316696
-0.048432
0.225617
0.037746
0.237609
0.335625
-0.046617
0.313069
-0.023745
0.587077
0.421329
0.531183
0.507471
0.248249
0.278079
0.247004
0.196076
0.275777
0.402550
0.212749
0.424282
-0.260985
0.619996
0.106473
0.661135
0.338727
0.900000
0.798802
0.277381
0.440199
0.260360
0.729892
0.661300
0.572410
0.517863
0.900000
0.656189
0.742582
0.780915
0.508442
0.459504
0.231397
0.212456
0.120025
0.049540
0.091847
0.297879
-0.120586
0.056231
0.087079
0.158305
-0.107975
0.108782
0.107357
0.525286
0.210965
0.169372
-0.990393
-0.217480
0.262830
0.900000
-0.089581
0.267504
0.226454
0.900000
-0.227883
0.189325
0.396512
0.146448
-0.049815
0.173186
0.128309
0.039891
0.087108
0.024245
0.101254
0.088594
0.284189
0.105565
0.149390
0.290149
0.273124
0.129575
0.250329
0.218147
0.187786
0.079729
0.067201
0.306758
0.227788
0.291706
0.177332
0.354525
0.213894
0.075587
0.188313
0.438859
0.050070
0.182318
0.086515
0.248528
0.374765
0.064067
0.339247
0.133840
0.216623
0.276461
0.369378
0.333028
0.216307
0.220056
0.233171
0.157864
0.206734
0.221034
0.217566
0.240180
0.198982
0.216814
0.149842
0.126281
0.346403
0.258812
0.199430
0.137306
0.144082
0.255272
0.243117
0.251626
0.230697
0.170877
0.134527
0.273685
0.209828
0.145258
0.376035
0.524879
0.455571
0.521570
0.707372
0.499957
0.517996
0.645933
0.525909
0.481036
0.266492
0.405436
0.482351
0.245202
0.533156
0.630370
0.864417
0.771188
0.703100
0.900000
0.900000
0.853021
0.776410
0.789736
0.437351
0.734568
0.130757
0.597799
0.596954
0.400093
0.457180
0.438501
0.481002
0.570949
0.298036
0.433938
0.378035
0.421983
0.417957
0.361199
0.478172
0.268586
0.243875
0.269222
0.361932
0.300414
0.563608
0.464953
0.476436
0.197178
0.169587
0.202303
0.335373
0.188406
0.056534
-0.038611
0.196261
0.210992
0.158903
-0.004586
0.261597
0.130672
0.057968
0.020783
0.012476
0.090185
0.088020
0.050883
-0.130564
-0.051735
-0.015156
0.077041
0.217310
0.338337
-0.021488
-0.028252
-0.041904
0.159708
0.061790
-0.010688
0.194320
0.261265
0.007578
0.168320
0.217037
0.328028
0.481875
0.514379
0.553350
0.492657
0.461016
0.504083
0.612388
0.487626
0.407788
0.286382
0.513249
0.277251
0.417844
0.444438
0.340844
0.416771
0.049861
0.504867
0.596691
0.692019
0.612174
0.757512
0.900000
0.900000
0.900000
0.740044
0.395594
0.900000
0.697582
0.900000
0.527137
0.528799
0.390374
0.298032
0.581345
0.407560
0.391426
0.304001
0.566077
0.615245
0.519880
0.340348
0.833888
0.542725
0.306372
0.315033
0.637081
0.539280
0.410310
0.316765
0.433737
0.309426
-0.047616
-0.035952
0.208823
0.241347
0.283831
0.290133
0.172606
-0.050585
-0.021990
0.222743
0.061484
0.023405
0.180310
-0.038312
0.070707
-0.005358
-0.017291
0.034165
-0.065031
-0.108418
-0.001129
0.205629
-0.032053
0.108777
0.113265
0.221058
-0.314527
0.294682
0.086774
0.281560
0.626343
0.239606
0.039497
0.352260
0.510779
0.900000
0.364678
0.547654
0.691235
0.900000
0.887317
0.347201
0.585131
0.437353
0.900000
0.802865
0.148177
0.762085
0.788690
0.761791
0.530785
0.539294
0.435537
0.583886
0.414439
0.471424
0.758374
0.749521
0.765714
0.649639
0.406622
0.487037
0.729799
0.494284
0.618228
0.334784
0.458040
0.900000
0.584059
0.900000
0.900000
0.855759
0.303111
0.070729
0.610507
0.656912
0.679345
0.324960
0.615267
0.514088
0.687237
0.408819
0.189846
-0.041811
0.715292
0.573971
0.462395
0.396248
0.119768
0.362664
0.568233
0.508536
0.525656
0.259960
0.439515
0.369112
0.586132
0.548106
0.641431
0.527486
0.351157
0.545501
0.458114
0.766848
0.253872
0.472800
0.453398
0.329275
0.396628
0.438075
0.258126
0.487869
0.512074
0.509584
0.357669
0.186187
0.374757
0.270266
0.162199
0.161343
0.077252
0.219479
0.247031
0.138394
0.213001
-0.002580
0.333892
0.047767
-0.072019
0.154485
0.053264
0.073635
0.074856
-0.016886
0.264657
0.043869
0.028574
-0.072325
-0.380137
0.399474
-0.161689
0.310373
0.153178
0.258575
0.097110
0.181498
0.093641
0.251921
0.165101
0.384223
0.348208
0.510826
0.136688
0.399663
0.093957
0.311919
0.201981
0.220039
0.053212
-0.161531
0.291505
0.520585
0.360056
0.368522
0.215169
0.243436
0.097060
0.254811
-0.206494
0.192374
-0.089019
0.386238
0.363162
0.446800
0.244048
0.200029
0.522332
0.212935
0.357556
-0.000552
-0.131423
0.422929
0.257921
0.482792
0.399358
0.236061
0.042194
0.699410
0.155818
-0.044958
0.226173
-0.042594
0.578074
0.309760
0.511603
0.373978
0.045818
0.260333
0.137352
-0.059505
0.146171
-0.161895
0.422204
0.236427
0.511519
0.295895
0.368681
0.009084
0.271853
0.154300
0.201151
-0.076132
0.324936
0.343313
0.503410
0.457833
0.246345
0.287836
0.700745
0.084758
-0.002145
-0.011743
-0.174426
0.487626
0.102188
0.596061
0.501956
0.324613
0.066807
0.313970
0.247579
0.095914
0.229980
0.529904
0.369272
0.513252
0.600042
0.177279
0.342414
0.442880
0.237049
0.337109
0.284280
0.115508
0.125972
0.058768
0.121502
0.115643
0.103203
0.194343
0.329289
0.042720
0.131294
0.206311
0.260600
0.167634
0.227780
0.219815
0.021646
0.234573
0.244859
0.249783
0.278965
0.586630
0.593564
0.638043
0.900000
0.900000
0.900000
0.491623
0.900000
0.588575
-0.496649
-1.315205
0.893543
0.306832
0.113578
0.900000
0.900000
0.900000
0.845881
0.900000
0.650595
0.865048
0.900000
0.462394
0.900000
0.900000
0.656580
0.900000
0.502728
0.564978
0.157630
0.270157
0.540997
0.298817
0.416226
0.208996
0.137183
0.026571
0.250039
0.169592
-0.397733
-0.388418
-1.198438
0.170231
-0.089327
0.553733
0.900000
0.475382
0.900000
0.900000
0.900000
0.069542
0.900000
0.794430
0.900000
0.900000
0.430992
0.900000
0.900000
0.739405
0.553622
0.673438
0.817894
0.900000
0.877223
0.361661
0.445330
0.900000
0.900000
0.694157
0.900000
0.900000
0.861040
0.137042
0.146579
0.374114
0.133927
0.397605
0.164185
0.530771
0.187694
0.386272
0.521419
0.408016
-0.900000
-0.900000
0.900000
0.062582
0.801444
0.000000
0.000000
0.000000
0.000000
0.000000
0.000000
0.000000
0.000000
0.000000
0.000000
0.000000
0.000000
0.000000
0.000000
0.000000
0.000000
0.000000
0.000000
0.000000
0.000000
0.000000
0.000000
0.000000
0.000000
0.000000
0.000000
0.000000
0.000000
0.000000
0.000000
0.000000
0.000000
0.000000
0.000000
0.000000
0.000000
0.000000
0.000000
0.000000
0.000000
0.000000
0.000000
0.000000
0.000000
0.000000
0.000000
0.000000
0.000000
0.000000
0.000000
0.000000
0.000000
0.000000
0.000000
0.000000
0.000000
0.000000
0.000000
0.000000
0.000000
0.000000
0.000000
0.000000
0.000000
0.000000
0.000000
0.000000
0.000000
0.000000
0.000000
0.000000
0.000000
0.000000
0.000000
0.000000
0.000000
0.000000
0.000000
0.000000
0.000000
0.000000
0.000000
0.000000
0.000000
0.000000
0.000000
0.000000
0.000000
0.000000
0.000000
0.000000
0.000000
0.000000
0.000000
0.000000
0.000000
0.000000
0.000000
0.000000
0.000000
0.000000
0.000000
0.000000
0.000000
