0.900000
0.900000
0.900000
0.609938
0.900000
0.329715
0.586057
0.519199
0.490795
0.278591
0.376645
0.184754
0.161439
0.277940
0.280070
0.199349
0.308020
0.067015
0.260138
0.105537
0.367341
0.292827
0.083914
0.390115
-0.017688
0.144242
0.249930
0.266515
0.221812
0.244824
0.338776
0.197556
0.128856
0.272865
0.165492
0.048686
0.419181
0.188069
0.281341
0.222468
0.191496
0.062846
0.252174
0.118697
0.127846
0.295513
0.233205
0.603402
0.482642
0.750921
0.510946
0.479908
0.900000
0.386267
0.874614
0.900000
0.348513
0.900000
0.332010
0.350273
0.399608
0.900000
0.400104
0.900000
0.563034
0.881513
0.342704
0.639269
0.628780
0.514929
0.367912
0.504150
0.221681
0.436097
0.405426
0.425581
0.348616
0.423444
0.411288
0.463424
0.345582
0.418974
0.583509
0.337847
0.327028
0.636317
0.470238
0.557252
0.200991
0.385531
0.514310
0.459204
0.388326
0.528322
0.345696
0.217105
0.384097
0.900000
0.294108
0.397135
0.507182
0.526547
0.439502
0.304088
0.398890
0.193371
0.481623
0.436892
0.460073
0.403387
0.509420
0.194288
0.497741
0.512412
0.490889
0.451949
0.331562
0.387932
0.585612
0.041318
0.544100
0.468166
0.190292
0.390341
0.511882
0.343631
0.522578
0.309140
0.435309
0.501353
0.670999
0.554144
0.482476
0.445466
0.457468
0.411225
0.427233
0.357344
0.315243
0.205384
0.459433
-0.061225
0.064953
0.147324
0.118795
0.136915
0.285023
0.202619
-0.062667
0.045143
0.030658
0.334430
0.107243
0.162206
0.097306
0.079672
0.129248
0.039101
0.135208
0.050279
0.044086
0.191245
0.004353
0.080979
0.030784
0.009927
0.185044
-0.173759
0.575579
0.055032
0.450186
0.342034
0.640840
0.338543
0.816780
0.117747
0.260426
0.498404
0.425371
0.603125
0.529079
0.841193
0.231751
0.714118
0.432166
0.389889
0.743378
0.412914
0.375440
0.772178
0.312446
0.417552
0.206719
0.248438
0.424250
0.323563
0.352582
0.202759
0.328316
0.260730
0.426205
0.496243
0.507213
0.291480
0.744133
0.616313
0.900000
0.610700
0.730462
0.743203
0.781515
0.665138
0.425931
0.709182
0.377116
0.377950
0.292545
0.544930
0.655220
0.441299
0.643125
0.430389
0.399367
0.243159
0.578770
0.389790
0.559041
0.051556
0.449420
0.387491
0.385995
0.380857
0.181239
0.368345
0.204197
0.331112
0.158737
0.250050
0.175684
0.397186
0.452745
0.337842
0.493141
0.351586
0.404885
0.149748
0.401015
0.303727
0.237959
0.301788
0.311041
0.361751
0.399586
0.250924
0.305890
0.565911
0.426439
0.299844
0.352596
0.402824
0.236723
0.610919
0.594243
0.389733
0.336557
0.278818
0.158847
0.492023
0.300828
0.488089
0.494556
0.481039
0.471141
0.459138
0.419716
0.476941
0.499312
0.441902
0.435256
0.200349
0.175854
0.183748
0.110714
0.188932
0.049660
0.366521
0.290603
0.143206
0.011784
0.327299
0.206550
0.136601
0.316340
0.056042
0.178355
0.216097
0.120293
0.183613
0.138539
0.150719
0.159093
0.140333
0.286595
0.246623
0.351427
0.283444
0.162185
0.144701
0.241423
0.052666
-0.138675
0.196251
0.071362
0.031617
0.165475
0.103275
0.037362
0.167385
0.079268
0.427303
0.298655
0.542046
0.552362
0.691631
0.687736
0.306192
0.900000
0.779179
0.288244
0.900000
0.445076
0.900000
0.607678
0.641850
0.472788
0.648608
0.782080
0.800053
0.590809
0.519191
0.443591
0.471391
0.250484
0.235356
0.256099
0.117281
0.152760
0.100607
0.117286
0.268192
0.177245
0.040420
0.122083
0.270185
0.166537
0.143824
0.085424
-0.052859
0.092925
0.247171
0.208116
0.229630
0.163547
0.211085
0.148898
0.036506
0.185200
-0.000654
0.140058
0.031458
0.193449
0.096382
0.420764
0.194298
0.273308
0.422797
0.199315
0.206091
0.193213
0.231466
0.189194
0.302643
0.197284
0.257539
0.172010
0.072530
0.244503
0.380129
0.189769
0.310720
0.141441
0.217731
0.173265
0.222443
0.247337
0.387811
0.229587
0.131730
0.252133
0.105118
0.253028
0.194918
0.236440
0.269298
0.191753
-0.061211
0.201269
0.297520
0.272336
0.281898
0.213983
0.171689
0.016163
0.257036
0.224657
0.168499
0.237638
0.270452
0.374688
0.396600
0.183229
0.434456
0.259890
0.230165
0.176377
0.088413
0.166611
0.177270
0.218639
0.358739
0.216419
0.140431
0.209022
0.223848
0.329510
0.203180
0.000822
0.178499
0.217323
0.178319
0.222407
0.149294
0.074688
0.316285
0.111010
0.291274
0.240820
0.256743
0.196813
0.210236
0.145984
0.164254
0.132862
0.290687
0.348112
0.329662
0.339049
0.362810
0.515410
0.363234
0.576261
0.600516
0.655798
0.674063
0.727773
0.900000
0.900000
0.274302
0.712056
0.515596
0.779851
0.492030
0.852121
0.291091
0.559223
0.545799
0.489464
0.271489
0.491517
0.419035
0.508311
0.559877
0.614493
0.577921
0.381638
0.429453
0.417277
0.197211
0.551621
0.449002
0.426645
0.350875
0.366445
0.454095
0.468875
0.276583
0.494224
0.133993
0.324982
0.302274
0.516954
0.299787
0.424837
0.381211
0.441746
0.555382
0.241892
0.197060
0.525665
0.345495
0.190013
0.377580
0.058162
0.190352
0.264986
0.149733
-0.052811
0.130906
0.169150
0.124680
0.029953
0.019173
0.075602
0.139362
0.038158
-0.036663
0.088735
0.104514
-0.003384
0.085065
0.166342
0.088697
0.102125
0.224928
0.063606
0.037675
0.157530
0.240028
0.229101
0.220501
0.190096
0.273208
0.249712
0.363995
0.255982
0.087624
0.249704
0.218987
0.334477
0.381551
0.336202
0.186536
0.213160
0.144218
0.168619
0.179862
0.137985
0.266416
0.435865
0.456272
0.549459
0.453479
0.715843
0.692177
0.649860
0.863664
0.552794
0.900000
0.561760
0.900000
0.212317
0.810197
0.291725
0.427538
0.608195
0.607686
0.697333
0.655047
0.424292
0.542849
0.300654
0.549575
0.620445
0.481215
0.628793
0.339831
0.340155
0.490366
0.477091
0.338190
0.521809
0.246402
0.454216
0.504773
0.149259
0.468132
0.314535
0.492845
0.634764
0.370787
0.454577
0.622336
0.443929
0.304254
0.276103
0.265313
0.377322
0.186173
0.282585
0.088247
0.164624
0.168340
0.144721
0.089003
0.324524
0.025309
0.139148
0.079220
0.075206
0.093478
-0.035514
0.061476
0.158303
0.106402
0.173872
-0.003335
0.052893
0.268910
0.080706
0.169891
0.131471
0.217685
0.086461
0.354664
0.471165
0.069741
0.711940
0.667017
0.504687
0.900000
0.314878
0.900000
0.384777
0.402709
0.900000
0.247990
0.873871
0.465471
0.352185
0.900000
0.322383
0.089856
0.900000
0.625590
0.335803
0.688521
0.012761
0.775418
0.473011
-0.034319
0.609753
0.261808
0.510622
0.422719
0.596003
0.554694
0.417494
0.758925
0.600451
0.537990
0.822471
0.427621
0.762029
0.462357
0.900000
0.410054
0.702101
0.627055
0.572255
0.900000
0.884260
0.644082
0.461727
0.348491
0.796894
0.459783
0.587927
0.481073
0.372268
-0.114003
0.479964
0.493954
0.606348
0.406992
0.399332
0.786403
0.369358
0.375014
0.418244
0.221411
0.382699
0.255117
0.321600
0.322934
0.419183
-0.959733
0.458132
0.568661
0.141050
0.383801
0.477768
0.535608
0.116700
0.502696
0.319859
-0.029863
0.897920
0.234165
0.599982
0.491593
0.248651
0.462191
0.367512
0.279041
0.484661
0.423610
0.206816
0.354612
0.219633
0.239915
0.155858
0.065547
0.380982
0.207201
0.364757
0.103003
0.159804
0.233681
0.008541
0.105168
0.106726
0.126281
0.404290
0.041292
0.217815
0.031008
0.073471
0.171386
0.266097
0.044661
0.089890
0.161576
-0.001780
0.076034
-0.085672
0.065012
0.093719
0.069710
0.215273
0.167978
0.262321
-0.040353
0.408553
0.362463
0.402509
0.273465
0.282669
0.216131
0.101537
0.116648
0.263242
0.135048
0.287389
0.395489
0.406689
0.415359
0.358108
0.273437
0.144086
0.159396
0.243605
0.011150
0.053001
0.201460
0.502495
0.461784
0.228851
0.362330
0.220551
0.162454
0.350909
0.236249
0.231158
0.239711
0.189586
0.327263
0.353741
0.266282
0.344837
0.223100
0.101436
0.262401
0.190669
0.196227
0.127951
0.592881
-0.009511
0.335735
0.436708
0.485885
0.320445
0.351457
0.282768
0.150428
0.131408
0.490404
0.106967
0.456123
0.420041
0.265062
0.201713
0.295197
0.386245
0.120905
0.068674
0.169838
0.180826
0.150509
0.505550
0.356437
0.251614
0.205704
0.114891
0.148936
0.272346
0.218887
0.334814
0.189269
0.243645
0.228636
0.438939
0.307088
0.210921
0.231428
0.021539
0.239730
0.310514
0.143933
0.116226
0.041265
0.552936
0.369451
0.249227
0.379483
0.382439
0.258550
0.240845
0.138031
0.268304
0.166367
0.563574
-0.117782
0.356539
0.251541
0.409661
0.085446
0.315117
0.394533
0.234614
0.176877
0.246981
0.175667
0.169522
0.219138
0.421427
0.239819
0.259362
0.055688
0.135246
0.310137
0.294845
0.280015
0.351391
0.210715
0.284439
0.263488
0.232667
0.349406
0.271335
0.336011
0.523395
0.409408
0.664310
0.648803
0.837347
0.900000
0.151806
0.900000
0.124023
0.281988
-0.361013
-1.255757
-0.253298
0.320714
0.900000
0.900000
0.900000
0.900000
0.652484
0.900000
0.807392
0.842741
0.900000
0.900000
0.669798
0.375465
0.236636
0.422318
0.283287
0.233184
0.260205
0.122096
0.452944
0.329593
0.147194
0.229040
0.107994
0.314052
0.426403
0.605902
-0.238451
0.376279
-0.015962
0.340021
0.666723
0.600968
0.221690
0.667256
0.255553
0.766391
0.533944
0.799078
0.156322
0.674215
0.846014
0.237385
0.212565
0.852852
0.468364
0.693390
0.900000
0.900000
0.168468
0.900000
0.600862
0.862590
0.810439
0.900000
0.347479
0.510359
0.059625
0.502073
0.167690
0.369737
0.312540
0.277790
-0.768695
0.900000
0.249050
0.900000
0.900000
0.760322
0.900000
0.866037
0.846479
0.868140
0.000000
0.000000
0.000000
0.000000
0.000000
0.000000
0.000000
0.000000
0.000000
0.000000
0.000000
0.000000
0.000000
0.000000
0.000000
0.000000
0.000000
0.000000
0.000000
0.000000
0.000000
0.000000
0.000000
0.000000
