0.393267
0.327441
0.473292
0.456777
0.244941
0.339124
-0.700000
-0.700000
-0.700000
0.022918
0.063576
-0.283304
0.031774
0.017668
0.061946
0.700000
0.229508
0.234091
0.200337
0.205985
0.217432
0.700000
0.257091
0.401840
0.294277
0.320661
0.278588
0.356306
0.308830
0.369658
0.271729
0.291823
0.700000
0.391833
0.700000
0.700000
0.576196
0.347003
0.700000
0.574466
0.301187
-0.499600
0.700000
0.493189
0.059048
0.247551
0.363001
0.331774
0.225955
0.186549
0.449710
0.260935
0.073591
0.437531
0.307631
0.359173
0.658933
0.700000
0.700000
0.700000
0.700000
0.700000
0.700000
0.605591
0.700000
0.311957
0.700000
0.339999
0.700000
0.404161
0.566573
0.580490
0.296883
0.431150
0.700000
0.700000
0.628212
0.539820
0.285074
0.700000
0.700000
0.307812
0.678802
0.700000
0.700000
0.025138
0.657566
0.295631
0.168070
0.687352
0.276140
0.200068
0.230641
0.451236
0.278941
0.272930
0.324508
0.344891
0.310866
0.307425
0.269240
0.293606
0.317425
0.275356
0.294731
0.233246
0.316442
0.273010
0.223288
0.255143
0.245205
0.252944
0.267967
0.259555
0.268635
0.274620
0.264213
0.245131
0.246140
0.251557
0.245630
0.231276
0.254505
0.238049
0.237914
0.234400
0.230318
0.230397
0.222474
0.218002
0.213636
0.218442
0.223142
0.224640
0.221942
0.202711
0.210826
0.208093
0.205395
0.189969
0.194669
0.187314
0.192405
0.197743
0.190779
0.192064
0.181579
0.178597
0.184114
0.177646
0.166380
0.167310
0.160204
0.173899
0.163804
0.157266
0.163527
0.157273
0.146007
0.151558
0.157323
0.159460
0.158431
0.153206
0.156052
0.150579
0.153142
0.155740
0.146213
0.157309
0.165026
0.160760
0.164636
0.160476
0.160263
0.155748
0.154718
0.149671
0.144517
0.147577
0.150246
0.149713
0.149181
0.144417
0.151495
0.151176
0.150999
0.150750
0.154520
0.150182
0.149827
0.145312
0.136459
0.143608
0.147236
0.146810
0.142295
0.141621
0.140911
0.136183
0.135189
0.134302
0.137432
0.141060
0.145007
0.144936
0.144865
0.144830
0.144794
0.140705
0.140670
0.144652
0.148741
0.144865
0.144972
0.145185
0.145256
0.145256
0.145256
0.145362
0.158020
0.154854
0.159866
0.161002
0.161782
0.162421
0.154988
0.151680
0.160568
0.165438
0.158076
0.162840
0.155159
0.155159
0.155159
0.155194
0.155194
0.155230
0.155230
0.155230
0.155230
0.151176
0.151105
0.142714
0.116404
0.087433
0.069060
0.046599
0.052442
0.062942
0.050008
0.061573
0.101265
0.088685
0.060317
0.057229
0.066515
0.063959
0.065386
0.075489
0.069554
0.059424
0.037558
0.055981
0.070634
0.069072
0.035258
0.061966
0.064955
0.051622
0.005790
0.069016
0.064394
0.063826
0.067596
0.071365
0.067099
0.066886
0.062619
0.062371
0.062229
0.062051
0.061980
0.065928
0.065892
0.065857
0.065786
0.065715
0.065715
0.065644
0.069662
0.065537
0.065537
0.065537
0.065431
0.065431
0.061377
0.065395
0.065395
0.065395
0.065395
0.065395
0.065395
0.065395
0.065395
0.065395
0.065395
0.065395
0.065395
0.065395
0.065395
0.065395
0.065395
0.065395
0.065395
0.065395
0.065395
0.065395
0.065395
0.065395
0.065395
0.065395
0.065395
0.065395
0.065395
0.065395
0.065395
0.065395
0.065395
0.065395
0.065395
0.065395
0.065395
0.065395
0.065395
0.065395
0.065395
0.065395
0.065395
0.065395
0.065395
0.065395
0.065395
0.065395
0.065395
0.065395
0.065395
0.065395
0.065395
0.065395
0.065395
0.065395
0.065395
0.065395
0.065395
0.065395
0.065395
0.065395
0.065395
0.065395
0.065395
0.065395
0.065395
0.065395
0.065395
0.065395
0.065395
0.065395
0.065395
0.065395
0.065395
0.065395
0.065395
0.065395
0.065395
0.065395
0.065395
0.065360
0.065360
0.065324
0.041002
0.029878
0.048904
0.040584
-0.063582
0.700000
0.700000
0.700000
0.700000
0.700000
0.700000
0.700000
0.595247
0.155102
0.350777
0.226100
0.136052
0.279086
0.102371
0.318681
0.295713
0.265526
0.000000
0.000000
0.000000
0.000000
0.000000
0.000000
0.000000
0.000000
0.000000
0.000000
0.000000
0.000000
0.000000
0.000000
0.000000
0.000000
0.000000
0.000000
0.000000
0.000000
0.000000
0.000000
0.000000
0.000000
0.000000
0.000000
0.000000
0.000000
0.000000
0.000000
0.000000
0.000000
0.000000
0.000000
0.000000
0.000000
0.000000
0.000000
0.000000
0.000000
0.000000
0.000000
0.000000
0.000000
0.000000
0.000000
0.000000
0.000000
0.000000
0.000000
0.000000
0.000000
0.000000
0.000000
0.000000
0.000000
0.000000
0.000000
0.000000
0.000000
0.000000
0.000000
0.000000
0.000000
0.000000
0.000000
0.000000
0.000000
0.000000
0.000000
0.000000
0.000000
0.000000
0.000000
0.000000
0.000000
0.000000
0.000000
0.000000
0.000000
0.000000
0.000000
0.000000
0.000000
0.000000
0.000000
0.000000
0.000000
0.000000
0.000000
0.000000
0.000000
0.000000
0.000000
0.000000
0.000000
0.000000
0.000000
0.000000
0.000000
0.000000
0.000000
0.000000
0.000000
0.000000
0.000000
0.000000
0.000000
0.000000
0.000000
0.000000
0.000000
0.000000
0.000000
0.000000
0.000000
0.000000
0.000000
0.000000
0.000000
0.000000
0.000000
0.000000
0.000000
0.000000
0.000000
0.000000
0.000000
0.000000
0.000000
0.000000
0.000000
0.000000
0.000000
0.000000
0.000000
0.000000
0.000000
0.000000
0.000000
0.000000
0.000000
0.000000
0.000000
0.000000
0.000000
0.000000
0.000000
0.000000
0.000000
0.000000
0.000000
0.000000
0.000000
0.000000
0.000000
0.000000
0.000000
0.000000
0.000000
0.000000
0.000000
0.000000
0.000000
0.000000
0.000000
0.000000
0.000000
0.000000
0.000000
0.000000
0.000000
0.000000
0.000000
0.000000
0.000000
0.000000
0.000000
0.000000
0.000000
0.000000
0.000000
0.000000
0.000000
0.000000
0.000000
0.000000
0.000000
0.000000
0.000000
0.000000
0.000000
0.000000
0.000000
0.000000
0.000000
0.000000
0.000000
0.000000
0.000000
0.000000
0.000000
0.000000
0.000000
0.000000
0.000000
0.000000
0.000000
0.000000
0.000000
0.000000
0.000000
0.000000
0.000000
0.000000
0.000000
0.000000
0.000000
0.000000
0.000000
0.000000
0.000000
0.000000
0.000000
0.000000
0.000000
0.000000
0.000000
0.000000
0.000000
0.000000
0.000000
0.000000
0.000000
0.000000
0.000000
0.000000
0.000000
0.000000
0.000000
0.000000
0.000000
0.000000
0.000000
0.000000
0.000000
0.000000
0.000000
0.000000
0.000000
0.000000
0.000000
0.000000
0.000000
0.000000
0.000000
0.000000
0.000000
0.000000
0.000000
0.000000
0.000000
0.000000
0.000000
0.000000
0.000000
0.000000
0.000000
0.000000
0.000000
0.000000
0.000000
0.000000
0.000000
0.000000
0.000000
0.000000
0.000000
0.000000
0.000000
0.000000
0.000000
0.000000
0.000000
0.000000
0.000000
0.000000
0.000000
0.000000
0.000000
0.000000
0.000000
0.000000
0.000000
0.000000
0.000000
0.000000
0.000000
0.000000
0.000000
0.000000
0.000000
0.000000
0.000000
0.000000
0.000000
0.000000
0.000000
0.000000
0.000000
0.000000
0.000000
0.000000
0.000000
0.000000
0.000000
0.000000
0.000000
0.000000
0.000000
0.000000
0.000000
0.000000
0.000000
0.000000
0.000000
0.000000
0.000000
0.000000
0.000000
0.000000
0.000000
0.000000
0.000000
0.000000
0.000000
0.000000
0.000000
0.000000
0.000000
0.000000
0.000000
0.000000
0.000000
0.000000
0.000000
0.000000
0.000000
0.000000
0.000000
0.000000
0.000000
0.000000
0.000000
0.000000
0.000000
0.000000
0.000000
0.000000
0.000000
0.000000
0.000000
0.000000
0.000000
0.000000
0.000000
0.000000
0.000000
0.000000
0.000000
0.000000
0.000000
0.000000
0.000000
0.000000
0.000000
0.000000
0.000000
0.000000
0.000000
0.000000
0.000000
0.000000
0.000000
0.000000
0.000000
0.000000
0.000000
0.000000
0.000000
0.000000
0.000000
0.000000
0.000000
0.000000
0.000000
0.000000
0.000000
0.000000
0.000000
0.000000
0.000000
0.000000
0.000000
0.000000
0.000000
0.000000
0.000000
0.000000
0.000000
0.000000
0.000000
0.000000
0.000000
0.000000
0.000000
0.000000
0.000000
0.000000
0.000000
0.000000
0.000000
0.000000
0.000000
0.000000
0.000000
0.000000
0.000000
0.000000
0.000000
0.000000
0.000000
0.000000
0.000000
0.000000
0.000000
0.000000
0.000000
0.000000
0.000000
0.000000
0.000000
0.000000
0.000000
0.000000
0.000000
0.000000
0.000000
0.000000
0.000000
0.000000
0.000000
0.000000
0.000000
0.000000
0.000000
0.000000
0.000000
0.000000
0.000000
0.000000
0.000000
0.000000
0.000000
0.000000
0.000000
0.000000
0.000000
0.000000
0.000000
0.000000
0.000000
0.000000
0.000000
0.000000
0.000000
0.000000
0.000000
0.000000
0.000000
0.000000
0.000000
0.000000
0.000000
0.000000
0.000000
0.000000
0.000000
0.000000
0.000000
0.000000
0.000000
0.000000
0.000000
0.000000
0.000000
0.000000
0.000000
0.000000
0.000000
0.000000
0.000000
0.000000
0.000000
0.000000
0.000000
0.000000
0.000000
0.000000
0.000000
0.000000
0.000000
0.000000
0.000000
0.000000
0.000000
0.000000
0.000000
0.000000
0.000000
0.000000
0.000000
0.000000
0.000000
0.000000
0.000000
0.000000
0.000000
0.000000
0.000000
0.000000
0.000000
0.000000
0.000000
0.000000
0.000000
0.000000
0.000000
0.000000
0.000000
0.000000
0.000000
0.000000
0.000000
0.000000
0.000000
0.000000
0.000000
0.000000
0.000000
0.000000
0.000000
0.000000
0.000000
0.000000
0.000000
0.000000
0.000000
0.000000
0.000000
0.000000
0.000000
0.000000
0.000000
0.000000
0.000000
0.000000
0.000000
0.000000
0.000000
0.000000
0.000000
0.000000
0.000000
0.000000
0.000000
0.000000
0.000000
0.000000
0.000000
0.000000
0.000000
0.000000
0.000000
0.000000
0.000000
0.000000
0.000000
0.000000
0.000000
0.000000
0.000000
0.000000
0.000000
0.000000
0.000000
0.000000
0.000000
