-0.019455
-0.019455
-0.019455
-0.019455
-0.019455
-0.019455
-0.019455
-0.019455
-0.019455
-0.019455
-0.019455
-0.019455
-0.019455
-0.019455
-0.019455
-0.019455
-0.019455
-0.019477
-0.019477
-0.019477
-0.019477
-0.019477
-0.019477
-0.019477
-0.019477
-0.019477
-0.019477
-0.019477
-0.019477
-0.019477
-0.019477
-0.019477
-0.019477
-0.019477
-0.019477
-0.019477
-0.019477
-0.019477
-0.019477
-0.019477
-0.019477
-0.019477
-0.019477
-0.019477
-0.019477
-0.019477
-0.019477
-0.019477
-0.019477
-0.019477
-0.019477
-0.019477
-0.019477
-0.019477
-0.019477
-0.019477
-0.019477
-0.019477
-0.019477
-0.019477
-0.019477
-0.019477
-0.019477
-0.019477
-0.019477
-0.019477
-0.019477
-0.019477
-0.019477
-0.019477
-0.019477
-0.019477
-0.019477
-0.019477
-0.019477
-0.019477
-0.019477
-0.019477
-0.019477
-0.019477
-0.019477
-0.019477
-0.019477
-0.019477
-0.019477
-0.019477
-0.019477
-0.019477
-0.019477
-0.019477
-0.019477
-0.019477
-0.019477
-0.019477
-0.019477
-0.019477
-0.019477
-0.019477
-0.019477
-0.019477
-0.019477
-0.019477
-0.019477
-0.019477
-0.019477
-0.019477
-0.019477
-0.019477
-0.019477
-0.019477
-0.019477
-0.019477
-0.019477
-0.019477
-0.019477
-0.019477
-0.019477
-0.019477
-0.019477
-0.019477
-0.019477
-0.019477
-0.019477
-0.019477
-0.019477
-0.019477
-0.019477
-0.019477
-0.019477
-0.019477
-0.019477
-0.019477
-0.019477
-0.019477
-0.019477
-0.019477
-0.019477
-0.019477
-0.019477
-0.019477
-0.019477
-0.019477
-0.019477
-0.019477
-0.019477
-0.019477
-0.019477
-0.019477
-0.019477
-0.019477
-0.019477
-0.019477
-0.019477
-0.019477
-0.019477
-0.019477
-0.019477
-0.019477
-0.019477
-0.019477
-0.019477
-0.019477
-0.019477
-0.019477
-0.019477
-0.019477
-0.019477
-0.019477
-0.019477
-0.019477
-0.019477
-0.019477
-0.019477
-0.019477
-0.019477
-0.019477
-0.019477
-0.019477
-0.019477
-0.019477
-0.019477
-0.019477
-0.019477
-0.019477
-0.019477
-0.019477
-0.019477
-0.019477
-0.019477
-0.019477
-0.019477
-0.019477
-0.019477
-0.019477
-0.019477
-0.019477
-0.019477
-0.019477
-0.019477
-0.019477
-0.019477
-0.019477
-0.019477
-0.019477
-0.019477
-0.019477
-0.019477
-0.019477
-0.019477
-0.019477
-0.019477
-0.019477
-0.019477
-0.019477
-0.019477
-0.019477
-0.019477
-0.019477
-0.019477
-0.019477
-0.019477
-0.019477
-0.019477
-0.019477
-0.019477
-0.019477
-0.019477
-0.019477
-0.019477
-0.019477
-0.019477
-0.019477
-0.019477
-0.019477
-0.019477
-0.019477
-0.019477
-0.019477
-0.019477
-0.019477
-0.019477
-0.019477
-0.019477
-0.019477
-0.019477
-0.019477
-0.019477
-0.019477
-0.019477
-0.019477
-0.019477
-0.019477
-0.019477
-0.019477
-0.019477
-0.019477
-0.019477
-0.019477
-0.019477
-0.019477
-0.019477
-0.019477
-0.019477
-0.019477
-0.019477
-0.019477
-0.019477
-0.019477
-0.019477
-0.019477
-0.019477
-0.019477
-0.019477
-0.019477
-0.019477
-0.019477
-0.019477
-0.019477
-0.019477
-0.019477
-0.019477
-0.019477
-0.019477
-0.019477
-0.019477
-0.019477
-0.019477
-0.019477
-0.019477
-0.019477
-0.019477
-0.019477
-0.019477
-0.019477
-0.019477
-0.019477
-0.019477
-0.019477
-0.019477
-0.019477
-0.019477
-0.019477
-0.019477
-0.019477
-0.019477
-0.019477
-0.019477
-0.019477
-0.019477
-0.019477
-0.019477
-0.019477
-0.019477
-0.019477
-0.019477
-0.019477
-0.019477
-0.019477
-0.019477
-0.019477
-0.019477
-0.019477
-0.019477
-0.019477
-0.019477
-0.019477
-0.019477
-0.019477
-0.019477
-0.019477
-0.019477
-0.019477
-0.019477
-0.019477
-0.019477
-0.019477
-0.019477
-0.019477
-0.019477
-0.019477
-0.019477
-0.019477
-0.019477
-0.019477
-0.019477
-0.019477
-0.019477
-0.019477
-0.019477
-0.019477
-0.019477
-0.019477
-0.019477
-0.019477
-0.019477
-0.019477
-0.019477
-0.019477
-0.019477
-0.019477
-0.019477
-0.019477
-0.019477
-0.019477
-0.019477
-0.019477
-0.019477
-0.019477
-0.019477
-0.019477
-0.019477
-0.019477
-0.019477
-0.019477
-0.019477
-0.019477
-0.019477
-0.019477
-0.019477
-0.019477
-0.019477
-0.019477
-0.019477
-0.019477
-0.019477
-0.019477
-0.019477
-0.019477
-0.019477
-0.019477
-0.019477
-0.019477
-0.019477
-0.019477
-0.019477
-0.019477
-0.019477
-0.019477
-0.019477
-0.019477
-0.019477
-0.019477
-0.019477
-0.019477
-0.019477
-0.019477
-0.019477
-0.019477
-0.019477
-0.019477
-0.019477
-0.019477
-0.019477
-0.019477
-0.019477
-0.019477
-0.019477
-0.019477
-0.019477
-0.019477
-0.019498
-0.019455
-0.019542
-0.019542
-0.019520
-0.019520
-0.019520
-0.019520
-0.019520
-0.019520
-0.019520
-0.019520
-0.019520
-0.019520
-0.019520
-0.019520
-0.019520
-0.019520
-0.019520
-0.019520
-0.019520
-0.019520
-0.019520
-0.019520
-0.019520
-0.019520
-0.019520
-0.019520
-0.019520
-0.019520
-0.019520
-0.019498
-0.019520
-0.019564
-0.019520
-0.019520
-0.019520
-0.019520
-0.019520
-0.019520
-0.019520
-0.019520
-0.019520
-0.019520
-0.019520
-0.019520
-0.019520
-0.019520
-0.019520
-0.019520
-0.019520
-0.019520
-0.019520
-0.019520
-0.019520
-0.019520
-0.019520
-0.019520
-0.019520
-0.019520
-0.019520
-0.019520
-0.019520
-0.019520
-0.019520
-0.019520
-0.019520
-0.019520
-0.019520
-0.019520
-0.019520
-0.019520
-0.019520
-0.019520
-0.019520
-0.030159
-0.038012
-0.060474
-0.066660
-0.063458
-0.128585
-0.118692
-0.112089
-0.132511
-0.108316
-0.094146
-0.089912
-0.085416
-0.094497
-0.093400
-0.098402
-0.024237
-0.072386
-0.072869
-0.073351
-0.108602
-0.120359
-0.118473
-0.116608
-0.107637
-0.094958
-0.099038
-0.106299
-0.103250
-0.110708
-0.125339
-0.129946
-0.127708
-0.125515
-0.129814
-0.144182
-0.158440
-0.148832
-0.139312
-0.137009
-0.138193
-0.112353
-0.106935
-0.108251
-0.102592
-0.110533
-0.111827
-0.095507
-0.088685
-0.067495
-0.069623
-0.088860
-0.088422
-0.098468
-0.095090
-0.095178
-0.091843
-0.088422
-0.084890
-0.084605
-0.080766
-0.083618
-0.079472
-0.071926
-0.074602
-0.073988
-0.073483
-0.076445
-0.079472
-0.079143
-0.075392
-0.074975
-0.071005
-0.070368
-0.069688
0.900000
0.900000
0.823098
0.709121
0.293462
0.252467
0.322642
-0.305242
-0.296833
0.338272
0.454764
0.900000
0.900000
0.426122
0.451798
0.404287
0.337429
-0.093341
0.685316
0.786005
0.878668
0.900000
0.349437
0.464043
0.308045
0.319737
0.216490
0.253085
0.254381
0.274213
0.069381
0.194261
0.857909
0.900000
0.671118
0.584953
0.255901
0.878985
0.294631
0.316304
0.900000
0.439639
0.346923
0.243647
-0.900000
-0.060974
0.060768
0.149124
0.161868
0.133461
0.900000
0.900000
0.324826
0.900000
0.087115
0.646259
0.525613
0.900000
0.227535
-0.021948
0.305125
0.031074
0.109967
0.900000
0.900000
0.900000
0.138255
0.396472
0.382578
0.900000
0.834348
0.277459
0.263411
0.313394
-0.748929
-0.013362
0.307732
0.284567
0.272129
0.266448
0.279477
0.308213
0.310494
0.295929
0.287812
0.251947
0.231986
0.235539
0.247362
0.267148
0.278204
0.273136
0.281867
0.270197
0.254842
0.242514
0.240277
0.238017
0.235670
0.226611
0.221215
0.212265
0.199476
0.179383
0.161834
0.146984
0.138385
0.119476
0.107324
0.109188
0.104296
0.103309
0.105941
0.095258
0.105283
0.088633
0.096289
0.104295
0.095609
0.104536
0.096595
0.092471
0.084684
0.086900
0.058142
0.005145
0.068254
0.036447
0.055992
0.089948
0.083433
0.090825
0.094752
0.061146
0.092492
0.090014
0.094664
0.103175
0.104974
0.072838
0.082073
0.105434
0.105434
0.102056
0.102056
0.102078
0.108966
0.102232
0.102319
0.102407
0.102495
0.102539
0.106092
0.109931
0.106706
0.106948
0.110940
0.107935
0.104601
0.104623
0.108066
0.108220
0.108527
0.115832
0.112980
0.120372
0.117828
0.115108
0.112081
0.112366
0.108988
0.105500
0.105259
0.101442
0.107781
0.100543
0.103789
0.107167
0.107167
0.107145
0.103657
0.106882
0.106794
0.106728
0.106728
0.103350
0.103306
0.106728
0.106707
0.106728
0.106750
0.106750
0.110194
0.110238
0.106882
0.110370
0.107211
0.114428
0.118376
0.118925
0.115985
0.109448
0.109514
0.109514
0.109492
0.109492
0.109470
0.109470
0.112914
0.109536
0.109580
0.119999
0.120504
0.121250
0.129081
0.144063
0.128686
0.096836
0.072575
0.048643
0.048423
0.055333
0.073540
0.068604
0.091110
0.079462
0.071478
0.087293
0.085889
0.043553
0.079769
0.065028
0.091307
0.062528
0.075272
0.064239
0.073715
0.083125
0.048094
0.070995
0.073956
0.070139
0.063010
0.059018
0.075075
0.074790
0.074724
0.067836
0.074592
0.074548
0.074548
0.074504
0.071061
0.074439
0.074395
0.070973
0.070929
0.074263
0.074022
0.073846
0.056539
0.056144
0.055837
0.075491
0.068450
-0.066739
-0.072311
-0.017363
0.009860
0.042873
0.022078
-0.084530
-0.078344
-0.060993
-0.027958
-0.203202
-0.187672
-0.305137
-0.322467
-0.324354
-0.321371
-0.327359
-0.329290
-0.330014
-0.322863
-0.233827
-0.211782
-0.132879
-0.100195
-0.109320
-0.147642
-0.356140
-0.299503
-0.347366
-0.364652
-0.316789
-0.195353
-0.100438
-0.108554
-0.086135
-0.106952
-0.040860
-0.070144
-0.050117
-0.053955
-0.068784
-0.077580
-0.076417
-0.061895
-0.040706
-0.087165
-0.076789
-0.118906
-0.104516
-0.139964
-0.069638
-0.074157
-0.031317
-0.063123
-0.030461
-0.051914
-0.094316
-0.065536
-0.077688
-0.083589
-0.072819
-0.105854
-0.081286
-0.060052
-0.073455
-0.038511
-0.154046
-0.151129
-0.147553
-0.154375
-0.082931
-0.138735
-0.098418
-0.161965
-0.149265
0.772262
0.082858
-0.641008
-0.051130
-0.046589
-0.038034
-0.032309
-0.026255
-0.019696
-0.019586
-0.016033
-0.019411
-0.019411
-0.019455
-0.019477
-0.019477
-0.019455
-0.019455
-0.019455
-0.019455
-0.019455
-0.019455
-0.019455
-0.019455
-0.019455
-0.019455
-0.019455
-0.019455
-0.019455
-0.019455
-0.019455
-0.019455
-0.019455
-0.019455
-0.019455
-0.019455
-0.019455
-0.019455
-0.019455
-0.019455
-0.019455
-0.019455
-0.019455
-0.019455
-0.019455
-0.019455
-0.019455
-0.019455
-0.019455
-0.022877
-0.019455
-0.019455
-0.019455
-0.019477
-0.019455
-0.019477
-0.019455
-0.019477
-0.019455
-0.019477
-0.019455
-0.019477
-0.019455
-0.019477
-0.019455
-0.019455
-0.016055
-0.019455
-0.019477
-0.019455
-0.019477
-0.019455
-0.019455
-0.019477
-0.019455
-0.019477
-0.016055
-0.019455
-0.019477
-0.019455
-0.019455
-0.019477
-0.019455
-0.019455
-0.019477
-0.019455
-0.019455
-0.019477
-0.016055
-0.019455
