0.163224
0.092715
0.226031
0.219003
0.158080
0.322566
0.193116
0.267228
0.162104
0.346574
0.090555
0.072669
0.134036
0.206239
0.192543
0.211970
0.140100
0.127259
0.069603
0.188135
0.170227
0.170109
0.105851
0.166824
0.155628
0.306163
0.231377
0.220817
0.220019
0.175591
0.237550
0.213807
0.137880
0.284752
0.323284
0.166919
0.145304
0.183002
0.204184
0.163660
0.213928
0.080419
0.121847
0.153338
0.125252
0.080342
0.118062
0.204217
0.091569
0.315831
0.292263
0.276351
0.156201
0.261242
0.253995
0.057663
0.184969
0.164275
0.210134
0.256059
0.215974
0.216075
0.265246
0.300949
0.210237
0.298870
0.339684
0.165748
0.460334
0.176172
0.409887
-0.026969
0.198126
0.094954
0.240203
0.366215
0.134763
0.230131
0.133759
0.248584
0.412500
0.416177
-0.024453
0.435156
0.152002
0.186521
0.292110
0.123790
0.068986
0.274580
0.147740
0.103224
0.195104
0.196170
0.329157
0.188585
0.280421
0.298553
0.264435
0.239376
0.215896
0.199546
0.179203
0.240724
0.141808
0.244765
0.133104
0.123948
0.083995
0.299745
0.220988
0.290493
0.135532
0.309582
0.013268
0.294913
0.201700
0.287108
0.204951
0.030883
0.290044
0.201745
0.235013
0.196990
0.373936
0.288861
0.134667
0.212376
0.147351
0.263382
0.085870
0.159499
0.162408
0.128926
0.241513
0.138626
0.244479
0.216832
0.168938
0.205847
0.417473
0.223532
0.097130
0.109932
0.185119
0.127793
0.304717
0.297163
0.222046
0.303639
0.197505
0.176877
0.146312
0.149287
0.025913
0.179564
0.152903
0.306225
0.056347
0.178367
0.229863
0.114276
0.294403
0.075257
0.185124
0.076096
0.198313
0.153292
0.109193
0.399042
0.183845
0.319793
0.135899
0.190773
0.145467
0.319672
0.292880
0.221624
0.145016
0.128139
0.197228
0.227798
0.155709
0.292096
0.085015
0.108061
0.121433
0.490163
0.122140
0.158940
0.093717
0.367092
0.230973
0.247460
0.301830
0.271879
0.077631
0.189406
0.271327
0.220560
0.037147
0.253885
0.110768
0.251455
0.210076
0.104447
0.196195
0.186557
0.220812
0.117881
0.179402
0.357665
0.281737
0.403954
0.079759
0.137989
0.297957
0.112966
0.100059
0.165813
0.062291
0.140505
0.283736
0.076304
0.092506
0.266271
0.188018
0.229402
0.215772
0.140129
0.249975
0.137502
0.253467
0.069989
0.260360
0.044724
0.275851
0.156118
0.170631
0.263015
0.156202
0.371097
0.041264
0.109476
0.098938
0.234733
0.160319
0.239235
0.238788
0.112474
0.188143
0.172626
0.271767
0.149708
0.288377
0.255114
0.104868
0.087750
0.241400
0.238935
0.119400
0.221677
0.136931
0.192464
0.253151
0.109683
0.071463
0.068384
0.231971
0.269297
0.084875
0.419210
-0.089267
0.196678
0.247735
0.402154
0.204396
0.271663
0.151623
0.175810
0.230509
0.158332
0.287371
0.314979
0.053432
0.209605
0.062124
0.338372
0.169174
0.189369
0.290505
0.273102
0.158502
0.243077
0.286523
0.002908
0.040848
0.109082
0.166523
0.221112
0.173788
0.228991
0.171336
0.191860
0.178602
0.309593
0.112230
0.256272
0.233363
0.104592
0.190155
0.186264
0.251294
0.231544
0.132540
0.145035
0.250185
-0.052776
-0.097533
0.167133
0.374268
0.381433
0.447999
0.379529
0.254268
0.227344
0.223826
0.208879
0.197157
0.205769
0.102115
0.336708
0.069852
0.195557
0.036515
0.153445
0.347939
0.161829
0.094171
0.288205
0.268301
0.202617
0.388821
-0.050976
-0.054253
0.330292
0.429367
0.480008
0.436348
0.114061
0.356551
0.325789
0.356753
0.213571
0.271692
0.196817
0.316687
0.132353
0.166739
0.260901
0.197630
0.270096
0.212375
0.226647
0.170615
0.259972
0.220260
0.157142
0.267777
0.200185
0.162842
0.197908
0.117923
0.214891
0.324824
0.319924
0.329743
0.244448
-0.047567
0.224141
0.188860
0.297893
0.165503
0.094401
0.173800
0.142006
0.240138
0.193977
0.280987
0.318401
0.329580
0.339223
0.266037
0.269034
0.295414
0.406839
0.419992
0.439067
0.330938
0.411543
-0.124747
0.351796
0.135743
0.530488
0.472109
0.506650
0.488808
0.447165
0.276827
0.358902
0.274858
0.130140
0.195521
0.286304
0.216167
0.173933
0.171314
0.223994
0.192947
0.189538
0.206201
0.095329
0.266748
0.181344
0.076965
0.151253
0.113449
0.140970
0.140215
0.311458
0.272141
0.308568
0.309327
0.241515
0.113644
0.125897
0.318155
0.251220
0.177881
0.273117
0.073714
0.218173
0.056674
0.165708
0.099827
0.173061
0.131638
0.261160
0.137654
0.154579
0.042217
0.167592
0.336795
0.083452
0.350444
0.331702
0.341872
0.304178
0.276992
0.331362
0.420851
0.558752
0.359348
0.353396
0.453501
0.227797
0.446992
-0.051745
0.271007
0.491035
0.443975
0.485052
0.352486
0.236416
0.300920
0.429981
0.243783
0.195187
0.135053
0.277341
0.208060
0.250145
0.186041
0.198733
0.105893
0.069339
0.132900
0.313466
0.173332
0.220507
0.195996
0.377110
0.309694
0.149884
0.186705
0.109088
0.301916
0.115937
0.164757
0.003785
0.067609
0.376345
0.166412
0.379969
0.204870
0.248799
0.011666
0.211053
0.259324
0.222157
0.122868
0.206829
0.257645
0.155548
0.163744
0.190979
0.162608
0.092997
0.182048
0.274981
0.299803
0.248707
0.314483
0.280167
0.391109
0.165581
0.372096
0.321351
0.381490
0.262876
0.334443
0.307651
0.218716
0.247487
0.614309
0.362435
0.580248
0.576116
0.538729
0.374445
0.287834
0.454975
0.273383
0.287019
0.235681
0.228938
0.031246
0.270225
0.296298
0.247417
0.230694
0.191223
0.192026
0.179272
0.214295
0.223061
0.184752
0.306882
0.238061
0.184332
0.163419
0.214323
0.137232
0.257606
0.244261
0.183579
0.184886
0.364662
0.300579
0.218970
0.012328
0.117084
0.193741
0.137007
0.264927
0.001164
0.286757
0.260646
0.235740
0.160075
0.223834
0.254821
0.116222
0.140497
0.236851
0.160946
0.301632
0.300396
0.235217
0.394088
0.303507
0.389135
0.383556
0.608102
0.245454
0.390966
0.471593
0.195986
0.534729
0.280158
0.544386
0.178952
0.553472
0.371223
0.423114
0.324308
0.212581
0.255763
0.259133
0.300407
0.116951
0.249587
0.215995
0.299386
0.038628
0.204826
0.200298
0.177587
0.118330
0.278210
0.100479
0.072678
0.253199
0.148492
0.173052
0.162624
0.163097
0.171293
0.220639
0.225106
0.084007
0.116727
0.146594
0.080077
0.095336
0.159226
0.135286
0.215934
0.258876
0.179833
0.411706
0.263764
0.225017
0.156109
0.200432
0.209373
0.241785
0.169214
0.212725
0.220066
0.239448
0.194142
0.272927
0.249842
0.360192
0.344719
0.363553
0.362031
0.333945
0.409878
0.380893
0.265349
0.088386
0.337150
0.364034
0.084631
0.566909
0.124450
0.504454
0.209675
0.344395
0.353556
0.324614
0.226049
0.372088
0.182665
0.189676
0.227945
0.215455
0.100767
0.099486
0.280885
0.152311
0.225480
0.141502
0.252817
0.153900
0.218163
0.225613
0.148040
0.202541
0.127337
0.289499
0.199576
0.140188
0.236587
0.255486
0.159356
0.127102
0.097524
0.225905
0.098648
0.200749
0.294735
0.119637
0.160077
0.265733
0.210139
0.243276
0.229447
0.126364
0.213944
0.156223
0.160404
0.292404
0.163107
0.319499
0.326993
0.272606
0.332416
0.307840
0.250075
0.262987
0.209565
0.510382
0.223302
0.090978
0.891971
0.021184
0.603851
-0.175421
0.716474
0.554822
0.547444
0.468226
0.497721
0.171113
0.356460
0.330173
0.311343
0.119661
0.215402
0.195739
0.152604
0.256659
0.224361
0.223080
0.173694
0.219399
0.201250
0.190734
0.192546
0.191068
0.252062
0.194319
0.077920
0.251159
0.264861
0.239758
0.360505
0.128966
0.324667
0.272034
0.256188
0.206430
0.159282
0.199240
0.210287
0.273387
0.095130
0.050482
0.060125
0.184667
0.258779
0.258222
0.220111
0.167633
0.234857
0.081847
0.267831
0.205591
0.187859
0.194146
0.312239
0.365972
0.287193
0.399013
0.402097
0.354774
0.369375
0.342298
0.330181
0.448822
0.184665
0.256737
0.021205
0.542970
-0.166229
0.709795
0.565658
0.300931
0.494921
0.345400
0.385380
0.367713
0.302358
0.268174
0.258053
0.378559
0.239785
0.154272
0.237421
0.095006
0.248437
0.181744
0.224532
0.335693
0.225414
0.245477
0.184750
0.091757
0.193003
0.066908
0.227578
0.138226
0.183163
0.285331
0.157613
0.128211
0.224083
0.239056
0.224197
0.290588
0.144378
0.118618
0.189636
0.127397
0.158646
0.058107
0.330078
0.131706
0.194433
0.200040
0.204726
0.020414
0.219427
0.272437
0.170384
0.266849
0.324992
0.323996
0.315937
0.306760
0.396578
0.359520
0.388445
0.431913
0.448817
0.328799
0.308040
0.102494
0.422724
0.294743
0.294932
0.456677
0.470883
0.363105
0.338331
0.286159
0.314711
0.136760
0.367800
0.176425
0.229435
0.173885
0.141696
0.279926
0.275004
0.146979
0.125825
0.235450
0.037231
0.128629
0.084815
0.167832
0.186403
0.180406
0.317671
0.172471
0.136773
0.192919
0.101812
0.172612
0.188858
0.269704
0.125446
0.155227
0.274197
0.113203
0.092509
0.217972
0.278725
0.066336
0.095984
0.211160
0.237869
0.066039
0.245507
0.183092
0.198724
0.181495
0.260060
0.230154
0.430790
0.215462
0.310961
0.298449
0.406847
0.288276
0.329375
0.326735
0.321396
0.282868
0.289770
0.183439
0.271239
0.133431
0.178083
0.131023
0.220928
0.209579
0.155411
0.153121
0.038916
0.215072
0.212717
0.272044
0.230818
0.207141
0.144901
0.378990
0.010463
0.045793
0.302629
0.151286
0.189182
0.172613
0.244180
0.169656
0.224443
0.177053
0.361831
0.207088
0.240378
0.239624
0.300223
0.134535
0.229376
0.272888
0.180508
0.185962
0.171300
0.207661
0.368638
0.091385
0.144461
0.221841
0.137161
0.357978
0.278080
0.062686
0.172421
0.192857
0.184995
0.058594
0.069136
0.062613
0.228679
0.241503
0.153269
0.283448
0.207740
0.162281
0.230558
0.309474
0.335942
0.088828
0.245199
0.065318
0.283613
0.323615
0.272541
0.164170
0.181886
0.184641
0.143130
0.178131
0.147478
0.200927
0.169463
