-0.067075
-0.067075
-0.067075
-0.067075
-0.067075
-0.067075
-0.067075
-0.067075
-0.067075
-0.067075
-0.067075
-0.067075
-0.067075
-0.067075
-0.067075
-0.067075
-0.067075
-0.067075
-0.067075
-0.067075
-0.067075
-0.067075
-0.067075
-0.067075
-0.067075
-0.067075
-0.067075
-0.067075
-0.067075
-0.067075
-0.067075
-0.067075
-0.067075
-0.067075
-0.067075
-0.067097
-0.067075
-0.067075
-0.067075
-0.067075
-0.067075
-0.067075
-0.067075
-0.067075
-0.067075
-0.067075
-0.067075
-0.067075
-0.067075
-0.067075
-0.067075
-0.067075
-0.067075
-0.067075
-0.067075
-0.067075
-0.067075
-0.067075
-0.067075
-0.067075
-0.067075
-0.067075
-0.067075
-0.067075
-0.067075
-0.067075
-0.067075
-0.067075
-0.067075
-0.067075
-0.067075
-0.067075
-0.067075
-0.067075
-0.067075
-0.067075
-0.067075
-0.067075
-0.067075
-0.067075
-0.067075
-0.067075
-0.067075
-0.067075
-0.067075
-0.067075
-0.067075
-0.067075
-0.067075
-0.067075
-0.067075
-0.067075
-0.067075
-0.067075
-0.067075
-0.067075
-0.067075
-0.067075
-0.067075
-0.067075
-0.067075
-0.067075
-0.067075
-0.067075
-0.067075
-0.067075
-0.067075
-0.067075
-0.067075
-0.067075
-0.067075
-0.067075
0.900000
0.056337
0.056337
0.056337
0.056403
0.056403
0.056381
0.056425
0.056337
0.056293
0.056271
0.056271
0.059715
0.059737
0.059781
0.056513
0.060176
0.063949
0.057302
0.057302
0.057280
0.057280
0.057368
0.060900
0.057588
0.050787
0.061163
0.057763
0.057763
0.057741
0.057763
0.057763
0.057763
0.057763
0.057763
0.057763
0.057763
0.057763
0.057785
0.057763
0.057763
0.057763
0.057763
0.057763
0.057763
0.057763
0.057763
0.057763
0.057763
0.057763
0.057763
0.057763
0.057763
0.057763
0.057763
0.057763
0.057763
0.057763
0.057763
0.057763
0.057763
0.057763
0.057763
0.057763
0.057763
0.057763
0.057763
0.057763
0.057763
0.057763
0.057763
0.057763
0.057763
0.057763
0.057763
0.057763
0.057763
0.057763
0.057763
0.057763
0.057763
0.057763
0.057763
0.057763
0.057763
0.057763
0.057763
0.057763
0.057763
0.057763
0.057763
0.057763
0.057763
0.057763
0.057763
0.057763
0.057763
0.057763
0.057763
0.057763
0.057763
0.057763
0.057763
0.057763
0.057763
0.057763
0.057763
0.057763
0.057763
0.057763
0.057763
0.057763
0.057763
0.057763
0.057763
0.057763
0.057763
0.057763
0.057763
0.057763
0.057763
0.057763
0.057763
0.057763
0.057763
0.057763
0.057763
0.057763
0.057763
0.057763
0.057763
0.057763
0.057763
0.057763
0.057763
0.057763
0.057763
0.057763
0.057763
0.057763
0.057763
0.057763
0.057763
0.057763
0.057763
0.057763
0.057763
0.057763
0.057763
0.057763
0.057763
0.057763
0.057763
0.057763
0.057763
0.057763
0.057763
0.057763
0.057763
0.057763
0.057763
0.057763
0.057763
0.057763
0.057763
0.057763
0.057763
0.057763
0.057763
0.057763
0.057763
0.057763
0.057763
0.057763
0.057763
0.057763
0.057763
0.057763
0.057763
0.057763
0.057763
0.057763
0.057763
0.057763
0.057763
0.057763
0.057763
0.057763
0.057763
0.057763
0.057763
0.057763
0.057763
0.057763
0.057763
0.057763
0.057763
0.057763
0.057763
0.057763
0.057763
0.057763
0.057763
0.057763
0.057763
0.057763
0.057763
0.057763
0.057763
0.057763
0.057763
0.057763
0.057763
0.057763
0.057763
0.057763
0.057763
0.057763
0.057763
0.057763
0.057763
0.057763
0.057763
0.057763
0.057763
0.057763
0.057763
0.057763
0.057763
0.057763
0.057763
0.057763
0.057763
0.057763
0.057763
0.057763
0.057763
0.057763
0.057763
0.057763
0.057763
0.057763
0.057763
0.057763
0.057763
0.057763
0.057763
0.057763
0.057763
0.057763
0.057763
0.057763
0.057763
0.057763
0.057763
0.057763
0.057763
0.057763
0.057763
0.057763
0.057763
0.057763
0.057763
0.057763
0.057763
0.057763
0.057763
0.057763
0.057763
0.057763
0.057763
0.057763
0.057763
0.057763
0.057763
0.057763
0.057763
0.057763
0.057763
0.057763
0.057763
0.057763
0.057763
0.057763
0.057763
0.057763
0.057763
0.057763
0.057763
0.057763
0.057763
0.057763
0.057763
0.057763
0.057763
0.057763
0.057763
0.057763
0.057763
0.057763
0.057763
0.057763
0.057763
0.057763
0.057763
0.057763
0.057763
0.057763
0.057763
0.057763
0.057763
0.057763
0.057763
0.057763
0.057763
0.057763
0.057763
0.057763
0.057763
0.057763
0.057763
0.057763
0.057763
0.057763
0.057763
0.057763
0.057763
0.057763
0.057763
0.057763
0.057763
0.057763
0.057763
0.057763
0.057763
0.057763
0.057763
0.057763
0.057763
0.057763
0.057763
0.057763
0.057763
0.057763
0.057763
0.057763
0.057763
0.057763
0.057763
0.057763
0.057763
0.057763
0.057763
0.057763
0.057763
0.057763
0.057763
0.057763
0.057763
0.057763
0.057763
0.057763
0.057763
0.057763
0.057763
0.057763
0.057763
0.057763
0.057763
0.057763
0.057763
0.057763
0.057763
0.057763
0.057763
0.057763
0.057763
0.057763
0.057763
0.057763
0.057763
0.057763
0.057763
0.057763
0.057763
0.057763
0.057763
0.057763
0.057763
0.057763
0.057763
0.057763
0.057763
0.057763
0.057763
0.057763
0.057763
0.057763
0.057763
0.057763
0.057763
0.057763
0.057763
0.057763
0.057763
0.057763
0.057763
0.057763
0.057763
0.057763
0.057763
0.057763
0.057763
0.057763
0.057763
0.057763
0.057763
0.057763
0.057763
0.057763
0.057763
0.057763
0.057763
0.057763
0.057763
0.057763
0.057763
0.057763
0.057763
0.057763
0.057763
0.057763
0.057763
0.057763
0.057763
0.057763
0.057763
0.057763
0.057763
0.057763
0.057763
0.057763
0.057763
0.057763
0.057763
0.057763
0.057763
0.057763
0.057763
0.057763
0.057763
0.057763
0.057763
0.057763
0.057763
0.057763
0.057763
0.057763
0.057763
0.057763
0.057763
0.057763
0.057763
0.057763
0.057763
0.057763
0.057763
0.057763
0.057763
0.057763
0.057763
0.057763
0.057763
0.057763
0.057763
0.057763
0.057763
0.057763
0.057763
0.057763
0.057763
0.057763
0.057763
0.057763
0.057763
0.057763
0.057763
0.057763
0.057763
0.057763
0.057763
0.057763
0.057763
0.057763
0.057763
0.057763
0.057763
0.057763
0.057763
0.057763
0.057763
0.057763
0.068270
0.072306
0.055416
0.044360
0.050524
0.035915
0.034774
-0.051038
-0.078765
-0.096423
-0.069442
-0.079555
-0.065406
-0.074861
-0.073698
-0.075541
-0.073786
-0.092585
-0.089997
-0.084162
-0.113578
-0.096841
-0.086663
-0.072866
-0.086027
-0.075103
-0.084404
-0.093332
-0.074621
-0.083176
-0.070716
-0.071572
-0.055186
-0.017237
0.051794
0.062455
0.059450
-0.001794
-0.017675
-0.027897
-0.027897
-0.027897
-0.027897
-0.027897
-0.027897
-0.027897
-0.027897
-0.027897
-0.027897
-0.027897
-0.027897
-0.027897
-0.027897
-0.027897
-0.027897
-0.027897
-0.027897
-0.196451
-0.017719
-0.019386
-0.057576
-0.080543
-0.081004
-0.118404
-0.091094
-0.073502
-0.086334
-0.082101
-0.108226
-0.110880
-0.089252
-0.108687
-0.093815
-0.083176
-0.098333
-0.075718
-0.076639
-0.073612
-0.076990
-0.083461
-0.044876
-0.042749
-0.076639
-0.049000
-0.079622
-0.048715
-0.051654
-0.065320
-0.058476
-0.065320
-0.075389
-0.071747
-0.061591
-0.061591
-0.061591
-0.061591
-0.065013
-0.065013
-0.068413
-0.068413
-0.064991
-0.064991
-0.064991
-0.071857
-0.061547
-0.071660
-0.064882
-0.064860
-0.068325
-0.078898
-0.117505
-0.109652
-0.114983
-0.092740
-0.083790
-0.098684
-0.086510
-0.101426
-0.103357
-0.118953
-0.094363
-0.081926
-0.096030
-0.110727
-0.077319
-0.080434
-0.054989
-0.073766
-0.065957
-0.082057
-0.073853
-0.069642
-0.058477
-0.057489
-0.074007
-0.066395
-0.041718
-0.074797
-0.070848
-0.070585
-0.077012
-0.076486
-0.076200
-0.072427
-0.054835
-0.050689
-0.063500
-0.052751
-0.062929
-0.072515
-0.065189
-0.064925
-0.081662
-0.057314
-0.053848
-0.057051
-0.073744
-0.056480
-0.077933
-0.046894
-0.070673
-0.060692
-0.063214
-0.104717
-0.085347
-0.089735
-0.094144
-0.078262
-0.089515
-0.080017
-0.104717
-0.109126
-0.092893
-0.097259
-0.139814
-0.090064
-0.111144
-0.074226
-0.101997
-0.098948
-0.085589
-0.068655
-0.082211
-0.054726
-0.064465
-0.080961
-0.059398
-0.051106
-0.028841
0.019987
0.026151
-0.042244
-0.062337
-0.062337
-0.062359
-0.062337
-0.062337
-0.062337
-0.062337
-0.062337
-0.062337
-0.062337
-0.062337
-0.062337
-0.062337
-0.062337
-0.062337
-0.062337
-0.062337
-0.062337
-0.062337
-0.062337
-0.062337
-0.052817
-0.073656
-0.064684
-0.068961
-0.070278
-0.088967
-0.053343
-0.106055
-0.094297
-0.102940
-0.081662
-0.089559
-0.042814
-0.047289
-0.045249
-0.068018
-0.071243
-0.074621
-0.067316
-0.073766
-0.056305
-0.052422
-0.072625
-0.065627
-0.065408
-0.068523
-0.064816
-0.064728
-0.067996
-0.067974
-0.050733
-0.071089
-0.067514
-0.057094
-0.067185
-0.067163
-0.067141
-0.067141
-0.063741
-0.067119
-0.063719
-0.067141
-0.070497
-0.067075
-0.067075
-0.067075
-0.067075
-0.067075
-0.067075
-0.067075
-0.067075
-0.067075
-0.067075
-0.067075
-0.067075
-0.067075
-0.067075
-0.067075
-0.067075
-0.067075
-0.067075
-0.067075
-0.067075
-0.067075
-0.067075
-0.067075
-0.067075
-0.067075
-0.067075
-0.067075
-0.067075
-0.067075
-0.067075
-0.067075
-0.067075
-0.067075
-0.067075
-0.067075
-0.067075
-0.067075
-0.067075
-0.067075
-0.067075
-0.067075
-0.067075
-0.067075
-0.067075
-0.067075
-0.067075
-0.067075
-0.067075
-0.067075
-0.067075
-0.067075
-0.067075
-0.067075
-0.067075
-0.067075
-0.067075
-0.067075
-0.067075
-0.067075
-0.067075
-0.067075
-0.067075
-0.067075
-0.067075
-0.067075
-0.067075
-0.067075
-0.067075
-0.067075
-0.067075
-0.067075
-0.067075
-0.067075
-0.067075
-0.067075
-0.067075
-0.067075
-0.067075
-0.067075
-0.067075
-0.067075
-0.067075
-0.067075
-0.067075
-0.067075
-0.067075
-0.067075
-0.067075
-0.067075
-0.067075
-0.067075
-0.067075
-0.067075
-0.067075
-0.067075
-0.067075
-0.067075
-0.067075
-0.067075
-0.067075
-0.067075
-0.067075
-0.067075
-0.067075
-0.067075
-0.067075
-0.067075
-0.067075
-0.067075
-0.067075
-0.067075
-0.067075
-0.067075
-0.067075
-0.067075
-0.067075
-0.067075
-0.067075
-0.067075
-0.067075
-0.067075
-0.067075
-0.067075
-0.067075
-0.067075
-0.067075
-0.067075
-0.067075
-0.067075
-0.067075
