0.214301
0.257831
0.220998
0.214301
0.231043
0.207604
0.237740
0.227695
0.241089
0.227695
0.224347
0.247786
0.224347
0.251134
0.244437
0.237740
0.251134
0.234392
0.251134
0.234392
0.241089
0.237740
0.254483
0.204256
0.231043
0.224347
0.217650
0.220998
0.267876
0.251134
0.234392
0.257831
0.210953
0.227695
0.267876
0.247786
0.251134
0.254483
0.227695
0.251134
0.254483
0.257831
0.237740
0.241089
0.244437
0.251134
0.264528
0.257831
0.271225
0.257831
0.274573
0.261180
0.251134
0.264528
0.244437
0.231043
0.277922
0.241089
0.274573
0.231043
0.251134
0.264528
0.261180
0.257831
0.274573
0.251134
0.257831
0.237740
0.257831
0.247786
0.271225
0.257831
0.257831
0.267876
0.220998
0.261180
0.261180
0.277922
0.241089
0.264528
0.261180
0.254483
0.291316
0.241089
0.261180
0.247786
0.271225
0.264528
0.234392
0.257831
0.234392
0.257831
0.251134
0.261180
0.257831
0.261180
0.264528
0.261180
0.254483
0.247786
0.257831
0.251134
0.254483
0.254483
0.251134
0.267876
0.251134
0.271225
0.264528
0.247786
0.281270
0.244437
0.264528
0.257831
0.254483
0.247786
0.241089
0.251134
0.267876
0.251134
0.244437
0.254483
0.257831
0.251134
0.257831
0.241089
0.254483
0.247786
0.264528
0.234392
0.271225
0.261180
0.244437
0.257831
0.254483
0.261180
0.257831
0.254483
0.241089
0.264528
0.264528
0.247786
0.264528
0.247786
0.274573
0.247786
0.267876
0.257831
0.217650
0.257831
0.237740
0.000000
0.000000
0.000000
0.000000
0.000000
0.000000
0.000000
0.000000
0.000000
0.000000
0.000000
0.000000
0.000000
0.000000
0.000000
0.000000
0.000000
0.000000
0.000000
0.000000
0.000000
0.000000
0.000000
0.000000
0.000000
0.000000
0.000000
0.000000
0.000000
0.000000
0.000000
0.000000
0.000000
0.000000
0.000000
0.000000
0.000000
0.000000
0.000000
0.000000
0.000000
0.000000
0.000000
0.000000
0.000000
0.000000
0.000000
0.000000
0.000000
0.000000
0.000000
0.000000
0.000000
0.000000
0.000000
0.000000
0.000000
0.000000
0.000000
0.000000
0.000000
0.000000
0.000000
0.000000
0.000000
0.000000
0.000000
0.000000
0.000000
0.000000
0.000000
0.000000
0.000000
0.000000
0.000000
0.000000
0.000000
0.000000
0.000000
0.000000
0.000000
0.000000
0.000000
0.000000
0.000000
0.000000
0.000000
0.000000
0.000000
0.000000
0.000000
0.000000
0.000000
0.000000
0.000000
0.000000
0.000000
0.000000
0.000000
0.000000
0.000000
0.000000
0.000000
0.000000
0.000000
0.000000
0.000000
0.000000
0.000000
0.000000
0.000000
0.000000
0.000000
0.000000
0.000000
0.000000
0.000000
0.000000
0.000000
0.000000
0.000000
0.000000
0.000000
0.000000
0.000000
0.000000
0.000000
0.000000
0.000000
0.000000
0.000000
0.000000
0.000000
0.000000
0.000000
0.000000
0.000000
0.000000
0.000000
0.000000
0.000000
0.000000
0.000000
0.000000
0.000000
0.000000
0.000000
0.000000
0.000000
0.000000
0.000000
0.000000
0.000000
0.000000
0.000000
0.000000
0.000000
0.000000
0.000000
0.000000
0.000000
0.000000
0.000000
0.000000
0.000000
0.000000
0.000000
0.000000
0.000000
0.000000
0.000000
0.000000
0.000000
0.000000
0.000000
0.000000
0.000000
0.000000
0.000000
0.000000
0.000000
0.000000
0.000000
0.000000
0.000000
0.000000
0.000000
0.000000
0.000000
0.000000
0.000000
0.000000
0.000000
0.000000
0.000000
0.000000
0.000000
0.000000
0.000000
0.000000
0.000000
0.000000
0.000000
0.000000
0.000000
0.000000
0.000000
0.000000
0.000000
0.000000
0.000000
0.000000
0.000000
0.000000
0.000000
0.000000
0.000000
0.000000
0.000000
0.000000
0.000000
0.000000
0.000000
0.000000
0.000000
0.000000
0.000000
0.000000
0.000000
0.000000
0.000000
0.000000
0.000000
0.000000
0.000000
0.000000
0.000000
0.000000
0.000000
0.000000
0.000000
0.000000
0.000000
0.000000
0.000000
0.000000
0.000000
0.000000
0.000000
0.000000
0.000000
0.000000
0.000000
0.000000
0.000000
0.000000
0.000000
0.000000
0.000000
0.000000
0.000000
0.000000
0.000000
0.000000
0.000000
0.000000
0.000000
0.000000
0.000000
0.000000
0.000000
0.000000
0.000000
0.000000
0.000000
0.000000
0.000000
0.000000
0.000000
0.000000
0.000000
0.000000
0.000000
0.000000
0.000000
0.000000
0.000000
0.000000
0.000000
0.000000
0.000000
0.000000
0.000000
0.000000
0.000000
0.000000
0.000000
0.000000
0.000000
0.000000
0.000000
0.000000
0.000000
0.000000
0.000000
0.000000
0.000000
0.000000
0.000000
0.000000
0.000000
0.000000
0.000000
0.000000
0.000000
0.000000
0.000000
0.000000
0.000000
0.000000
0.000000
0.000000
0.000000
0.000000
0.000000
0.000000
0.000000
0.000000
0.000000
0.000000
0.000000
0.000000
0.000000
0.000000
0.000000
0.000000
0.000000
0.000000
0.000000
0.000000
0.000000
0.000000
0.000000
0.000000
0.000000
0.000000
0.000000
0.000000
0.000000
