-0.271225
-0.237740
-0.251134
-0.251134
-0.224347
-0.264528
-0.254483
-0.237740
-0.264528
-0.251134
-0.267876
-0.227695
-0.217650
-0.231043
-0.237740
-0.261180
-0.244437
-0.261180
-0.217650
-0.241089
-0.261180
-0.241089
-0.244437
-0.244437
-0.247786
-0.264528
-0.244437
-0.261180
-0.237740
-0.261180
-0.264528
-0.254483
-0.261180
-0.241089
-0.261180
-0.247786
-0.247786
-0.234392
-0.261180
-0.254483
-0.254483
-0.261180
-0.234392
-0.274573
-0.247786
-0.237740
-0.264528
-0.237740
-0.261180
-0.227695
-0.254483
-0.227695
-0.251134
-0.261180
-0.244437
-0.257831
-0.251134
-0.264528
-0.241089
-0.251134
-0.227695
-0.251134
-0.267876
-0.237740
-0.277922
-0.257831
-0.251134
-0.261180
-0.254483
-0.264528
-0.244437
-0.261180
-0.244437
-0.217650
-0.224347
-0.261180
-0.237740
-0.231043
-0.254483
-0.241089
-0.241089
-0.244437
-0.234392
-0.247786
-0.251134
-0.261180
-0.241089
-0.257831
-0.261180
-0.237740
-0.267876
-0.220998
-0.254483
-0.257831
-0.264528
-0.234392
-0.241089
-0.261180
-0.247786
-0.251134
-0.257831
-0.257831
-0.264528
-0.234392
-0.254483
-0.247786
-0.261180
-0.247786
-0.257831
-0.274573
-0.254483
-0.264528
-0.254483
-0.261180
-0.274573
-0.254483
-0.231043
-0.264528
-0.251134
-0.241089
-0.261180
-0.261180
-0.254483
-0.274573
-0.251134
-0.254483
-0.261180
-0.254483
-0.254483
-0.254483
-0.271225
-0.247786
-0.277922
-0.241089
-0.261180
-0.267876
-0.247786
-0.277922
-0.254483
-0.244437
-0.257831
-0.251134
-0.251134
-0.267876
-0.267876
-0.237740
-0.267876
-0.244437
-0.237740
-0.264528
0.000000
0.000000
0.000000
0.000000
0.000000
0.000000
0.000000
0.000000
0.000000
0.000000
0.000000
0.000000
0.000000
0.000000
0.000000
0.000000
0.000000
0.000000
0.000000
0.000000
0.000000
0.000000
0.000000
0.000000
0.000000
0.000000
0.000000
0.000000
0.000000
0.000000
0.000000
0.000000
0.000000
0.000000
0.000000
0.000000
0.000000
0.000000
0.000000
0.000000
0.000000
0.000000
0.000000
0.000000
0.000000
0.000000
0.000000
0.000000
0.000000
0.000000
0.000000
0.000000
0.000000
0.000000
0.000000
0.000000
0.000000
0.000000
0.000000
0.000000
0.000000
0.000000
0.000000
0.000000
0.000000
0.000000
0.000000
0.000000
0.000000
0.000000
0.000000
0.000000
0.000000
0.000000
0.000000
0.000000
0.000000
0.000000
0.000000
0.000000
0.000000
0.000000
0.000000
0.000000
0.000000
0.000000
0.000000
0.000000
0.000000
0.000000
0.000000
0.000000
0.000000
0.000000
0.000000
0.000000
0.000000
0.000000
0.000000
0.000000
0.000000
0.000000
0.000000
0.000000
0.000000
0.000000
0.000000
0.000000
0.000000
0.000000
0.000000
0.000000
0.000000
0.000000
0.000000
0.000000
0.000000
0.000000
0.000000
0.000000
0.000000
0.000000
0.000000
0.000000
0.000000
0.000000
0.000000
0.000000
0.000000
0.000000
0.000000
0.000000
0.000000
0.000000
0.000000
0.000000
0.000000
0.000000
0.000000
0.000000
0.000000
0.000000
0.000000
0.000000
0.000000
0.000000
0.000000
0.000000
0.000000
0.000000
0.000000
0.000000
0.000000
0.000000
0.000000
0.000000
0.000000
0.000000
0.000000
0.000000
0.000000
0.000000
0.000000
0.000000
0.000000
0.000000
0.000000
0.000000
0.000000
0.000000
0.000000
0.000000
0.000000
0.000000
0.000000
0.000000
0.000000
0.000000
0.000000
0.000000
0.000000
0.000000
0.000000
0.000000
0.000000
0.000000
0.000000
0.000000
0.000000
0.000000
0.000000
0.000000
0.000000
0.000000
0.000000
0.000000
0.000000
0.000000
0.000000
0.000000
0.000000
0.000000
0.000000
0.000000
0.000000
0.000000
0.000000
0.000000
0.000000
0.000000
0.000000
0.000000
0.000000
0.000000
0.000000
0.000000
0.000000
0.000000
0.000000
0.000000
0.000000
0.000000
0.000000
0.000000
0.000000
0.000000
0.000000
0.000000
0.000000
0.000000
0.000000
0.000000
0.000000
0.000000
0.000000
0.000000
0.000000
0.000000
0.000000
0.000000
0.000000
0.000000
0.000000
0.000000
0.000000
0.000000
0.000000
0.000000
0.000000
0.000000
0.000000
0.000000
0.000000
0.000000
0.000000
0.000000
0.000000
0.000000
0.000000
0.000000
0.000000
0.000000
0.000000
0.000000
0.000000
0.000000
0.000000
0.000000
0.000000
0.000000
0.000000
0.000000
0.000000
0.000000
0.000000
0.000000
0.000000
0.000000
0.000000
0.000000
0.000000
0.000000
0.000000
0.000000
0.000000
0.000000
0.000000
0.000000
0.000000
0.000000
0.000000
0.000000
0.000000
0.000000
0.000000
0.000000
0.000000
0.000000
0.000000
0.000000
0.000000
0.000000
0.000000
0.000000
0.000000
0.000000
0.000000
0.000000
0.000000
0.000000
0.000000
0.000000
0.000000
0.000000
0.000000
0.000000
0.000000
0.000000
0.000000
0.000000
0.000000
0.000000
0.000000
0.000000
0.000000
0.000000
0.000000
0.000000
0.000000
0.000000
0.000000
0.000000
0.000000
0.000000
0.000000
0.000000
0.000000
0.000000
0.000000
0.000000
0.000000
0.000000
0.000000
0.000000
0.000000
0.000000
0.000000
0.000000
0.000000
0.000000
