0.000000
0.247786
0.465435
0.622813
0.733312
0.833766
0.964355
1.222186
1.222186
1.285807
1.228883
1.275762
1.198747
1.252323
1.269065
1.215490
1.255671
1.202096
1.416397
1.171960
1.185353
1.265716
1.222186
1.242277
1.272413
1.275762
1.413049
1.232232
1.192050
1.262368
1.235580
1.252323
1.235580
1.282459
1.245626
1.225535
1.315943
1.242277
1.242277
1.212141
1.309246
1.299201
1.252323
1.135127
1.289156
1.222186
1.182005
1.192050
1.359473
1.202096
1.182005
0.431951
0.364982
-0.649601
-0.696479
-0.646252
-0.261180
-0.485526
-0.726615
-0.840462
-1.121733
-0.793584
-0.719918
-0.753403
-0.914129
-0.823720
-0.950962
-0.873947
-0.763448
-0.783539
-0.830417
-1.048067
-0.860553
-0.863902
-0.803630
-0.770145
-0.827069
-0.934219
-0.900735
-0.940916
-0.740009
-0.894038
-0.820372
-0.783539
-0.863902
-0.833766
-0.873947
-0.699827
-0.850508
-0.609419
-0.863902
-0.713221
-0.756751
-0.786887
-0.823720
-0.659646
-0.760100
-0.656297
-0.753403
-0.686433
-0.813675
-0.709873
-0.606071
-0.405163
-0.284619
-0.214301
-0.133938
-0.090408
-0.023439
0.308058
0.281270
0.237740
0.304709
0.294664
0.254483
0.331497
0.271225
0.328149
0.294664
0.291316
0.304709
0.274573
0.321452
0.294664
0.314755
0.298013
0.321452
0.298013
0.314755
0.287967
0.311406
0.301361
0.334846
0.284619
0.321452
0.291316
0.321452
0.294664
0.328149
0.321452
0.328149
0.321452
0.304709
0.328149
0.321452
0.314755
0.308058
0.324800
0.314755
0.321452
0.308058
0.000000
0.000000
0.000000
0.000000
0.000000
0.000000
0.000000
0.000000
0.000000
0.000000
0.000000
0.000000
0.000000
0.000000
0.000000
0.000000
0.000000
0.000000
0.000000
0.000000
0.000000
0.000000
0.000000
0.000000
0.000000
0.000000
0.000000
0.000000
0.000000
0.000000
0.000000
0.000000
0.000000
0.000000
0.000000
0.000000
0.000000
0.000000
0.000000
0.000000
0.000000
0.000000
0.000000
0.000000
0.000000
0.000000
0.000000
0.000000
0.000000
0.000000
0.000000
0.000000
0.000000
0.000000
0.000000
0.000000
0.000000
0.000000
0.000000
0.000000
0.000000
0.000000
0.000000
0.000000
0.000000
0.000000
0.000000
0.000000
0.000000
0.000000
0.000000
0.000000
0.000000
0.000000
0.000000
0.000000
0.000000
0.000000
0.000000
0.000000
0.000000
0.000000
0.000000
0.000000
0.000000
0.000000
0.000000
0.000000
0.000000
0.000000
0.000000
0.000000
0.000000
0.000000
0.000000
0.000000
0.000000
0.000000
0.000000
0.000000
0.000000
0.000000
0.000000
0.000000
0.000000
0.000000
0.000000
0.000000
0.000000
0.000000
0.000000
0.000000
0.000000
0.000000
0.000000
0.000000
0.000000
0.000000
0.000000
0.000000
0.000000
0.000000
0.000000
0.000000
0.000000
0.000000
0.000000
0.000000
0.000000
0.000000
0.000000
0.000000
0.000000
0.000000
0.000000
0.000000
0.000000
0.000000
0.000000
0.000000
0.000000
0.000000
0.000000
0.000000
0.000000
0.000000
0.000000
0.000000
0.000000
0.000000
0.000000
0.000000
0.000000
0.000000
0.000000
0.000000
0.000000
0.000000
0.000000
0.000000
0.000000
0.000000
0.000000
0.000000
0.000000
0.000000
0.000000
0.000000
0.000000
0.000000
0.000000
0.000000
0.000000
0.000000
0.000000
0.000000
0.000000
0.000000
0.000000
0.000000
0.000000
0.000000
0.000000
0.000000
0.000000
0.000000
0.000000
0.000000
0.000000
0.000000
0.000000
0.000000
0.000000
0.000000
0.000000
0.000000
0.000000
0.000000
0.000000
0.000000
0.000000
0.000000
0.000000
0.000000
0.000000
0.000000
0.000000
0.000000
0.000000
0.000000
0.000000
0.000000
0.000000
0.000000
0.000000
0.000000
0.000000
0.000000
0.000000
0.000000
0.000000
0.000000
0.000000
0.000000
0.000000
0.000000
0.000000
0.000000
0.000000
0.000000
0.000000
0.000000
0.000000
0.000000
0.000000
0.000000
0.000000
0.000000
0.000000
0.000000
0.000000
0.000000
0.000000
0.000000
0.000000
0.000000
0.000000
0.000000
0.000000
0.000000
0.000000
0.000000
0.000000
0.000000
0.000000
0.000000
0.000000
0.000000
0.000000
0.000000
0.000000
0.000000
0.000000
0.000000
0.000000
0.000000
0.000000
0.000000
0.000000
0.000000
0.000000
0.000000
0.000000
0.000000
0.000000
0.000000
0.000000
0.000000
0.000000
0.000000
0.000000
0.000000
0.000000
0.000000
0.000000
0.000000
0.000000
0.000000
0.000000
0.000000
0.000000
0.000000
0.000000
0.000000
0.000000
0.000000
0.000000
0.000000
0.000000
0.000000
0.000000
0.000000
0.000000
0.000000
0.000000
0.000000
0.000000
0.000000
0.000000
0.000000
0.000000
0.000000
0.000000
0.000000
0.000000
0.000000
0.000000
0.000000
0.000000
0.000000
0.000000
0.000000
0.000000
0.000000
0.000000
0.000000
0.000000
0.000000
0.000000
0.000000
0.000000
0.000000
0.000000
0.000000
0.000000
0.000000
0.000000
0.000000
0.000000
0.000000
0.000000
0.000000
0.000000
0.000000
0.000000
0.000000
0.000000
0.000000
0.000000
