0.005065
0.005065
0.002937
0.009322
0.015707
0.021029
0.019964
0.018900
0.017836
0.013579
0.012515
0.010386
0.001873
0.000808
0.000808
0.000808
0.000808
0.007194
0.013579
0.010386
0.010386
0.006129
0.006129
0.005065
-0.002384
-0.058788
0.029542
0.097653
-0.181174
-0.285468
-0.453616
-0.613250
-0.794168
-1.012334
-1.212408
-1.411418
-1.624264
-1.837108
-2.062724
-2.284083
-2.504378
-2.732122
-2.971573
-3.206766
-3.436639
-3.677154
-3.920861
-4.166698
-4.402956
-4.658370
-4.899949
-5.144721
-5.386300
-5.610851
-5.846045
-6.066339
-6.317497
-6.538856
-6.777242
-7.026271
-7.243372
-7.468988
-7.707375
-7.938312
-8.154349
-8.360809
-8.585361
-8.798205
-8.998280
-9.195161
-9.398428
-9.610209
-9.809219
-10.005036
-10.209368
-10.411571
-10.621222
-10.813848
-11.010729
-11.220382
-11.423649
-11.608824
-11.801449
-11.997266
-12.159028
-12.330368
-12.534699
-12.699655
-12.842260
-13.055105
-13.187070
-13.326483
-13.499951
-13.646814
-13.847954
-13.979918
-14.150193
-14.261937
-14.384323
-14.559920
-14.723810
-14.895151
-15.014344
-15.173978
-15.279336
-15.458126
-15.641172
-15.775265
-15.882751
-16.038128
-16.165836
-16.268002
-16.232882
-16.481911
-16.734133
-16.586205
-16.935270
-16.844810
-16.869289
-17.020409
-17.181107
-17.314135
-17.424814
-17.544008
-17.690870
-17.815384
-17.867531
-17.972891
-18.106983
-18.175093
-18.337919
-18.330469
-18.555021
-18.579498
-18.628452
-18.746582
-18.826399
-18.916859
-19.003059
-19.107353
-19.170143
-19.191427
-19.319136
-19.163757
-19.474512
-19.506439
-19.744825
-19.909781
-19.525595
-19.545815
-19.708641
-19.741632
-19.879982
-19.984276
-20.120497
-20.046001
-20.040680
-20.172644
-20.274809
-20.358883
-20.358883
-20.487654
-20.556829
-20.628132
-20.736683
-20.798409
-20.863325
-20.936758
-21.029345
-21.077234
-20.932501
-21.003803
-21.206007
-21.082556
-21.356062
-21.242189
-21.389053
-21.549751
-21.582743
-21.628504
-21.720026
-21.770046
-21.786009
-21.867954
-21.965862
-22.019073
-22.054193
-22.106340
-22.169130
-22.198929
-22.241497
-22.297901
-22.359627
-22.439444
-22.543737
-22.575665
-22.857683
-22.808729
-22.897060
-22.707628
-22.918344
-22.901318
-22.885353
-22.899189
-22.970491
-23.038601
-23.103519
-23.136511
-23.115227
-23.165245
-23.215263
-23.235483
-23.213135
-23.233355
-23.327007
-23.289759
-23.370640
-23.402567
-23.383411
-23.536659
-23.803780
-23.811230
-23.482384
-24.063450
-23.732477
-23.788881
-23.866570
-23.842093
-23.855927
-23.842093
-23.865505
-23.877211
-23.900623
-23.911266
-23.976185
-24.116661
-23.791010
-23.669687
-23.560072
-23.230162
-22.992840
-22.688471
-22.393681
-22.045679
-21.561457
-21.173016
-20.745197
-20.179029
-19.722477
-19.241446
-18.689114
-18.131460
-17.606796
-17.018280
-16.463820
-15.836990
-15.248474
-14.672728
-14.059734
-13.438227
-12.810334
-12.186698
-11.563062
-10.938362
-10.301955
-9.661292
-9.030206
-8.418277
-7.809540
-7.206125
-6.605902
-6.032284
-5.475695
-4.927619
-4.389121
-3.867650
-3.358951
-2.871535
-2.387313
-1.924375
-1.462501
-1.018719
-0.589837
-0.151376
0.254094
0.660628
1.057584
1.415164
1.794028
2.159057
2.508123
2.869959
3.204126
3.540421
3.860753
4.165122
4.480132
4.780243
5.087804
5.387916
5.686963
5.967918
6.255259
6.542600
6.807592
7.071520
7.330127
7.588733
7.847340
8.096369
8.337948
8.586977
8.818978
9.038209
9.267017
9.486247
9.712927
9.942800
10.139682
10.370619
10.597299
10.826107
10.981483
11.184751
11.429523
11.560422
11.762625
11.941415
12.102113
12.277710
12.444794
12.610812
12.782153
12.943914
13.101420
13.252541
13.403660
13.513275
13.689937
13.809130
13.978342
14.124141
14.249720
14.383812
14.537060
14.670088
14.805244
14.919117
15.083008
15.222421
15.382054
15.547009
15.553395
15.708772
15.772625
15.833286
15.889690
16.102535
15.975892
16.279196
16.454794
16.421803
16.664446
16.790024
16.824080
16.964558
17.018833
17.069916
17.246576
17.276375
17.405148
17.503056
17.521147
17.633955
17.736120
17.843607
17.920231
18.025591
18.129885
18.166067
18.318253
18.367207
18.327829
18.631134
18.581116
17.877663
17.768047
18.193737
18.204380
18.357628
18.428932
18.553446
18.652418
18.741814
18.958916
18.840786
19.097265
19.137705
19.186659
19.316496
19.403761
19.463358
19.541046
19.635763
19.733671
19.793268
19.918846
19.862442
20.138077
19.964609
20.176390
20.072096
20.229601
20.369013
20.369013
20.431803
20.477564
20.437124
20.686153
20.652098
20.630814
20.779804
20.833015
20.792576
20.884098
20.947952
20.972429
21.041605
21.167183
20.997971
21.363001
21.159733
21.253386
21.546047
21.244871
21.556688
21.764214
21.702488
21.725901
21.687590
21.764214
21.757828
21.755699
21.728029
21.827002
21.791883
21.812103
21.864250
21.919590
21.948324
21.949389
22.034527
21.984507
21.955774
21.951517
22.246307
22.237793
22.375078
22.197353
22.203737
22.260141
22.266527
22.232471
22.283554
22.342087
22.336765
22.400620
22.432547
22.375078
22.476179
22.565575
22.496399
22.396362
22.479372
22.463409
22.335701
22.772034
22.417646
22.338894
22.523006
22.238857
22.151590
21.825937
21.692909
21.507734
21.178888
20.895805
20.586115
20.234921
19.801783
19.379284
18.939760
18.474693
17.968122
17.444523
16.923052
16.398390
15.842864
15.268183
14.688180
14.102856
13.521790
12.918373
12.322408
11.718991
11.118769
10.515353
9.906616
9.297879
8.695527
8.101690
7.516366
6.928914
6.359553
5.839147
5.498595
5.319805
5.014373
4.431177
4.437563
4.159800
4.015066
3.882037
3.757523
3.708569
3.662807
3.642587
3.656422
3.663871
3.697927
3.755395
3.821377
3.903322
3.993781
4.091690
4.205562
4.326883
4.456719
4.585490
4.724904
4.874959
5.027143
5.193162
5.382595
5.541164
5.711440
5.885973
6.064763
6.241425
6.429792
6.682014
6.547921
6.349975
6.375517
6.309535
6.167993
6.017937
5.818927
5.623109
5.379402
5.095254
4.808977
4.503545
4.178956
3.838404
3.501045
3.156236
2.808234
2.458104
2.110103
1.764229
1.415164
1.072483
0.727674
0.383929
0.039120
-0.295046
-0.621763
-0.946352
-1.270941
-1.593401
-1.907347
-2.222358
-2.528855
-2.848122
-2.954545
-3.215280
-3.320638
-3.308932
-3.384492
-3.308932
-3.264235
-3.150362
-3.005628
-2.876857
-2.710837
-2.465001
-2.253221
-2.012706
-1.759420
-1.496557
-1.212408
-0.934646
-0.660076
-0.381249
-0.098165
0.182791
0.474388
0.747894
1.027786
1.314062
1.597146
1.879166
2.156929
2.440012
2.726289
3.001923
3.273301
3.542550
3.800092
4.087433
4.001231
4.111910
4.198112
4.172571
4.075727
3.989524
3.834147
3.680899
3.465925
3.254145
3.023208
2.766730
2.498545
2.220782
1.932377
1.634394
1.335347
1.029914
0.719160
0.409471
0.104038
-0.199266
-0.499378
-0.799489
-1.098536
-1.398648
-1.693438
-1.985036
-2.271312
-2.551204
-2.843866
-3.124821
-3.394070
-3.629264
-3.698438
-3.895320
-3.927247
-4.009192
-4.066660
-3.965559
-3.893192
-3.753778
-3.599465
-3.418547
-3.214216
-2.989664
-2.750214
-2.497992
-2.234065
-1.953109
-1.663640
-1.374171
-1.084701
-0.790975
-0.497249
-0.192881
0.095524
0.379672
0.662756
0.960739
1.260851
1.546063
1.827019
2.110103
2.393186
2.677335
2.961483
3.232860
3.441448
3.602146
3.717083
3.893744
3.778808
3.789450
3.742624
3.627688
3.508494
3.332897
3.133887
2.917850
2.687977
2.442141
2.178213
1.902579
1.625880
1.340668
1.043749
0.745766
0.454168
0.160442
-0.134348
-0.437652
-0.734571
-1.021912
-1.314574
-1.620007
-1.914797
-2.202138
-2.488414
-2.777884
-3.051389
-3.335538
-3.613300
-3.886806
-4.164569
-4.444460
-4.709453
-4.957417
-5.233051
-5.452281
-5.713017
-5.962046
-6.261093
-6.573975
-6.739994
-7.012436
-7.305098
-7.533906
-7.766972
-8.012807
-8.224588
-8.456590
-8.661984
-8.871636
-9.085546
-9.298390
-9.497401
-9.702796
-9.897550
-10.106137
-10.309404
-10.517993
-10.705297
-10.901114
-11.091610
-11.274657
-11.464089
-11.640750
-11.881266
-11.897228
-11.882330
-11.984495
-11.830182
-11.776971
-11.646071
-11.505594
-11.343832
-11.104381
-10.853224
-10.516929
-10.258322
-9.896485
-9.559126
-9.196225
-8.769471
-8.375709
-7.951082
-7.493465
-7.067775
-6.597388
-6.136579
-5.674705
-5.213895
-4.749893
-4.297597
-3.854879
-3.421740
-2.981151
-2.550139
-2.136156
-1.729622
-1.327345
-0.927196
-0.539818
-0.158825
0.210461
0.574426
0.935198
1.291713
1.635458
1.969625
2.302727
2.636894
2.964675
3.291393
3.611724
3.929928
4.243874
4.558884
4.864317
5.142080
5.427292
5.713569
5.986010
6.265902
6.544728
6.809721
7.057685
7.315228
7.552550
7.794129
8.026130
8.282608
8.526316
8.749804
8.995640
9.224448
9.406430
9.568192
9.690578
9.926837
10.077956
9.842763
9.735276
9.621404
9.472412
9.229769
9.007346
8.752996
8.440113
8.132552
7.792000
7.424843
7.056621
6.672436
6.277608
5.878523
5.470925
5.066520
4.657857
4.247066
3.842661
3.441448
3.043428
2.643279
2.256966
1.879166
1.493916
1.127823
0.765986
0.403085
0.048698
-0.302496
-0.643048
-0.981472
-1.322024
-1.652998
-1.964815
-2.269184
-2.568231
-2.873664
-3.171647
-3.455795
-3.728237
-4.015577
-4.306111
-4.588131
-4.869086
-5.154299
-5.438447
-5.714081
-5.974816
-6.240872
-6.502672
-6.755958
-7.008179
-7.260400
-7.507300
-7.742494
-7.979816
-8.221395
-8.454461
-8.691783
-8.905692
-9.131308
-9.361180
-9.584667
-9.799641
-9.972045
-10.225331
-10.168927
-10.297698
-10.405185
-10.247680
-10.200853
-10.031642
-9.812411
-9.600631
-9.364373
-9.080225
-8.756701
-8.412956
-8.069211
-7.687154
-7.295520
-6.892178
-6.467553
-6.041862
-5.607658
-5.166005
-4.725416
-4.283762
-3.846366
-3.416419
-2.994986
-2.576745
-2.156376
-1.755163
-1.366721
-0.979343
-0.597286
-0.218422
0.151928
0.507379
0.859638
1.202319
1.556705
1.889808
2.223975
2.553885
2.886987
3.205190
3.511687
3.820312
4.117231
4.417343
4.708940
5.005859
5.294264
5.576283
5.852982
6.132874
6.404251
6.662858
6.907629
7.157722
7.423779
7.653651
7.905872
8.158093
8.396481
8.604004
8.841327
9.061622
9.258503
9.450064
9.711864
9.952378
10.135425
10.356784
10.564307
10.780345
10.966584
11.136861
11.309265
11.493376
11.648753
11.822222
11.971213
12.143618
12.298994
12.463949
12.649124
12.800244
12.923695
13.145054
13.277018
13.391953
13.514339
13.703772
13.857020
13.975149
14.101791
14.236948
14.434895
14.516840
14.589207
14.763740
14.869098
15.025539
15.073429
15.310752
15.405468
15.446973
15.286275
15.365027
15.304366
15.145797
15.060658
14.832914
14.587078
14.338050
14.032618
13.705900
13.353642
12.984355
12.604427
12.182994
11.751983
11.309265
10.845263
10.362104
9.874689
9.369183
8.858355
8.342205
7.822863
7.297136
6.774601
6.258452
5.745495
5.239988
4.739803
4.248131
3.772422
3.294585
2.831647
2.389994
2.009001
1.808927
1.690798
1.157621
1.243823
1.001180
0.919235
0.888372
0.826647
0.836225
0.879858
0.927748
1.022464
1.118245
1.238502
1.370466
1.513072
1.673770
1.835532
2.005809
2.182470
2.361260
2.553885
2.749702
2.946584
3.153043
3.349925
3.560642
3.774551
3.976753
4.180020
4.387544
4.596132
4.800464
5.009052
5.210190
5.413457
5.631623
5.846597
6.051992
6.251002
6.474490
6.683078
6.904437
7.119410
7.322677
7.530201
7.732404
7.925028
8.129360
8.328370
8.505032
8.718941
8.900924
9.107383
9.328742
9.510724
9.699092
9.882139
10.051351
10.246104
10.394032
10.578142
10.754804
10.928272
11.097485
11.290109
11.449742
11.601927
11.808387
11.959507
12.112755
12.274517
12.429894
12.587399
12.728941
12.915181
13.048209
13.231256
13.431330
13.580321
13.684615
13.838928
13.979406
14.090085
14.234820
14.351885
14.464693
14.631776
14.697758
14.897832
15.006383
15.081944
15.205394
15.313944
15.465064
15.558716
15.700258
15.774754
15.898204
16.070608
16.167454
16.252590
16.393068
16.475014
16.581436
16.505877
16.669767
16.396261
16.195124
16.111050
15.824773
15.626826
15.346935
15.050016
14.717978
14.358270
13.970892
13.597349
13.172723
12.715106
12.271324
11.813707
11.329485
10.817593
10.302508
9.793808
9.272338
8.743418
8.209177
7.678128
7.155594
6.626674
6.100946
5.585862
5.083548
4.601453
4.115103
3.640458
3.181777
2.731610
2.405957
1.967496
1.799349
1.571605
1.523715
1.371530
1.311934
1.308741
1.297035
1.325769
1.368338
1.444962
1.537549
1.647165
1.761037
1.893001
2.036671
2.190984
2.348489
2.511315
2.679463
2.858253
3.046621
3.221153
3.405265
3.595761
3.794771
3.990588
4.186406
4.389673
4.581233
4.787693
4.987767
5.174006
5.336833
5.547550
5.427292
5.508173
5.440063
5.287879
5.191034
5.046299
4.870702
4.665307
4.426920
4.168314
3.894808
3.607467
3.304163
2.991281
2.675206
2.353810
2.030286
1.696119
1.371530
1.049070
0.717032
0.390315
0.067854
-0.253542
-0.566424
-0.881434
-1.191124
-1.500813
-1.804118
-2.099972
-2.385185
-2.675718
-2.968380
-3.252528
-3.535612
-3.815503
-4.095394
-4.372093
-4.650920
-4.922297
-5.184097
-5.449089
-5.703439
-5.952467
-6.201496
-6.420726
-6.693168
-6.974123
-7.174198
-7.415777
-7.661613
-7.884036
-8.112844
-8.348039
-8.581103
-8.801397
-9.019564
-9.239859
-9.467603
-9.694283
-9.902871
-10.112523
-10.297698
-10.504158
-10.648892
-10.841517
-11.110766
-11.254436
-11.228895
-11.596053
-11.496016
-11.616273
-11.620530
-11.409814
-11.348088
-11.192712
-10.945811
-10.732966
-10.443497
-10.155092
-9.835825
-9.472924
-9.097252
-8.715196
-8.312919
-7.900000
-7.468988
-7.032656
-6.581425
-6.129129
-5.666191
-5.216023
-4.770113
-4.323139
-3.891063
-3.460052
-3.036490
-2.612929
-2.197881
-1.794540
-1.396519
-1.008077
-0.631341
-0.321652
-0.053467
-0.034311
0.277507
0.352003
0.390315
0.421177
0.386058
0.353067
0.292406
0.180662
0.071047
-0.057724
-0.199266
-0.359964
-0.528112
-0.709030
-0.897398
-1.097472
-1.304996
-1.508263
-1.729622
-1.953109
-2.173404
-2.396891
-2.629956
-2.851315
-3.084380
-3.319574
-3.563282
-3.801668
-4.037926
-4.282698
-4.524277
-4.765856
-4.965931
-5.095766
-5.111730
-5.206446
-5.251143
-5.134079
-5.075546
-4.973380
-4.819067
-4.647727
-4.438075
-4.179468
-3.929375
-3.653741
-3.362143
-3.062032
-2.749150
-2.428818
-2.106358
-1.784961
-1.471015
-1.157069
-0.828223
-0.505763
-0.197138
0.115745
0.427563
0.738316
1.052263
1.350246
1.661000
1.960047
2.255901
2.550692
2.847610
3.138144
3.432935
3.723468
4.014001
4.290700
4.567398
4.840904
5.109089
5.375145
5.629495
5.875331
6.131809
6.374453
6.611775
6.844840
7.074713
7.306714
7.525944
7.756881
7.991011
8.221948
8.450756
8.675307
8.901988
9.104191
9.324485
9.513917
9.708671
9.888524
10.084342
10.264196
10.462142
10.656895
10.822914
11.035759
11.130475
11.224127
11.367798
11.319907
11.223063
11.107062
10.929337
10.768639
10.578142
10.333370
10.064121
9.769331
9.456450
9.127604
8.756189
8.381581
7.997396
7.608953
7.198163
6.760766
6.336140
5.904065
5.469861
5.030336
4.586554
4.153415
3.722404
3.293521
2.866767
2.447462
2.037735
1.640779
1.240631
0.853253
0.477581
0.102974
-0.269505
-0.636663
-1.002756
-1.357143
-1.711530
-2.055275
-2.392634
-2.722544
-3.050325
-3.370657
-3.692053
-3.999614
-4.297597
-4.590259
-4.875472
-5.152170
-5.442704
-5.707695
-5.948211
-6.231295
-6.498415
-6.710196
-6.987958
-7.234859
-7.442383
-7.669063
-7.924477
-8.114973
-8.391671
-8.596003
-8.832260
-9.032334
-9.210060
-9.455896
-9.670870
-9.861366
-10.073147
-10.276414
-10.487130
-10.672305
-10.871316
-11.074583
-11.261887
-11.457704
-11.650329
-11.829118
-12.019614
-12.137744
-12.362295
-12.548534
-12.706039
-12.928463
-13.111509
-13.286042
-13.450997
-13.589347
-13.740467
-13.920321
-14.050157
-14.154450
-14.388579
-14.521608
-14.554599
-14.683370
-14.819591
-15.098418
-15.101610
-15.255923
-15.429392
-15.558164
-15.860403
-15.748659
-15.551778
-15.836990
-15.579448
-15.380438
-15.204841
-14.986674
-14.789793
-14.551406
-14.303442
-14.043771
-13.760687
-13.431841
-13.055105
-12.630480
-12.233523
-11.803576
-11.366180
-10.923463
-10.459460
-10.000779
-9.526135
-9.032334
-8.541727
-8.059633
-7.573282
-7.074161
-6.579296
-6.095074
-5.620429
-5.144721
-4.667948
-4.200753
-3.747393
-3.307868
-2.874728
-2.440524
-2.018027
-1.605107
-1.203895
-0.814388
-0.424882
-0.041761
0.332847
0.693619
1.051198
1.401329
1.747202
2.083497
2.417664
2.743316
3.067905
3.377595
3.680899
3.986331
4.284315
4.575912
4.863253
5.153786
5.427292
5.702927
5.994524
6.263773
6.524508
6.783115
7.020437
7.265209
7.475925
7.724954
7.927157
7.960148
7.951634
7.945249
7.837762
7.736660
7.577027
7.401430
7.196034
6.941685
6.675628
6.394673
6.083919
5.748688
5.401751
5.049492
4.688720
4.317306
3.936313
3.557449
3.186034
2.805042
2.429370
2.049442
1.679091
1.302356
0.936262
0.570169
0.223231
-0.121578
-0.472772
-0.808003
-1.137913
-1.463565
-1.726429
-2.058467
-2.098908
-2.048889
-2.233000
-2.255349
-2.212780
-2.181917
-2.075495
-1.949916
-1.811567
-1.630649
-1.439088
-1.234757
-1.018719
-0.784590
-0.541947
-0.292918
-0.040697
0.211525
0.462682
0.719160
0.977767
1.236374
1.494980
1.748266
2.002616
2.256966
2.503866
2.750766
3.009373
3.261594
3.513816
3.772422
4.017194
4.258773
4.517380
4.757895
4.997345
5.263402
5.495402
5.722083
5.982818
6.208433
6.430856
6.628802
6.846969
7.084291
7.308842
7.505724
7.745174
7.970790
8.181507
8.396481
8.604004
8.811528
9.014795
9.220191
9.418137
9.624597
9.825735
10.005589
10.212049
10.462142
10.610069
10.788859
11.009153
11.196457
11.352899
11.540202
11.697707
11.866919
12.010590
12.168095
12.336243
12.489491
12.641675
12.823657
12.929016
13.072686
13.266376
13.432394
13.551587
13.714414
13.870855
14.048580
14.174159
14.328472
14.456179
14.667959
14.679667
14.844621
14.951043
15.031924
15.217100
15.361835
15.467193
15.594900
15.702387
15.813066
15.980149
16.005692
16.131269
16.299417
16.344114
16.450537
16.599527
16.627197
16.703823
16.797474
16.898575
17.042246
17.108229
17.198687
17.350872
17.484964
17.441330
17.475386
17.610542
17.614799
17.789331
18.127756
17.751020
18.305481
18.624748
18.414032
18.661997
18.617300
18.691795
18.789703
18.795025
18.782253
19.018513
18.972750
19.061081
19.119614
19.241999
19.167503
19.110035
19.227100
19.386734
19.421854
19.112164
19.068531
18.991907
18.729042
18.492785
18.312931
17.911718
17.577551
17.197622
16.735748
16.407969
16.041874
15.537432
15.054274
14.560472
14.037938
13.513275
12.955622
12.401160
11.845634
11.276274
10.709042
10.121590
9.541587
8.963713
8.382646
7.803707
7.236475
6.679885
6.130745
5.591183
5.068648
4.550371
4.071469
3.708569
3.435063
3.098768
2.886987
2.746509
2.606031
2.513444
2.458104
2.420856
2.419792
2.433627
2.464489
2.510251
2.573040
2.651793
2.744381
2.846546
2.951905
3.073226
3.207319
3.346732
3.493595
3.641523
3.797964
3.965047
4.136387
4.301342
4.493967
4.685527
4.876023
5.070776
5.267658
5.471990
5.657165
5.842340
6.034965
6.240360
6.425535
6.624546
6.813977
7.005538
7.202420
7.398237
7.586605
7.783486
7.934607
8.175121
8.349654
8.552921
8.754061
8.939236
9.124411
9.312778
9.480927
9.707606
9.868304
10.031131
10.212049
10.383389
10.557922
10.728198
10.896346
11.083650
11.259247
11.436972
11.607248
11.778588
11.925451
12.078700
12.248976
12.080829
12.347949
12.277710
12.119141
12.087214
11.874369
11.740276
11.461450
11.133668
10.849520
10.544087
10.239718
9.866176
9.502211
9.119090
8.707234
8.283672
7.846276
7.403558
6.952327
6.498967
6.033900
5.576283
5.130373
4.677013
4.226846
3.787321
3.352053
2.926363
2.499609
2.081368
1.669513
1.274686
0.888372
0.541435
0.353067
-0.038568
-0.320588
-0.332294
-0.441909
-0.452552
-0.438717
-0.406790
-0.315267
-0.219486
-0.101357
0.044442
0.188112
0.353067
0.523343
0.704261
0.903271
1.104410
1.307677
1.514136
1.724853
1.936634
2.148415
2.362324
2.581554
2.802913
3.017887
3.242438
3.459540
3.676642
3.898001
4.122552
4.353489
4.576976
4.752573
4.921785
5.114410
5.203805
5.000538
4.976061
4.887730
4.746188
4.599325
4.377966
4.166185
3.924607
3.660679
3.389301
3.091318
2.788014
2.484710
2.176085
1.856817
1.536485
1.216153
0.897950
0.585068
0.266865
-0.049210
-0.350386
-0.657947
-0.960187
-1.258170
-1.550832
-1.839237
-2.134027
-2.419240
-2.698067
-2.981151
-3.253592
-3.573924
-3.579245
-3.719723
-3.785705
-3.837852
-3.730365
-3.703759
-3.586695
-3.457923
-3.302547
-3.112050
-2.938581
-2.719351
-2.488414
-2.267056
-2.018027
-1.767934
-1.506135
-1.235821
-0.960187
-0.677103
-0.389762
-0.097100
0.194497
0.473324
0.759601
1.048006
1.332154
1.612045
1.887679
2.168635
2.435755
2.713518
2.980639
3.244567
3.496788
3.751138
4.010808
4.257709
4.496095
4.741931
4.978189
5.225090
5.481567
5.710376
5.958341
6.241425
6.484067
6.703298
6.922528
7.143887
7.367374
7.573834
7.774973
7.978240
8.180443
8.374131
8.572078
8.773216
8.955199
9.156338
9.358541
9.558615
9.723570
9.936415
10.142875
10.321664
10.505775
10.680308
10.879318
10.966584
10.949557
10.809079
10.970841
10.825043
10.629225
10.423830
10.313150
10.082213
9.848083
9.591605
9.281916
8.997768
8.676372
8.320920
7.955891
7.569577
7.172621
6.759702
6.337204
5.910450
5.482632
5.052685
4.625931
4.197048
3.773486
3.352053
2.933813
2.523022
2.115424
1.716339
1.324704
0.937326
0.558462
0.233874
-0.203523
-0.319524
-0.399340
-0.676039
-0.666461
-0.731379
-0.796296
-0.756920
-0.719672
-0.643048
-0.548332
-0.445102
-0.289725
-0.134348
0.019964
0.190240
0.373287
0.566976
0.764922
0.967125
1.178906
1.397072
1.610981
1.825954
2.046249
2.261223
2.476196
2.700747
2.932749
3.159429
3.393558
3.624495
3.860753
4.101268
4.339654
4.578041
4.817491
5.047364
5.284686
5.507109
5.734853
5.972176
6.208433
6.429792
6.635188
6.853354
7.045979
7.256695
7.452513
7.640881
7.868625
8.054864
8.240039
8.455012
8.638060
8.804079
8.971163
9.187201
9.383018
9.587349
9.776781
9.945992
10.116269
10.284416
10.474913
10.669665
10.854841
11.018731
11.201778
11.471027
11.677487
11.605120
11.556166
11.544458
11.427394
11.278402
11.062365
10.864419
10.639868
10.339756
10.040709
9.718248
9.377696
9.017988
8.619967
8.216626
7.807964
7.374824
6.932106
6.483004
6.032836
5.580541
5.135695
4.684463
4.236424
3.793707
3.355246
2.921042
2.493224
2.072855
1.663128
1.256594
0.860702
0.469067
0.087011
-0.286533
-0.656883
-1.020848
-1.373106
-1.726429
-2.072302
-2.409662
-2.738507
-3.067353
-3.387685
-3.698438
-3.999614
-4.293340
-4.600902
-4.890371
-5.186225
-5.469309
-5.758779
-6.037605
-6.303662
-6.584617
-6.854930
-7.112473
-7.359373
-7.610530
-7.865944
-8.110716
-8.349103
-8.575783
-8.815232
-9.036592
-9.310098
-9.513364
-9.726210
-9.929477
-10.071018
-10.119972
-10.014614
-9.983752
-9.908192
-9.766650
-9.627236
-9.429291
-9.210060
-8.931233
-8.651342
-8.343781
-8.010679
-7.669063
-7.296584
-6.906013
-6.507993
-6.095074
-5.677897
-5.256464
-4.822260
-4.392313
-3.967687
-3.552639
-3.130142
-2.714030
-2.304303
-1.907347
-1.516777
-1.133656
-0.764370
-0.396148
-0.030054
0.315819
0.634022
0.916042
1.098024
1.242759
1.316191
1.304484
1.310869
1.275750
1.217218
1.119309
0.991602
0.848996
0.685105
0.504187
0.304112
0.095524
-0.115192
-0.335487
-0.566424
-0.798425
-1.036811
-1.277326
-1.518905
-1.763677
-1.998871
-2.245771
-2.491607
-2.739572
-2.981151
-3.228051
-3.466437
-3.713337
-3.937889
-4.132642
-4.380607
-4.664755
-4.862701
-5.115986
-5.344795
-5.595952
-5.836467
-6.064211
-6.308983
-6.539920
-6.763407
-6.997537
-7.222088
-7.438126
-7.648842
-7.875522
-8.091560
-8.313983
-8.520443
-8.738608
-8.962095
-9.119601
-9.410134
-9.551677
-9.760264
-10.028449
-10.160413
-10.312597
-10.440305
-10.603131
-10.890471
-11.011793
-11.225702
-11.416199
-11.594989
-11.778035
-11.920642
-12.209046
-12.352717
-12.303762
-12.169670
-12.156899
-12.035578
-11.849339
-11.630108
-11.367245
-11.094803
-10.787242
-10.461589
-10.110394
-9.734723
-9.339895
-8.932298
-8.505544
-8.061762
-7.611595
-7.155042
-6.693168
-6.217460
-5.744944
-5.272428
-4.807361
-4.351872
-3.899577
-3.452602
-3.016270
-2.590580
-2.178725
-1.772191
-1.372042
-0.976150
-0.673910
-0.395083
-0.177982
0.027414
0.133836
0.158314
0.200883
0.226424
0.177470
0.094460
-0.015155
-0.139669
-0.279083
-0.432331
-0.604736
-0.786718
-0.972958
-1.164518
-1.361400
-1.572116
-1.781769
-1.992485
-2.208523
-2.429882
-2.650177
-2.870471
-3.093958
-3.328088
-3.545190
-3.760163
-3.991100
-4.219909
-4.444460
-4.662627
-4.894628
-5.142592
-5.386300
-5.576796
-5.825825
-6.039734
-6.265350
-6.486709
-6.708067
-6.931555
-7.152914
-7.363630
-7.574347
-7.809540
-8.009615
-8.238423
-8.452332
-8.672626
-8.848224
-9.036592
-9.267529
-9.452703
-9.644264
-9.869880
-10.078468
-10.303020
-10.400928
-10.627608
-10.823425
-10.964968
-11.141629
-11.331060
-11.499208
-11.677999
-11.851467
-12.032385
-12.214368
-12.410185
-12.595361
-12.701783
-12.898664
-13.012537
-13.156207
-13.388208
-13.631916
-13.711733
-13.842632
-14.020358
-14.234267
-14.274708
-14.432213
-14.587590
-14.683370
-14.796178
-14.948362
-15.073940
-15.204841
-15.360217
-15.467704
-15.537943
-15.663522
-15.794421
-15.881687
-16.044514
-16.128588
-16.266937
-16.371231
-16.461691
-16.579819
-16.686241
-16.762867
-17.049143
-16.938463
-16.826719
-16.802242
-16.709654
-16.497873
-16.330791
-16.131781
-15.946606
-15.632659
-15.293171
-14.963262
-14.588655
-14.210855
-13.750045
-13.337125
-12.900793
-12.421891
-11.931284
-11.435355
-10.928783
-10.419020
-9.891164
-9.357987
-8.820554
-8.284184
-7.752072
-7.218895
-6.688911
-6.163184
-5.640649
-5.128757
-4.627507
-4.131578
-3.647356
-3.180161
-2.726801
-2.290468
-1.861586
-1.436960
-1.029362
-0.624956
-0.234385
0.158314
0.525471
0.853253
1.154428
1.595018
1.898322
2.273993
2.595389
2.935941
3.265851
3.577669
3.891615
4.191727
4.486517
4.785564
5.068648
5.346411
5.615660
5.889166
6.160543
6.414893
6.668179
6.934235
7.173686
7.420586
7.679193
7.905872
8.153837
8.374131
8.600812
8.837070
9.048851
9.269145
9.490504
9.709735
9.924708
10.093920
10.290802
10.498325
10.655830
10.851648
11.010218
11.206036
11.381633
11.558293
11.740276
11.907359
12.097856
12.285159
12.436279
12.608684
12.741713
12.918373
13.083328
13.231256
13.395146
13.538816
13.665460
13.799552
13.931516
14.099664
14.255040
14.500876
14.484913
14.174159
14.413610
14.282710
14.035810
13.859149
13.638854
13.388761
13.121640
12.804502
12.486298
12.147875
11.800937
11.430587
11.030438
10.614326
10.187572
9.749111
9.281916
8.811528
8.339012
7.865432
7.385467
6.895923
6.411700
5.928542
5.447512
4.967547
4.493967
4.032093
3.575541
3.122181
2.674142
2.246323
1.822762
1.411971
1.003308
0.609545
0.226424
-0.150312
-0.516405
-0.883563
-1.250721
-1.614686
-1.968008
-2.308560
-2.643791
-2.980086
-3.304675
-3.633521
-3.947467
-4.255028
-4.570039
-4.872279
-5.158556
-5.451218
-5.737494
-6.026963
-6.310047
-6.578232
-6.855995
-7.119923
-7.376401
-7.635007
-7.888293
-8.135193
-8.384222
-8.598131
-8.834389
-9.115344
-9.302648
-9.541034
-9.798576
-9.977366
-10.162541
-10.406249
-10.618030
-10.797884
-10.911757
-11.199097
-11.338511
-11.461961
-11.641814
-11.878073
-12.069633
-12.235652
-12.449561
-12.582590
-12.775214
-12.965711
-13.088097
-13.238153
-13.421199
-13.584025
-13.745788
-13.872431
-14.048028
-14.188505
-14.320469
-14.470525
-14.631223
-14.820655
-14.906857
-15.070748
-15.233575
-15.399593
-15.514530
-15.575191
-15.757174
-15.921064
-15.989175
-16.066862
-16.244589
-16.194571
-16.368038
-16.628773
-16.523415
-16.761803
-16.859711
-16.918243
-17.071491
-17.187492
-17.296043
-17.409914
-17.502502
-17.600410
-17.702578
-17.804743
-17.898394
-18.004816
-18.126139
-18.144230
-18.340048
-18.396452
-18.474140
-18.478397
-18.592270
-18.747646
-18.763609
-18.810434
-18.881739
-18.940271
-18.761480
-18.607168
-18.478397
-18.285772
-18.077185
-17.774944
-17.471640
-17.125767
-16.703270
-16.361652
-15.959376
-15.537943
-15.092032
-14.576947
-14.095918
-13.607438
-13.085968
-12.568755
-12.056863
-11.520493
-10.983059
-10.426470
-9.868815
-9.314354
-8.754572
-8.195854
-7.640328
-7.090124
-6.549498
-6.019514
-5.504429
-4.996793
-4.558332
-4.156055
-3.828274
-3.373850
-3.205702
-3.050325
-2.878985
-2.832159
-2.750214
-2.714030
-2.712966
-2.721480
-2.751278
-2.797040
-2.859829
-2.942838
-3.037555
-3.139720
-3.254657
-3.380235
-3.516456
-3.662255
-3.815503
-3.980458
-4.140092
-4.301854
-4.477451
-4.659434
-4.838224
-5.028720
-5.213895
-5.415034
-5.595952
-5.796026
-5.995037
-6.088688
-6.344102
-6.388800
-6.222781
-6.146156
-6.138707
-5.975881
-5.876907
-5.688540
-5.479951
-5.241565
-5.012757
-4.743508
-4.435946
-4.129449
-3.810182
-3.476015
-3.137592
-2.786397
-2.440524
-2.095715
-1.744521
-1.390134
-1.041068
-0.696259
-0.352514
-0.010898
0.321140
0.651050
0.970317
1.282135
1.598210
1.911092
2.215461
2.508123
2.796528
3.081740
3.352053
3.648972
3.925671
4.192791
4.472682
4.747252
5.007987
5.271915
5.530522
5.782743
6.037093
6.295700
6.540472
6.788436
7.017244
7.252438
7.487632
7.723890
7.946313
8.169801
8.402865
8.607197
8.818978
9.038209
9.241475
9.435164
9.635239
9.827864
10.001332
10.190764
10.390839
10.582399
10.765446
10.960199
11.137925
11.322036
11.507211
11.675359
11.843506
11.996755
12.150002
12.303251
12.470335
12.624647
12.766190
12.907731
13.022668
13.238706
13.340871
13.465385
13.564358
13.698450
13.872983
14.023039
14.126269
14.294416
14.400839
14.547702
14.672216
14.792474
14.951043
15.101099
15.194751
15.308623
15.420367
15.518275
15.657689
15.783268
15.860956
15.992920
16.092957
16.196186
16.322830
16.420738
16.529289
16.648483
16.712336
16.797474
16.916668
16.973072
17.130577
17.108229
16.945402
16.592079
17.138025
17.056082
17.289146
17.391312
17.427496
17.549881
17.696745
17.678652
17.827644
17.891499
18.002176
18.153297
18.075609
18.099022
18.244820
18.307610
18.476822
18.515133
18.558767
18.677959
18.797153
18.843979
18.915281
18.851429
19.186659
18.926989
18.784382
19.104713
19.256899
19.189852
19.383541
19.388863
19.489964
19.417597
19.498478
19.642147
19.602772
19.725157
19.775177
19.822002
19.881599
19.909269
19.999727
20.063581
20.043362
20.032719
20.063581
20.292389
20.287069
20.359436
20.974558
20.014627
20.591436
20.587179
20.351986
20.533968
20.515877
20.323252
20.217894
19.959288
19.767727
19.547432
19.205816
18.842915
18.465115
18.008562
17.595642
17.151861
16.668703
16.194059
15.689616
15.173467
14.644547
14.109241
13.579257
13.048209
12.525675
12.005268
11.481669
10.947429
10.404674
9.858727
9.323421
8.777473
8.233654
7.697284
7.175814
6.654344
6.137130
5.624174
5.120795
4.630188
4.142773
3.667064
3.196676
2.746509
2.302727
1.863202
1.447090
1.022464
0.625508
0.213653
-0.163082
-0.553653
-0.929325
-1.268812
-1.625328
-2.027605
-2.317074
-2.646984
-3.000307
-3.271684
-3.595208
-3.917669
-4.213523
-4.502993
-4.797783
-5.077674
-5.356502
-5.636393
-5.923733
-6.196175
-6.468616
-6.739994
-7.081610
-7.262528
-7.392364
-7.480695
-7.591374
-7.440254
-7.380658
-7.276363
-7.126308
-6.927298
-6.704875
-6.498415
-6.247258
-5.934376
-5.637457
-5.310740
-4.977637
-4.629636
-4.268863
-3.908091
-3.547318
-3.180161
-2.809810
-2.439460
-2.074431
-1.713658
-1.355015
-1.003820
-0.652626
-0.308881
0.024221
0.353067
0.677656
1.004373
1.320447
1.593953
1.867459
1.775936
2.011130
2.195240
2.188855
2.132451
2.082433
1.978139
1.874909
1.707825
1.548192
1.364081
1.155493
0.930941
0.695747
0.454168
0.211525
-0.034311
-0.290789
-0.550460
-0.810131
-1.072995
-1.335858
-1.604043
-1.864778
-2.134027
-2.396891
-2.661883
-2.922618
-3.187610
-3.455795
-3.717594
-3.976201
-4.231615
-4.434882
-4.773306
-4.772242
-4.813746
-4.880793
-4.810554
-4.740315
-4.626443
-4.476387
-4.319946
-4.115614
-3.886806
-3.633521
-3.367464
-3.091830
-2.805553
-2.505442
-2.195752
-1.892448
-1.590208
-1.276262
-0.964444
-0.648369
-0.337615
-0.031118
0.266865
0.571233
0.877730
1.176777
1.477953
1.775936
2.066469
2.362324
2.646472
2.931684
3.126438
3.232860
3.572348
3.456347
3.605339
3.558513
3.465925
3.410586
3.281814
3.134951
2.956161
2.748638
2.542178
2.302727
2.048378
1.790835
1.519458
1.245952
0.961804
0.674463
0.384994
0.099781
-0.187560
-0.472772
-0.761177
-1.044261
-1.322024
-1.609364
-1.892448
-2.173404
-2.451166
-2.736379
-3.015206
-3.300418
-3.571795
-3.789962
-3.941082
-4.124128
-4.123064
-4.190110
-4.163505
-4.119872
-4.034733
-3.900641
-3.758035
-3.566474
-3.354694
-3.116307
-2.872600
-2.607608
-2.336230
-2.055275
-1.762613
-1.471015
-1.178353
-0.881434
-0.585580
-0.287597
0.004001
0.289213
0.577618
0.864959
1.153364
1.440705
1.723789
2.000487
2.287828
2.569848
2.843354
3.118988
3.399943
3.670257
3.942698
4.214076
4.472682
4.738739
4.993088
5.250631
5.497531
5.745495
5.988139
6.233975
6.472361
6.708619
6.948070
7.186456
7.413136
7.655779
7.880331
8.089983
8.316664
8.534829
8.749804
8.943493
9.149952
9.347898
9.549037
9.754432
9.957699
10.221627
10.341885
10.570693
10.757997
10.899538
11.073007
11.221998
11.421009
11.597670
11.709414
11.932901
12.046773
12.205342
12.384132
12.533124
12.699143
12.835364
12.975842
13.129090
13.245090
13.443036
13.565422
13.703772
13.853827
14.037938
14.071994
14.298674
14.389132
14.433830
14.637097
14.744584
14.862713
14.980842
15.156439
15.200072
15.328843
15.446973
15.581065
15.767304
15.831158
15.935452
16.089764
16.063158
16.067415
15.987598
15.886497
15.660882
15.478899
15.233063
14.969135
14.662639
14.311444
13.940030
13.600542
13.163145
12.780025
12.319215
11.871176
11.413559
10.929337
10.436601
9.935350
9.431972
8.921144
8.395416
7.876074
7.358861
6.841647
6.324434
5.818927
5.322998
4.828133
4.350296
3.878845
3.420164
2.973189
2.531536
2.101589
1.684412
1.270429
0.856445
0.463746
0.075304
-0.314202
-0.679232
-1.048518
-1.392262
-1.739200
-2.084009
-2.409662
-2.721480
-3.037555
-3.335538
-3.653741
-3.969816
-4.250771
-4.558332
-4.840352
-5.118115
-5.401199
-5.677897
-5.957788
-6.232358
-6.496286
-6.765535
-7.031592
-7.284877
-7.533906
-7.775485
-8.026642
-8.262900
-8.383158
-8.545984
-8.635379
-8.769471
-8.654535
-8.672626
-8.551305
-8.426791
-8.339524
-8.081982
-7.903192
-7.687154
-7.397685
-7.111409
-6.791077
-6.454782
-6.114230
-5.752393
-5.365015
-4.984023
-4.595581
-4.211395
-3.825081
-3.425997
-3.040747
-2.653369
-2.271312
-1.889256
-1.509327
-1.138977
-0.771819
-0.419561
-0.074752
0.263672
0.605288
0.938391
1.267236
1.590761
1.902579
2.226103
2.536857
2.836968
3.130694
3.425485
3.714954
4.001231
4.281122
4.558884
4.830262
5.104832
5.376209
5.643330
5.905129
6.157351
6.409572
6.652215
6.893795
7.136438
7.380145
7.632367
7.848404
8.078277
8.299636
8.518867
8.751932
8.945621
9.154209
9.337255
9.562872
9.772524
9.887461
9.902359
10.027938
10.019424
9.932158
9.969405
9.792745
9.596927
9.407495
9.168044
8.906244
8.606133
8.299636
7.978240
7.624917
7.253502
6.870381
6.477682
6.071148
5.653972
5.235732
4.812170
4.398186
3.983139
3.568091
3.165814
2.764601
2.368709
1.977074
1.597146
1.224667
0.860702
0.499930
0.137029
-0.206716
-0.534497
-0.798425
-0.955930
-1.156004
-1.219858
-1.264555
-1.297546
-1.256042
-1.212408
-1.124078
-0.999563
-0.848443
-0.677103
-0.500442
-0.323780
-0.126899
0.088075
0.308369
0.521214
0.739381
0.959675
1.186355
1.421549
1.651422
1.885551
2.122873
2.358067
2.607096
2.805042
3.002987
3.260530
3.514880
3.751138
3.986331
4.221525
4.438627
4.573783
4.585490
4.694041
4.662114
4.580169
4.508866
4.372645
4.219397
4.036350
3.810734
3.578733
3.328640
3.065777
2.782693
2.486838
2.186727
1.883423
1.573733
1.262979
0.949033
0.644665
0.341360
0.034863
-0.265248
-0.566424
-0.865471
-1.158133
-1.445474
-1.729622
-2.003128
-2.272377
-2.555460
-2.868343
-3.133335
-3.361079
-3.595208
-3.837852
-4.136899
-4.288019
-4.612608
-4.889307
-5.113858
-5.408648
-5.665127
-5.863072
-6.133386
-6.328139
-6.576103
-6.801719
-7.030528
-7.265721
-7.487080
-7.713760
-7.942568
-8.155414
-8.371451
-8.584296
-8.796077
-9.008922
-9.222831
-9.433547
-9.636814
-9.846467
-10.047606
-10.257257
-10.464782
-10.651021
-10.840453
-11.037334
-11.219317
-11.423649
-11.544971
-11.706733
-11.896165
-12.052606
-12.252680
-12.444241
-12.582590
-12.701783
-12.822041
-13.155143
-12.974224
-13.203032
-13.453126
-13.512722
-13.707476
-13.882009
-13.992688
-14.179992
-14.319406
-14.446048
-14.574820
-14.733389
-14.906857
-15.029243
-15.179299
-15.307006
-15.418750
-15.578383
-15.673100
-15.783779
-15.891266
-15.993431
-16.182863
-16.296736
-16.479782
-16.534058
-16.439342
-16.471268
-16.243525
-16.054092
-15.913614
-15.593283
-15.322969
-14.978161
-14.611003
-14.249166
-13.834119
-13.415878
-12.975288
-12.531507
-12.073890
-11.584347
-11.084161
-10.568011
-10.055055
-9.522943
-8.985509
-8.434240
-7.903192
-7.365758
-6.829389
-6.297276
-5.775806
-5.259657
-4.763728
-4.278441
-3.800604
-3.331281
-2.913040
-2.556525
-2.260670
-2.055275
-1.866907
-1.701952
-1.623199
-1.564667
-1.535933
-1.546575
-1.575309
-1.624264
-1.688117
-1.772191
-1.873292
-1.988229
-2.106358
-2.237257
-2.385185
-2.529919
-2.677846
-2.838544
-3.001371
-3.166326
-3.328088
-3.505814
-3.697374
-3.875100
-4.057082
-4.249707
-4.448717
-4.650920
-4.845673
-5.046812
-5.257528
-5.466116
-5.686411
-5.887550
-6.095074
-6.301533
-6.506929
-6.714453
-6.928362
-7.129500
-7.337024
-7.528585
-7.731852
-7.951082
-8.160735
-8.351231
-8.561948
-8.756701
-8.953582
-9.155785
-9.350538
-9.552741
-9.750687
-9.933733
-10.130615
-10.325368
-10.504158
-10.703168
-10.912821
-11.093739
-11.273593
-11.438548
-11.652457
-11.802512
-11.985559
-12.157964
-12.314404
-12.405929
-12.272901
-12.204790
-12.294185
-12.068569
-11.946183
-11.837632
-11.592860
-11.327868
-11.035206
-10.740416
-10.389221
-10.009294
-9.625108
-9.246243
-8.836517
-8.404442
-7.959596
-7.519007
-7.078418
-6.604837
-6.131257
-5.665127
-5.202189
-4.746700
-4.291212
-3.836788
-3.390877
-2.955609
-2.530983
-2.111679
-1.696631
-1.296482
-0.906976
-0.520662
-0.141798
0.227488
0.584004
0.937326
1.291713
1.635458
1.976010
2.306984
2.629444
2.939134
3.244567
3.544678
3.840533
4.140644
4.426920
4.699362
4.972868
5.245310
5.500724
5.744431
6.025387
6.290379
6.521316
6.783115
7.021502
7.280108
7.517430
7.747303
7.989946
8.216626
8.394352
8.621032
8.818978
9.009475
9.219127
9.441550
9.644817
9.827864
10.016232
10.231205
10.417444
10.581335
10.813336
11.013411
11.186879
11.381633
11.544458
11.715799
11.895653
12.064865
12.226627
12.406481
12.538445
12.688500
12.844942
12.973713
13.115255
13.258925
13.407917
13.561166
13.716542
13.847442
13.992177
14.098599
14.217793
14.348692
14.460436
14.562601
14.753098
14.820144
14.991484
15.155375
15.259668
15.362899
15.489541
15.561909
15.718349
15.871598
16.075930
16.172773
16.199379
16.389875
16.455858
16.529289
16.665510
16.748520
16.804924
16.857071
17.001806
17.019897
17.082687
17.283825
17.379606
17.437073
17.559460
17.617992
17.741442
17.799974
17.873405
17.902140
18.002176
18.091572
18.185225
18.283133
18.237371
18.287390
18.033039
17.888306
17.872341
17.597771
17.390247
17.116741
16.834723
16.542061
16.165325
15.774754
15.390569
14.978713
14.544510
14.091149
13.626083
13.153567
12.664023
12.145746
11.630661
11.105998
10.568564
10.020489
9.473476
8.929658
8.383710
7.834569
7.286493
6.745867
6.211626
5.684834
5.159107
4.655729
4.159800
3.676642
3.200933
2.733738
2.280379
1.841918
1.404521
0.977767
0.558462
0.154057
-0.246092
-0.644112
-1.027233
-1.395455
-1.765805
-2.128706
-2.488414
-2.835352
-3.196124
-3.526034
-3.849558
-4.178404
-4.474259
-4.782884
-5.095766
-5.390557
-5.702374
-5.974816
-6.252579
-6.520764
-6.803848
-7.031592
-7.272107
-7.541356
-7.795705
-8.003229
-8.225653
-8.467232
-8.687526
-8.893986
-9.114280
-9.339895
-9.559126
-9.762393
-9.996523
-10.187018
-10.392414
-10.601003
-10.796820
-10.977738
-11.183133
-11.361923
-11.555613
-11.737595
-11.930220
-12.128165
-12.301634
-12.469782
-12.646443
-12.820976
-13.006151
-13.181748
-13.307327
-13.496759
-13.690448
-13.675549
-14.044835
-14.077826
-14.207662
-14.434341
-14.514158
-14.608874
-14.839811
-14.748288
-14.568434
-14.633351
-14.487553
-14.382195
-14.243845
-13.962890
-13.650007
-13.377565
-13.154078
-12.769894
-12.395286
-12.034513
-11.637558
-11.244859
-10.810655
-10.356231
-9.918834
-9.445254
-8.959968
-8.495966
-7.997908
-7.509429
-7.019885
-6.530342
-6.040798
-5.554447
-5.075546
-4.613672
-4.154991
-3.709081
-3.262106
-2.831095
-2.475644
-2.174468
-1.976522
-1.707273
-1.545511
-1.406097
-1.346501
-1.257106
-1.239014
-1.267748
-1.314574
-1.382684
-1.462501
-1.557217
-1.672154
-1.800925
-1.937146
-2.086137
-2.242578
-2.410726
-2.579938
-2.758728
-2.941774
-3.129078
-3.325959
-3.521777
-3.721851
-3.928311
-4.135835
-4.345487
-4.551947
-4.762664
-4.978702
-5.190482
-5.388428
-5.774742
-5.689604
-5.937568
-5.835402
-5.863072
-5.841788
-5.689604
-5.611916
-5.425676
-5.205381
-4.998922
-4.744572
-4.465745
-4.182661
-3.885742
-3.569667
-3.251464
-2.920490
-2.590580
-2.269184
-1.943531
-1.608300
-1.275198
-0.950609
-0.633470
-0.317395
-0.004513
0.319012
0.630830
0.940519
1.250209
1.555641
1.865331
2.163314
2.448526
2.723096
2.792271
2.997666
3.117924
3.162621
3.101960
3.118988
3.018951
2.879537
2.737995
2.568784
2.384673
2.184598
1.967496
1.734431
1.485402
1.233181
0.975639
0.710646
0.439269
0.163635
-0.109871
-0.378056
-0.656883
-0.935710
-1.214537
-1.490171
-1.770062
-2.047825
-2.322395
-2.587387
-2.860893
-3.134399
-3.402584
-3.665447
-3.927247
-4.195432
-4.456167
-4.712645
-4.992537
-5.246886
-5.492722
-5.747072
-5.975881
-6.205753
-6.436690
-6.661242
-6.926233
-7.156106
-7.375337
-7.616916
-7.848917
-8.084110
-8.301212
-8.514057
-8.750315
-8.948260
-9.161106
-9.362245
-9.564447
-9.775164
-9.984816
-10.193404
-10.380708
-10.590361
-10.797884
-10.993702
-11.073519
-11.366180
-11.505594
-11.660971
-11.870623
-12.011101
-12.209046
-12.389965
-12.545341
-12.703912
-12.867802
-13.041270
-13.188134
-13.320098
-13.539328
-13.612760
-13.825604
-14.036322
-14.108688
-14.253423
-14.366231
-14.484360
-14.639737
-14.812141
-14.844069
-15.085648
-15.171849
-15.337869
-15.509209
-15.587961
-15.744403
-15.942348
-15.942348
-16.131781
-16.195635
-16.366974
-16.512774
-16.652187
-16.677729
-16.929949
-16.959747
-17.094904
-17.254538
-17.338612
-17.478025
-17.571676
-17.651495
-17.780266
-17.826027
-17.863276
-17.921806
-18.058027
-18.117624
-18.186800
-18.255974
-18.376232
-18.532673
-18.615683
-18.693371
-18.774252
-18.897701
-18.991354
-18.934950
-19.216969
-19.425558
-19.219097
-19.676714
-19.559650
-19.620310
-19.718220
-19.771431
-19.877853
-19.907652
-20.036423
-20.009817
-20.040680
-19.865082
-19.707577
-19.456419
-19.297850
-19.043501
-18.693371
-18.303864
-17.945221
-17.584448
-17.121510
-16.662828
-16.222240
-15.786972
-15.293171
-14.830234
-14.302378
-13.733017
-13.196648
-12.676242
-12.120716
-11.558805
-10.992638
-10.409442
-9.837953
-9.260078
-8.684334
-8.105395
-7.523264
-6.960289
-6.405828
-5.856687
-5.321382
-4.798847
-4.295469
-3.798476
-3.318510
-2.845994
-2.384120
-1.940338
-1.500813
-1.063417
-0.644112
-0.226936
0.172149
0.561655
0.949033
1.324704
1.688669
2.049442
2.403829
2.749702
3.095575
3.424421
3.747945
4.059763
4.366260
4.670628
4.951583
5.257016
5.547550
5.821055
6.064763
6.332948
6.583041
6.875702
7.098125
7.335448
7.561064
7.680257
7.833505
7.849469
7.851597
7.797321
7.712183
7.588733
7.421650
7.220511
6.982125
6.726711
6.454269
6.144580
5.815734
5.481567
5.133566
4.768537
4.393929
4.018258
3.645779
3.269044
2.889115
2.516637
2.160121
1.789771
1.430063
1.080997
0.743637
0.405214
0.062533
-0.279083
-0.597286
-0.919746
-1.226243
-1.550832
-1.867971
-2.152119
-2.440524
-2.759792
-3.048197
-3.301482
-3.578181
-3.857008
-4.132642
-4.376350
-4.659434
-4.904206
-5.147913
-5.411841
-5.662998
-5.919477
-6.167441
-6.414341
-6.655921
-6.896435
-7.151849
-7.377465
-7.610530
-7.840403
-8.068147
-8.299084
-8.520443
-8.724773
-8.926976
-9.153656
-9.369694
-9.580411
-9.785806
-9.985880
-10.204046
-10.414763
-10.608452
-10.794691
-10.997958
-11.191648
-11.383208
-11.582218
-11.775907
-11.974917
-12.177120
-12.359102
-12.490002
-12.698590
-12.757123
-12.963582
-13.179620
-13.282850
-13.457383
-13.509530
-13.756430
-13.855403
-14.002266
-14.148065
-14.276836
-14.439663
-14.565241
-14.714232
-14.853646
-14.983481
-15.113317
-15.243153
-15.354897
-15.493245
-15.620953
-15.768880
-15.863596
-15.979596
-16.125395
-16.270130
-16.306313
-16.467012
-16.655380
-16.667086
-16.784151
-16.939528
-16.920372
-17.171528
-17.283272
-17.217291
-17.512081
-17.546135
-17.600410
-17.736631
-17.826027
-17.924999
-18.017588
-18.179350
-18.238947
-18.258102
-18.341112
-18.453920
-18.527351
-18.611425
-18.701885
-18.765738
-18.843426
-18.948784
-19.004124
-19.125446
-19.161629
-19.277630
-19.462805
-19.641596
-19.603283
-19.708641
-19.774624
-19.868275
-19.944899
-20.074736
-20.084312
-20.043873
-20.105597
-20.189671
-20.234369
-20.310993
-20.341856
-20.413158
-20.481268
-20.538736
-20.596205
-20.655802
-20.694115
-20.697306
-20.768610
-20.856939
-20.934629
-20.995289
-20.948463
-21.006996
-21.175144
-21.082556
-21.127253
-21.294336
-21.110226
-20.944206
-21.319878
-20.753710
-20.685600
-20.665380
-20.487654
-20.279066
-20.001303
-19.726732
-19.376602
-19.026472
-18.676342
-18.292158
-17.862211
-17.422686
-16.939528
-16.481911
-15.988111
-15.499631
-14.947298
-14.399222
-13.909678
-13.346704
-12.764572
-12.194147
-11.649264
-11.043720
-10.441369
-9.857109
-9.273913
-8.693912
-8.114973
-7.534970
-6.963481
-6.410084
-6.004614
-5.740687
-5.314997
-4.775434
-4.643471
-4.328460
-4.092202
-3.968751
-3.827209
-3.752714
-3.694181
-3.650548
-3.636713
-3.638842
-3.659062
-3.700567
-3.746328
-3.815503
-3.888935
-3.969816
-4.077302
-4.183725
-4.290147
-4.425304
-4.565782
-4.690297
-4.852059
-5.008500
-5.161748
-5.350116
-5.532098
-5.648099
-5.846045
-5.992908
-6.112101
-6.284506
-6.473938
-6.643149
-6.831517
-7.002858
-7.179519
-7.373208
-7.567961
-7.754200
-7.946826
-8.153285
-8.346974
-8.544920
-8.721581
-8.836517
-8.987638
-9.263271
-9.222831
-9.674063
-9.719824
-9.931604
-10.196597
-10.314726
-10.526506
-10.717003
-10.879829
-11.060748
-11.218253
-11.385336
-11.567319
-11.736530
-11.919578
-12.079211
-12.235652
-12.398479
-12.543213
-12.690077
-12.859288
-12.945491
-13.129601
-13.331804
-13.240281
-13.404172
-13.628723
-13.717053
-13.907550
-14.040578
-14.175735
-14.332176
-14.546085
-14.704655
-14.720618
-14.998381
-14.982417
-15.089904
-15.253795
-15.252730
-15.253795
-15.414493
-15.582641
-15.681613
-15.840183
-15.965761
-16.074312
-16.200954
-16.340368
-16.481911
-16.578754
-16.707527
-16.935270
-16.981031
-16.912922
-16.978903
-17.095968
-17.251345
-17.367346
-17.409914
-17.540815
-17.637659
-17.719604
-17.812193
-17.878174
-17.953733
-18.133589
-18.232561
-18.413479
-18.580563
-18.615683
-18.643353
-18.797665
-18.782766
-18.913666
-19.001995
-19.041372
-19.124382
-19.114803
-19.293594
-19.303171
-19.397888
-19.456419
-19.586256
-19.693743
-19.722477
-19.807613
-19.827835
-19.953413
-19.958735
-20.010881
-20.191799
-20.163065
-20.217340
-20.275873
-20.639839
-21.053822
-21.140024
-20.765417
-21.062336
-20.960171
-21.044245
-21.055950
-21.138960
-21.286888
-21.228355
-21.301786
-21.284760
-21.331585
-21.335842
-21.419916
-21.501862
-21.509310
-21.558264
-21.606155
-21.664686
-21.665751
-21.704063
-21.939257
-22.164873
-21.932873
-22.143589
-22.215956
-22.070156
-22.250011
-22.202122
-22.159552
-22.263845
-22.231918
-22.278746
-22.279810
-22.350048
-22.352177
-22.416031
-22.419222
-22.506489
-22.478819
-22.518196
-22.589499
-22.589499
-22.569279
-22.602270
-22.676765
-22.649096
-22.720398
-22.633133
-22.524582
-22.805536
-22.632069
-22.774673
-22.776802
-22.881096
-22.792767
-22.922602
-22.901318
-22.751261
-22.794895
-22.955593
-22.955593
-22.989647
-22.853426
-22.646967
-22.515003
-22.357498
-22.058451
-21.759403
-21.467806
-21.112354
-20.845234
-20.545122
-20.078991
-19.620310
-19.159502
-18.677406
-18.154873
-17.627016
-17.114059
-16.548956
-15.985982
-15.425135
-14.848325
-14.265130
-13.663842
-13.059362
-12.460204
-11.853596
-11.234217
-10.608452
-9.996523
-9.383529
-8.766278
-8.156478
-7.551998
-6.967738
-6.394121
-5.827953
-5.274556
-4.733930
-4.203945
-3.701631
-3.213152
-2.729993
-2.261734
-1.815824
-1.373106
-0.945288
-0.525983
-0.115192
0.278571
0.664885
1.043749
1.411971
1.779129
2.136708
2.478324
2.825262
3.158364
3.485081
3.808606
4.128938
4.439691
4.736610
5.032465
5.321934
5.609274
5.897680
6.181828
6.451077
6.716069
6.967226
7.209869
7.466348
7.703670
7.944185
8.197470
8.435857
8.671050
8.927529
9.154209
9.357476
9.556486
9.741661
9.961956
10.162030
10.350398
10.535573
10.726069
10.927208
11.110255
11.286917
11.478477
11.659395
11.812644
11.973342
12.119141
12.271324
12.428830
12.573565
12.735327
12.873676
13.050338
13.190815
13.331293
13.479220
13.629276
13.782524
13.915552
14.054966
14.206086
14.324215
14.426380
14.564730
14.693501
14.798860
14.974457
15.108549
15.210714
15.286275
15.380990
15.558716
15.665138
15.849250
15.931195
16.004627
16.090828
16.170645
16.291967
16.356884
16.482464
16.646355
16.685730
16.816629
16.816629
16.936888
17.022026
17.096521
17.199751
17.366835
17.519018
17.548817
17.650982
17.737185
17.768047
17.795717
17.824451
17.920231
18.034103
18.093700
18.312931
18.224600
18.451281
18.474693
18.531097
18.624748
18.627941
18.756712
18.501299
18.966366
18.773741
18.708822
18.875906
18.934439
19.042990
19.077044
19.117485
19.216457
19.315432
19.532534
19.449524
19.706001
19.714516
19.684717
20.140205
19.968864
20.000792
20.030590
20.017820
20.140205
20.185966
20.122114
20.038040
20.273233
20.497786
20.450958
20.514812
20.553125
20.566959
20.585051
20.591436
20.664869
20.677639
20.694666
20.764906
20.760649
20.907511
20.820246
20.875586
20.959660
20.777676
21.036283
21.025640
21.099072
21.236357
21.240614
21.203367
21.352358
21.348101
21.366192
21.364065
21.338522
21.360872
21.401312
21.426853
21.477936
21.507734
21.465166
21.589680
21.808910
21.877020
21.734415
21.780176
21.931295
21.798267
21.811039
21.863186
21.905754
21.928104
21.925976
22.015369
22.171812
22.171812
21.970673
21.898306
22.012177
22.043039
22.027077
22.069645
22.110086
22.197353
22.225023
22.215445
22.392105
22.255884
22.388912
22.296326
22.105829
22.127113
21.848288
21.515184
21.301275
20.991585
20.682961
20.366886
19.933746
19.488899
19.040861
18.580051
18.087315
17.579679
17.065659
16.521839
15.971636
15.409724
14.829721
14.249720
13.679295
13.099292
12.502261
11.911616
11.331614
10.750546
10.162030
9.576707
8.998833
8.417765
7.854790
7.271595
6.742674
6.280801
5.875331
5.420907
5.067584
4.920721
4.713197
4.491838
4.314113
4.198112
4.105525
4.022515
3.975689
3.945891
3.946955
3.945891
3.965047
4.001231
4.053378
4.117231
4.184278
4.265159
4.370516
4.470554
4.594004
4.718518
4.843032
4.986703
5.132502
5.293200
5.445384
5.608211
5.782743
5.950891
6.123295
6.314856
6.468104
6.514930
6.588362
6.621353
6.477682
6.338269
6.228653
6.063699
5.899808
5.665679
5.418778
5.154850
4.868574
4.567398
4.240681
3.912900
3.581926
3.242438
2.902950
2.554949
2.210140
1.867459
1.523715
1.181034
0.840482
0.510572
0.187048
-0.144991
-0.468515
-0.789911
-1.105986
-1.418868
-1.733879
-2.039311
-2.330909
-2.645920
-2.780012
-2.961994
-2.997114
-3.084380
-3.084380
-3.037555
-2.964123
-2.849187
-2.706580
-2.543754
-2.346872
-2.140413
-1.916925
-1.679603
-1.433767
-1.173032
-0.906976
-0.641984
-0.378056
-0.100293
0.171084
0.441397
0.709582
0.973510
1.242759
1.501366
1.766358
2.030286
2.291021
2.549628
2.815684
3.078547
3.328640
3.593632
3.900129
3.888423
4.085304
4.210883
4.123617
4.148094
4.057634
3.949084
3.837340
3.661743
3.477632
3.265851
3.041300
2.797592
2.537921
2.269736
1.994102
1.709954
1.419420
1.127823
0.831968
0.537178
0.237066
-0.059853
-0.355707
-0.650497
-0.942095
-1.235821
-1.527419
-1.816888
-2.105293
-2.395827
-2.683167
-2.958802
-3.237629
-3.446217
-3.551575
-3.636713
-3.832531
-3.803797
-3.795283
-3.715466
-3.643099
-3.538805
-3.361079
-3.169518
-2.955609
-2.723608
-2.483093
-2.221294
-1.954173
-1.682796
-1.408226
-1.132591
-0.854829
-0.579194
-0.305689
-0.028990
0.244516
0.518022
0.791528
1.068226
1.337475
1.600339
1.862138
2.132451
2.402765
2.670949
2.938070
3.203062
3.420164
3.523394
3.681963
3.724532
3.792643
3.770294
3.675578
3.606403
3.481889
3.323319
3.141337
2.927428
2.707133
2.468746
2.213332
1.953661
1.680156
1.398136
1.110795
0.823454
0.530792
0.238130
-0.046018
-0.329102
-0.624956
-0.914425
-1.206023
-1.499749
-1.783897
-2.079752
-2.355386
-2.637406
-2.921554
-3.205702
-3.469630
-3.746328
-4.021963
-4.258221
-4.507250
-4.794590
-5.073418
-5.338409
-5.552319
-5.821568
-6.075918
-6.314304
-6.531406
-6.774049
-7.006051
-7.243372
-7.454089
-7.682898
-7.907449
-8.111780
-8.343781
-8.532149
-8.742866
-8.948260
-9.154720
-9.364373
-9.562319
-9.769842
-9.965660
-10.150835
-10.387094
-10.549920
-10.715939
-10.911757
-11.094803
-11.300199
-11.449190
-11.518365
-11.556677
-11.556677
-11.533263
-11.424713
-11.328933
-11.175684
-10.970288
-10.740416
-10.491387
-10.270028
-9.999715
-9.563383
-9.267529
-8.881214
-8.491709
-8.095817
-7.658421
-7.223152
-6.785756
-6.336653
-5.884357
-5.420355
-4.961674
-4.508314
-4.059211
-3.620750
-3.180161
-2.757663
-2.344744
-1.933953
-1.536997
-1.144298
-0.746278
-0.372735
0.005065
0.369030
0.738316
1.092703
1.437512
1.779129
2.118616
2.447462
2.777372
3.100896
3.414843
3.723468
4.026772
4.324755
4.615288
4.899436
5.193162
5.474118
5.749753
6.011552
6.274415
6.540472
6.784179
7.040658
7.284365
7.518495
7.762202
7.995267
8.227268
8.456077
8.681693
8.904117
9.108447
9.345770
9.528816
9.653331
9.745918
9.709735
9.706542
9.609697
9.445807
9.273402
9.090356
8.838134
8.563563
8.270902
7.951634
7.614275
7.249246
6.866125
6.472361
6.070084
5.655036
5.238924
4.820684
4.404572
3.984203
3.568091
3.156236
2.753959
2.347425
1.949405
1.557770
1.174649
0.797913
0.421177
0.061469
-0.290789
-0.632406
-0.972958
-1.316702
-1.639163
-1.945660
-2.258542
-2.570360
-2.863022
-3.122693
-3.463245
-3.749521
-4.036862
-4.326331
-4.607287
-4.893563
-5.174519
-5.441639
-5.703439
-5.969495
-6.227037
-6.480323
-6.734673
-6.979445
-7.238051
-7.490273
-7.728659
-7.967046
-8.205432
-8.433176
-8.655600
-8.873765
-9.097252
-9.312225
-9.545291
-9.759200
-9.948632
-10.266836
-10.265772
-10.326432
-10.353038
-10.290249
-10.218946
-10.062505
-9.949697
-9.781549
-9.538906
-9.292006
-9.011050
-8.717324
-8.375709
-8.029835
-7.678641
-7.296584
-6.893242
-6.479259
-6.063147
-5.643842
-5.224537
-4.791398
-4.362515
-3.941082
-3.519649
-3.104601
-2.691681
-2.288340
-1.887127
-1.491235
-1.108114
-0.729250
-0.350386
0.017836
0.367966
0.715968
1.065033
1.403457
1.742945
2.074983
2.399572
2.713518
3.027465
3.332897
3.631944
3.916093
4.202369
4.486517
4.769601
5.048428
5.324062
5.587990
5.858303
6.126488
6.382967
6.641573
6.893795
7.150273
7.387595
7.628110
7.861175
8.097433
8.303893
8.546536
8.789180
8.988190
9.220191
9.438357
9.643753
9.847020
10.041773
10.235462
10.421701
10.599427
10.772896
10.958071
11.133668
11.334806
11.533816
11.715799
11.869047
12.053159
12.211728
12.363913
12.532060
12.709785
12.880061
13.000319
13.141861
13.312137
13.410046
13.577128
13.756983
13.924067
14.001755
14.239077
14.295481
14.424253
14.601977
14.583886
14.730749
14.894640
14.982970
15.134090
15.210714
15.287338
15.305430
15.231999
15.100035
14.996805
14.797795
14.589207
14.339114
14.053902
13.753790
13.401531
13.051402
12.678923
12.256426
11.845634
11.421009
10.982548
10.534509
10.071571
9.608633
9.145696
8.669986
8.190021
7.703670
7.211998
6.725647
6.243553
5.766780
5.293200
4.823876
4.362003
3.908643
3.461668
3.020015
2.536857
2.167571
2.113295
1.703569
1.565219
1.471568
1.393879
1.364081
1.343860
1.367273
1.409842
1.468375
1.548192
1.643972
1.749330
1.867459
1.987717
2.123937
2.270801
2.422985
2.584747
2.752895
2.924235
3.100896
3.279686
3.459540
3.644715
3.836276
4.031029
4.236424
4.453526
4.657857
4.863253
5.075034
5.279365
5.487953
5.694413
5.904065
6.096690
6.318048
6.537279
6.723518
6.907629
7.116218
7.315228
7.504660
7.691963
7.869689
8.074020
8.294314
8.481618
8.682756
8.862612
9.065879
9.256374
9.390467
9.558615
9.735276
9.908745
10.085406
10.247169
10.375939
10.548344
10.718620
10.889960
11.061300
11.227320
11.410366
11.587028
11.749854
11.906296
12.059544
12.217049
12.364976
12.529931
12.640611
12.783216
12.937530
13.095035
13.134411
13.287660
13.559037
13.629276
13.852763
13.999626
14.011333
14.248655
14.268875
14.408289
14.511518
14.594528
14.735005
14.825465
14.964878
15.079815
15.169209
15.319265
15.289467
15.462935
15.562973
15.669395
15.800295
15.877984
16.063158
16.148296
16.276003
16.267490
16.215343
15.969507
15.929067
15.930131
15.496991
15.200072
15.080879
14.891447
14.414674
14.128398
13.834671
13.397275
12.964135
12.538445
12.069121
11.617890
11.138989
10.635611
10.136489
9.626725
9.106319
8.583784
8.053800
7.523816
6.998088
6.483004
5.966854
5.458155
4.956904
4.463104
3.984203
3.520201
3.062584
2.621995
2.294214
2.172892
1.805734
1.736560
1.573733
1.482210
1.444962
1.418356
1.417292
1.452411
1.499237
1.574797
1.653550
1.739752
1.845111
1.972818
2.106910
2.239938
2.381480
2.536857
2.698619
2.862510
3.030657
3.199869
3.382916
3.565963
3.752202
3.942698
4.139580
4.334333
4.535471
4.740867
4.949455
5.142080
5.331512
5.374081
5.393237
5.618853
5.401751
5.377274
5.281493
5.150594
4.996281
4.793014
4.571655
4.341783
4.093818
3.830955
3.548935
3.266915
2.962547
2.667757
2.365517
2.055827
1.752523
1.452411
1.151236
0.846867
0.537178
0.230681
-0.071559
-0.375927
-0.683488
-0.985728
-1.286904
-1.590208
-1.888191
-2.186174
-2.472451
-2.761920
-3.054582
-3.333409
-3.617557
-3.900641
-4.169890
-4.444460
-4.716902
-4.995729
-5.259657
-5.524649
-5.782191
-6.039734
-6.285570
-6.542048
-6.777242
-7.015628
-7.249758
-7.487080
-7.716953
-7.962789
-8.205432
-8.365066
-8.638572
-8.862059
-9.033399
-9.297327
-9.499530
-9.688961
-9.916706
-10.108266
-10.304084
-10.460525
-10.678691
-10.857481
-10.922399
-11.077775
-11.217189
-11.279978
-11.193776
-11.083097
-10.956453
-10.857481
-10.603131
-10.380708
-10.060376
-9.815604
-9.497401
-9.193032
-8.801397
-8.444882
-8.092625
-7.675448
-7.249758
-6.826196
-6.398378
-5.963109
-5.521456
-5.069160
-4.643471
-4.207138
-3.770806
-3.342987
-2.921554
-2.502249
-2.092523
-1.697695
-1.312446
-0.927196
-0.553653
-0.349322
0.024221
0.291342
0.221103
0.326461
0.552077
0.638279
0.595710
0.641472
0.561655
0.522279
0.427563
0.309434
0.204075
0.057212
-0.094972
-0.256734
-0.421689
-0.597286
-0.788847
-0.986793
-1.184739
-1.393327
-1.606172
-1.830723
-2.055275
-2.280890
-2.505442
-2.732122
-2.960930
-3.185482
-3.415354
-3.652677
-3.883614
-4.113486
-4.310368
-4.345487
-4.487030
-4.675397
-4.561525
-4.497672
-4.439139
-4.311432
-4.183725
-4.011321
-3.821888
-3.584566
-3.342987
-3.089702
-2.819388
-2.542690
-2.250028
-1.947788
-1.646612
-1.348629
-1.046389
-0.744149
-0.439781
-0.141798
0.157249
0.450976
0.746830
1.040556
1.330026
1.609917
1.891936
2.170763
2.442141
2.724160
2.997666
3.264787
3.531907
3.794771
4.050185
4.302406
4.564206
4.826005
5.082483
5.337897
5.592247
5.838083
6.099883
6.330819
6.559628
6.793757
7.023630
7.240732
7.468476
7.673872
7.875010
8.104882
8.328370
8.558243
8.748739
8.961584
9.165915
9.351090
9.580963
9.771460
9.940672
10.114141
10.290802
10.468527
10.634546
10.815465
10.887832
10.906988
11.037888
10.965520
10.917630
10.861226
10.682436
10.536637
10.335499
10.096048
9.842763
9.546908
9.246797
8.929658
8.574206
8.201727
7.820735
7.428035
7.020437
6.593683
6.164800
5.738046
5.305971
4.879216
4.451397
4.026772
3.610660
3.196676
2.788014
2.382544
1.979203
1.586504
1.198062
0.817069
0.432884
0.069983
-0.286533
-0.640919
-0.986793
-1.331602
-1.671089
-1.995678
-2.329845
-2.655498
-2.976894
-3.291904
-3.601594
-3.908091
-4.222037
-4.516828
-4.809490
-5.097895
-5.370337
-5.656613
-5.917348
-6.182340
-6.442011
-6.674012
-6.958160
-7.219960
-7.446640
-7.710567
-7.940440
-8.201176
-8.382093
-8.512993
-8.790755
-8.964224
-9.245179
-9.485695
-9.535713
-9.704925
-9.973109
-10.141257
-10.364744
-10.550983
-10.756379
-10.943683
-11.146950
-11.336382
-11.515172
-11.699283
-11.882330
-12.049413
-12.229267
-12.389965
-12.560241
-12.739031
-12.888022
-13.022115
-13.234960
-13.372245
-13.525493
-13.664907
-13.825604
-13.974596
-14.135294
-14.364102
-14.473718
-14.541828
-14.608874
-14.818526
-15.023922
-15.059042
-15.341062
-15.291042
-15.353832
-15.533686
-15.675228
-15.547521
-15.415557
-15.173978
-15.059042
-14.772765
-14.450305
-14.160835
-13.829862
-13.462704
-13.091290
-12.695397
-12.295249
-11.845081
-11.384273
-10.942618
-10.464782
-9.983752
-9.496337
-8.998280
-8.501287
-7.994716
-7.477502
-6.969867
-6.468616
-5.968431
-5.472502
-4.987215
-4.513635
-4.046440
-3.587759
-3.140784
-2.702324
-2.275569
-1.858393
-1.448666
-1.051710
-0.662204
-0.275890
0.096589
0.462682
0.829840
1.175713
1.523715
1.869588
2.190984
2.523022
2.838032
3.145594
3.443577
3.747945
4.050185
4.324755
4.606774
4.894115
5.164429
5.435806
5.702927
5.958341
6.225461
6.471297
6.713940
6.960841
7.187521
7.395044
7.624917
7.821799
7.971854
8.234718
8.267709
8.266644
8.278351
8.216626
8.114461
7.966533
7.793065
7.590862
7.346090
7.087483
6.808656
6.505352
6.182892
5.844469
5.499660
5.143144
4.771729
4.397122
4.023580
3.651101
3.275429
2.904015
2.533664
2.162250
1.795092
1.433255
1.080997
0.734059
0.386058
0.044442
-0.285468
-0.619635
-0.942095
-1.252849
-1.383749
-1.754099
-1.767934
-1.813696
-1.917990
-1.915861
-1.837108
-1.760484
-1.633842
-1.483786
-1.345437
-1.157069
-0.964444
-0.766498
-0.554717
-0.333358
-0.096036
0.134901
0.367966
0.598903
0.838354
1.079933
1.316191
1.556705
1.796156
2.048378
2.299535
2.542178
2.791207
3.029593
3.281814
3.530843
3.772422
4.015066
4.249195
4.497159
4.731289
4.967547
5.196355
5.424099
5.647587
5.887037
6.106268
6.330819
6.571334
6.770344
7.015116
7.243925
7.439742
7.660037
7.882460
8.091047
8.284737
8.486939
8.714684
8.891345
9.100998
9.241475
9.502211
9.686321
9.860854
10.037516
10.204599
10.396160
10.569629
10.735648
10.905924
11.098549
11.241155
11.373118
11.567872
11.755176
11.912681
12.089342
12.247911
12.397967
12.529931
12.686373
12.814079
12.957749
13.087585
13.216356
13.387697
13.566486
13.639918
13.809130
13.951736
14.133718
14.201829
14.323151
14.484913
14.597721
14.795667
14.894640
15.020218
15.175595
15.196879
15.339486
15.499120
15.561909
15.672588
15.769433
15.871598
15.986534
16.090828
16.180223
16.240885
16.409033
16.477142
16.602720
16.685730
16.793217
16.871969
16.954979
17.120998
17.149733
17.163568
17.338100
17.441330
17.537111
17.908525
17.705257
18.049004
17.830837
18.123499
18.195866
18.117113
18.232050
18.338472
18.419353
18.491720
18.491720
18.477886
18.574730
18.652418
18.715208
18.810987
18.922731
18.918474
19.040861
18.911026
18.846107
18.884420
18.550253
18.428932
18.246948
17.959608
17.596706
17.182724
16.875162
16.456923
16.012075
15.608735
15.211779
14.735005
14.219921
13.700579
13.195072
12.652317
12.120205
11.562551
11.000640
10.436601
9.868304
9.302136
8.733840
8.162351
7.603632
7.043850
6.484067
5.941313
5.414521
4.893051
4.388608
3.920350
3.474439
3.271172
3.016822
2.700747
2.625188
2.451719
2.391058
2.324012
2.303792
2.327204
2.354874
2.398508
2.454911
2.521958
2.610288
2.717775
2.826326
2.940198
3.060456
3.193484
3.332897
3.480824
3.636201
3.791578
3.960790
4.142773
4.320498
4.504609
4.698298
4.877088
5.069713
5.278301
5.464540
5.643330
5.833826
6.028579
6.226525
6.415957
6.600068
6.796950
6.991703
7.156658
7.324806
7.573834
7.743046
7.935671
8.133616
8.303893
8.507159
8.687014
8.883896
9.071199
9.264889
9.445807
9.620339
9.799129
9.973662
10.167352
10.350398
10.521738
10.690950
10.868676
11.037888
11.195393
11.348641
11.509339
11.649817
11.808387
11.945672
12.085085
12.193636
12.076571
12.178737
12.038260
11.845634
11.712606
11.472092
11.280531
11.021924
10.711170
10.406802
10.083278
9.728890
9.353219
8.965841
8.564628
8.158093
7.723890
7.293943
6.857611
6.419150
5.977497
5.535843
5.096318
4.667435
4.246003
3.821377
3.396751
2.988088
2.580490
2.179277
1.781257
1.407714
1.032043
0.668077
0.609545
0.273250
-0.041761
0.045506
-0.061981
-0.123706
-0.118385
-0.088587
-0.021540
0.063598
0.164699
0.286021
0.431819
0.573361
0.729803
0.897950
1.073547
1.250209
1.438576
1.628009
1.813184
2.016451
2.223975
2.425113
2.629444
2.853996
3.065777
3.275429
3.480824
3.696862
3.922478
4.136387
4.351361
4.566334
4.741931
4.828133
4.771729
4.872831
4.881345
4.773858
4.668499
4.557820
4.404572
4.232168
4.007616
3.774551
3.515944
3.243502
2.955097
2.659243
2.359131
2.054763
1.748266
1.441769
1.126758
0.828775
0.528664
0.222167
-0.074752
-0.367414
-0.655819
-0.937838
-1.223051
-1.509327
-1.795604
-2.081880
-2.357515
-2.633149
-2.900270
-3.174839
-3.355758
-3.507942
-3.545190
-3.594144
-3.509006
-3.495171
-3.440896
-3.268491
-3.114179
-2.941774
-2.734250
-2.519277
-2.287276
-2.054210
-1.803053
-1.540190
-1.270941
-1.007013
-0.740957
-0.473836
-0.210973
0.061469
0.336039
0.601031
0.871345
1.137401
1.406650
1.669513
1.928120
2.180341
2.441077
2.694362
2.948712
3.192420
3.462733
3.719211
3.900129
4.185342
4.417343
4.664243
4.912207
5.134630
5.379402
5.629495
5.855111
6.071148
6.299957
6.520251
6.735225
6.944877
7.165172
7.349283
7.565320
7.769652
7.975047
8.176186
8.380517
8.589105
8.798758
8.994576
9.190392
9.371311
9.568192
9.784230
9.984304
10.155645
10.335499
10.515353
10.692015
10.823978
10.775024
10.817593
10.905924
10.792051
10.757997
10.552601
10.447243
10.218434
9.957699
9.720377
9.431972
9.138246
8.825363
8.479490
8.118717
7.748367
7.355668
6.948070
6.533022
6.107332
5.679513
5.257016
4.826005
4.398186
3.973561
3.552128
3.131759
2.722032
2.319755
1.911092
1.518393
1.134208
0.756408
0.379672
-0.008770
-0.304624
-0.481286
-0.655819
-0.871856
-0.813324
-0.892077
-0.870792
-0.816517
-0.755856
-0.640919
-0.511084
-0.371671
-0.217358
-0.057724
0.120001
0.311562
0.505251
0.712775
0.912849
1.118245
1.327897
1.540742
1.758908
1.971753
2.195240
2.424049
2.658179
2.889115
3.120052
3.352053
3.582990
3.817120
4.045928
4.268351
4.510994
4.722775
4.953712
5.187841
5.403879
5.609274
5.819991
6.023258
6.240360
6.430856
6.656472
6.875702
7.081098
7.272658
7.459962
7.656844
7.870753
8.056993
8.240039
8.431600
8.652959
8.836006
9.021181
9.234026
9.408559
9.586285
9.771460
9.939608
10.125847
10.331243
10.495132
10.678180
10.829300
10.971906
11.145374
11.364605
11.464642
11.365669
11.399724
11.406110
11.294366
11.115576
10.942107
10.745226
10.510032
10.236526
9.931093
9.619275
9.280852
8.912630
8.526316
8.128296
7.719633
7.290751
6.856546
6.409572
5.960469
5.507109
5.054813
4.606774
4.171507
3.731982
3.297778
2.873152
2.459168
2.053699
1.653550
1.261915
0.880922
0.502058
0.133836
-0.221615
-0.583451
-0.927196
-1.273069
-1.612557
-1.937146
-2.268120
-2.588451
-2.897077
-3.203574
-3.501557
-3.797411
-4.091137
-4.388056
-4.678590
-4.962738
-5.241565
-5.510814
-5.784320
-6.053569
-6.324946
-6.596323
-6.842160
-7.105023
-7.351923
-7.603081
-7.876586
-8.130937
-8.374644
-8.592810
-8.796077
-9.046169
-9.235601
-9.432484
-9.560190
-9.798576
-9.799641
-9.865623
-9.729402
-9.773035
-9.638943
-9.466538
-9.286684
-9.055747
-8.838646
-8.558755
-8.246937
-7.935119
-7.610530
-7.257207
-6.885793
-6.490965
-6.091881
-5.686411
-5.279877
-4.869086
-4.456167
-4.044312
-3.638842
-3.245078
-2.840673
-2.445845
-2.057403
-1.681732
-1.311381
-0.941031
-0.577066
-0.216294
0.128515
0.343489
0.371159
0.835161
0.853253
0.961804
1.034171
1.011822
1.010758
0.940519
0.834097
0.724481
0.584004
0.439269
0.276443
0.095524
-0.088587
-0.284404
-0.488735
-0.697323
-0.911233
-1.121949
-1.336923
-1.564667
-1.793475
-2.027605
-2.258542
-2.497992
-2.739572
-2.972637
-3.213152
-3.453666
-3.698438
-3.937889
-4.168826
-4.394442
-4.629636
-4.858444
-5.085124
-5.311804
-5.548062
-5.760907
-5.988651
-6.215331
-6.438818
-6.661242
-6.850674
-7.101830
-7.327446
-7.522200
-7.753137
-7.971303
-8.189468
-8.396993
-8.614095
-8.822682
-9.024885
-9.237730
-9.420776
-9.621915
-9.820926
-10.012486
-10.213624
-10.421148
-10.599938
-10.785113
-10.973481
-11.150143
-11.300199
-11.581154
-11.673741
-11.790806
-11.936605
-11.911063
-11.707797
-11.800385
-11.594989
-11.511979
-11.351281
-11.117151
-10.881958
-10.623351
-10.344524
-10.021000
-9.691090
-9.344152
-8.981252
-8.589618
-8.172441
-7.749944
-7.314676
-6.873022
-6.418598
-5.957788
-5.489530
-5.035105
-4.588131
-4.141156
-3.698438
-3.266363
-2.850251
-2.437331
-2.027605
-1.626392
-1.236886
-0.856957
-0.541947
-0.245028
0.029542
0.062533
0.135965
0.248773
0.232809
0.253030
0.206204
0.131708
0.034863
-0.077944
-0.207780
-0.350386
-0.513213
-0.685617
-0.871856
-1.062353
-1.259234
-1.461437
-1.667897
-1.878613
-2.092523
-2.308560
-2.521405
-2.745957
-2.971573
-3.198252
-3.424932
-3.649484
-3.869779
-4.094330
-4.319946
-4.545562
-4.772242
-4.997858
-5.222409
-5.445896
-5.664062
-5.887550
-6.117423
-6.306854
-6.544177
-6.781499
-6.981573
-7.217831
-7.398749
-7.575411
-7.820183
-8.020257
-8.229909
-8.444882
-8.643893
-8.855673
-9.048298
-9.249436
-9.472924
-9.646393
-9.831568
-10.015678
-10.237038
-10.416891
-10.626544
-10.809590
-10.951133
-11.165042
-11.322547
-11.482181
-11.650329
-11.829118
-11.995137
-12.156899
-12.323983
-12.468718
-12.652828
-12.823105
-12.921013
-13.166849
-13.265822
-13.393529
-13.378630
-13.658522
-14.037385
-14.036322
-14.331112
-14.224689
-14.498195
-14.691884
-14.686563
-14.800435
-14.967518
-15.059042
-15.221868
-15.345318
-15.465575
-15.512402
-15.653943
-15.872109
-15.993431
-16.039192
-16.209469
-16.294607
-16.408480
-16.526608
-16.625582
-16.760738
-16.860775
-17.055529
-16.712847
-16.762867
-16.498938
-16.227560
-16.023230
-15.767816
-15.497502
-15.184620
-14.850453
-14.465204
-14.111881
-13.764944
-13.338189
-12.842260
-12.403800
-11.969596
-11.456639
-10.977738
-10.494580
-9.976302
-9.469731
-8.950389
-8.422534
-7.901064
-7.375337
-6.851737
-6.337717
-5.833274
-5.339474
-4.852059
-4.371029
-3.898513
-3.435575
-2.985408
-2.543754
-2.114871
-1.685989
-1.268812
-0.870792
-0.477029
-0.092844
0.291342
0.662756
1.032043
1.389622
1.740816
2.076047
2.399572
2.716711
3.032786
3.337154
3.645779
3.945891
4.244938
4.535471
4.820684
5.105896
5.371953
5.650779
5.916836
6.181828
6.441499
6.694784
6.937428
7.184328
7.436549
7.673872
7.920772
8.160222
8.378388
8.600812
8.801950
9.010539
9.209549
9.386210
9.557550
9.759753
9.937479
10.143938
10.344013
10.525995
10.728198
10.955942
11.117704
11.278402
11.468899
11.628532
11.820093
11.964828
12.120205
12.286223
12.433086
12.576757
12.699143
12.868355
13.001383
13.133347
13.278082
13.427073
13.587771
13.729313
13.862341
14.062415
14.183737
14.058159
13.797423
13.911296
13.679295
13.549459
13.331293
13.134411
12.911988
12.620391
12.301123
11.978662
11.621083
11.248604
10.854841
10.432343
10.004525
9.568192
9.110576
8.641253
8.169801
7.688771
7.203484
6.710748
6.223332
5.740174
5.260209
4.785564
4.317306
3.870331
3.420164
2.975318
2.546435
2.127130
1.709954
1.298099
0.900079
0.506315
0.120001
-0.255670
-0.627085
-0.987857
-1.342244
-1.700888
-2.041440
-2.371350
-2.698067
-3.015206
-3.335538
-3.648420
-3.955981
-4.261414
-4.563653
-4.855251
-5.146849
-5.430997
-5.713017
-5.993972
-6.273863
-6.540984
-6.795334
-7.057133
-7.306162
-7.559447
-7.809540
-8.053247
-8.291635
-8.527892
-8.770535
-8.997215
-9.211124
-9.439933
-9.653842
-9.865623
-10.045477
-10.258322
-10.409442
-10.492452
-10.922399
-10.983059
-11.032014
-11.298070
-11.470474
-11.669484
-11.841889
-12.063248
-12.197340
-12.331432
-12.521929
-12.702847
-12.856095
-13.046592
-13.205161
-13.391400
-13.522301
-13.657457
-13.820284
-13.958632
-14.109753
-14.266193
-14.396029
-14.502452
-14.670599
-14.777022
-14.915371
-15.075005
-15.168656
-15.310199
-15.533686
-15.676292
-15.775265
-15.864660
-16.018972
-16.008331
-16.181799
-16.366974
-16.524479
-16.459562
-16.653252
-16.743710
-16.841619
-16.908665
-17.035307
-17.155565
-17.249216
-17.348190
-17.453548
-17.556778
-17.638723
-17.747274
-17.854761
-17.942028
-18.033550
-18.102726
-18.189993
-18.279387
-18.281515
-18.539059
-18.653994
-18.617811
-18.589077
-18.549700
-18.497553
-18.362396
-18.046322
-17.715347
-17.489733
-17.244961
-16.936335
-16.617067
-16.244589
-15.891266
-15.518786
-15.112253
-14.614196
-14.216175
-13.718118
-13.230702
-12.724132
-12.205854
-11.693962
-11.162913
-10.616966
-10.071018
-9.516557
-8.969545
-8.414021
-7.857430
-7.306162
-6.765535
-6.232358
-5.699182
-5.189418
-4.694553
-4.241193
-3.872971
-3.334473
-3.303611
-2.971573
-2.868343
-2.748085
-2.617186
-2.570360
-2.544818
-2.536304
-2.566103
-2.587387
-2.644855
-2.718287
-2.800232
-2.893884
-3.002435
-3.122693
-3.252528
-3.388749
-3.534548
-3.689924
-3.849558
-4.015577
-4.186918
-4.356130
-4.541305
-4.726480
-4.906334
-5.100023
-5.285198
-5.477823
-5.666191
-5.852430
-6.081239
-6.123808
-6.164248
-6.279185
-6.165312
-6.102523
-6.011000
-5.879036
-5.695989
-5.482080
-5.279877
-5.029784
-4.767985
-4.455102
-4.163505
-3.861265
-3.531355
-3.190803
-2.848122
-2.508635
-2.178725
-1.843494
-1.496557
-1.162390
-0.831416
-0.502570
-0.183303
0.135965
0.456297
0.776628
1.089511
1.394943
1.706761
2.012194
2.308048
2.604967
2.899758
3.191355
3.484017
3.768165
4.045928
4.321562
4.598261
4.870702
5.131437
5.400686
5.657165
5.904065
6.173314
6.413829
6.640509
6.904437
7.135374
7.366310
7.604697
7.819670
8.018681
8.228333
8.442242
8.633802
8.839198
9.032887
9.241475
9.433036
9.639496
9.839570
10.093920
10.247169
10.412124
10.610069
10.767574
10.924016
11.090034
11.275209
11.428458
11.588092
11.697707
11.916938
11.992497
12.026553
12.280903
12.445857
12.586335
12.738520
12.896025
13.065236
13.194008
13.313201
13.476027
13.623955
13.759111
13.900653
14.044324
14.189058
14.339114
14.474271
14.595592
14.731813
14.813759
14.948915
15.079815
15.205394
15.316072
15.424623
15.526790
15.648111
15.793910
15.914167
15.992920
16.148296
16.252590
16.293032
16.394133
16.530354
16.495234
16.603785
16.962429
16.984777
16.964558
17.143347
17.143347
17.305109
17.357256
17.390247
17.503056
17.573294
17.668011
17.738249
17.749956
17.719093
17.806360
17.995792
18.028782
18.035168
18.135204
18.234179
18.349115
18.445959
18.452345
18.713079
18.687538
18.596014
18.789703
18.421482
18.079866
18.382105
18.539610
18.539610
18.697117
18.742878
18.892933
19.045118
18.815245
19.171761
19.104713
19.162182
19.280312
19.334587
19.433559
19.565523
19.662369
19.669817
19.758148
19.864571
19.974186
20.017820
20.038040
20.308353
20.284941
20.318995
20.321123
20.442446
20.455215
20.531839
20.543547
20.558445
20.752134
20.477564
20.425417
20.154039
19.862442
19.647469
19.351614
19.023832
18.637520
18.284197
17.871277
17.430689
17.002871
16.564409
16.082315
15.592772
15.079815
14.565794
14.021975
13.473899
12.930080
12.384132
11.836057
11.282660
10.715427
10.152452
9.588413
9.019053
8.451820
7.893102
7.341833
6.791629
6.248874
5.714633
5.193162
4.680206
4.177892
3.688349
3.212640
2.744381
2.288892
1.838725
1.400264
0.996923
0.590389
0.190240
-0.188624
-0.587708
-0.953802
-1.307124
-1.668961
-2.035054
-2.371350
-2.706580
-3.035426
-3.358951
-3.672897
-3.983651
-4.281634
-4.577488
-4.874407
-5.160684
-5.449089
-5.710888
-5.982266
-6.246193
-6.505865
-6.775114
-7.028399
-7.279556
-7.440254
-7.479630
-7.556255
-7.659484
-7.392364
-7.523264
-7.450896
-7.215703
-7.063519
-6.828325
-6.594195
-6.327075
-6.020578
-5.725788
-5.408648
-5.072353
-4.722223
-4.360387
-4.000678
-3.648420
-3.272748
-2.905591
-2.538433
-2.181917
-1.830723
-1.477400
-1.127270
-0.778205
-0.441909
-0.110935
0.218974
0.542499
0.867088
1.179970
1.467311
1.890872
2.065405
1.818505
2.120745
2.054763
2.034543
1.970689
1.854689
1.739752
1.597146
1.425806
1.255530
1.054391
0.850060
0.638279
0.412663
0.183855
-0.050275
-0.289725
-0.533433
-0.766498
-1.013398
-1.261363
-1.511456
-1.760484
-2.013770
-2.271312
-2.521405
-2.771498
-3.019463
-3.272748
-3.520713
-3.771870
-4.019835
-4.178404
-4.178404
-4.466809
-4.696682
-4.444460
-4.579617
-4.471066
-4.383800
-4.265670
-4.087945
-3.891063
-3.676090
-3.455795
-3.197188
-2.930068
-2.677846
-2.395827
-2.103165
-1.805182
-1.508263
-1.207087
-0.905912
-0.611121
-0.311010
-0.009834
0.281764
0.577618
0.871345
1.164006
1.450283
1.729110
2.012194
2.292085
2.574105
2.847610
3.128566
3.158364
3.189227
3.501045
3.485081
3.477632
3.424421
3.313741
3.223282
3.057263
2.890180
2.707133
2.501737
2.285700
2.050506
1.811055
1.565219
1.310869
1.051198
0.785142
0.520150
0.257287
-0.009834
-0.276955
-0.550460
-0.820774
-1.097472
-1.373106
-1.642355
-1.907347
-2.175532
-2.445845
-2.712966
-2.981151
-3.242950
-3.373850
-3.688860
-3.713337
-3.500492
-3.593080
-3.666512
-3.519649
-3.496236
-3.330216
-3.220601
-3.038619
-2.808746
-2.590580
-2.354322
-2.110614
-1.854136
-1.582759
-1.316702
-1.049582
-0.771819
-0.494056
-0.214165
0.064662
0.330718
0.604224
0.878794
1.156557
1.436448
1.711018
1.972818
2.238874
2.508123
2.774179
3.041300
3.300971
3.556385
3.816056
4.061892
4.326883
4.574848
4.826005
5.083548
5.337897
5.575220
5.810413
6.060506
6.278672
6.505352
6.742674
6.964033
7.193906
7.417393
7.628110
7.848404
8.059121
8.260260
8.522058
8.730647
8.865804
9.148888
9.311714
9.493697
9.700156
9.880011
10.056672
10.238654
10.387646
10.564307
10.740969
10.877190
11.040016
11.213485
11.385889
11.565743
11.722184
11.875433
12.022296
12.179801
12.306444
12.463949
12.642739
12.786409
12.929016
13.070558
13.256797
13.412174
13.481349
13.651625
13.815516
13.995369
14.026232
14.213535
14.295481
14.422124
14.581758
14.627519
14.818015
14.937208
14.991484
15.147925
15.216036
15.325651
15.457615
15.565102
15.608735
15.813066
15.733249
15.604478
15.632148
15.484221
15.376734
15.203265
14.961686
14.730749
14.444472
14.108177
13.779331
13.400468
13.059916
12.674665
12.234076
11.798809
11.362476
10.905924
10.422766
9.923644
9.430907
8.929658
8.416700
7.899487
7.382274
6.868253
6.363810
5.859367
5.359182
4.871767
4.392865
3.921414
3.464861
3.015758
2.581554
2.153736
1.734431
1.320447
0.919235
0.530792
0.128515
-0.250349
-0.624956
-0.985728
-1.346501
-1.721108
-2.069110
-2.349001
-2.641663
-2.977958
-3.284455
-3.605851
-3.894256
-4.203945
-4.483837
-4.750957
-5.041491
-5.316061
-5.587438
-5.876907
-6.148285
-6.412213
-6.668691
-6.928362
-7.186969
-7.435997
-7.685026
-7.925541
-8.154349
-8.362937
-8.427855
-8.786498
-8.598131
-8.586425
-8.620480
-8.524699
-8.409763
-8.232038
-8.024514
-7.847852
-7.567961
-7.297648
-7.003922
-6.695297
-6.364323
-6.011000
-5.645971
-5.272428
-4.896756
-4.522149
-4.134771
-3.744200
-3.360015
-2.981151
-2.605479
-2.231936
-1.861586
-1.498685
-1.141105
-0.787783
-0.436588
-0.086458
0.251965
0.585068
0.914978
1.235309
1.551384
1.872780
2.192048
2.499609
2.808234
3.105153
3.403136
3.692605
3.979946
4.260901
4.541857
4.818555
5.098446
5.358118
5.632688
5.898744
6.144580
6.392544
6.635188
6.861867
7.103446
7.353539
7.601504
7.831377
8.069763
8.279415
8.516738
8.723198
8.932850
9.143567
9.339384
9.549037
9.727826
9.903423
9.924708
10.176929
10.165223
10.130103
10.067314
9.901295
9.732083
9.544780
9.321293
9.055236
8.760446
8.447563
8.110204
7.749432
7.374824
6.988511
6.591555
6.178635
5.759330
5.336833
4.912207
4.484389
4.067213
3.651101
3.234988
2.824198
2.421921
2.021772
1.631201
1.254466
0.872409
0.503123
0.138093
-0.210973
-0.507891
-0.833544
-0.850572
-1.074059
-1.085766
-1.104922
-1.095344
-1.078316
-1.000628
-0.915490
-0.781397
-0.646241
-0.491928
-0.322716
-0.139669
0.050827
0.249837
0.458425
0.662756
0.877730
1.092703
1.314062
1.538614
1.756780
1.979203
2.211204
2.442141
2.677335
2.902950
3.143465
3.373338
3.611724
3.847982
4.076791
4.311985
4.399251
4.661050
4.688720
4.695105
4.826005
4.641894
4.518444
4.434370
4.273672
4.122552
3.913964
3.696862
3.462733
3.207319
2.933813
2.649665
2.358067
2.056891
1.756780
1.456668
1.151236
0.846867
0.543563
0.239195
-0.056660
-0.358900
-0.656883
-0.951673
-1.244335
-1.536997
-1.816888
-2.108486
-2.401148
-2.672525
-2.949224
-3.234436
-3.505814
-3.802732
-4.033669
-4.330588
-4.599837
-4.847802
-5.110665
-5.363951
-5.593823
-5.835402
-6.053569
-6.282377
-6.534599
-6.767664
-6.956032
-7.210382
-7.401942
-7.636072
-7.853174
-8.060698
-8.282056
-8.497030
-8.708811
-8.926976
-9.130243
-9.346281
-9.558062
-9.763457
-9.964596
-10.152964
-10.338139
-10.538213
-10.728709
-10.898986
-11.088418
-11.274657
-11.458768
-11.639687
-11.816347
-11.997266
-12.144129
-12.351653
-12.491066
-12.679434
-12.781600
-12.978481
-13.129601
-13.261565
-13.408428
-13.569126
-13.723439
-13.910743
-14.125716
-14.255551
-14.292800
-14.258744
-14.482231
-14.590782
-14.731260
-14.886637
-14.963262
-15.100547
-15.264437
-15.407043
-15.512402
-15.649687
-15.758238
-15.904037
-16.016844
-16.119009
-16.199890
-16.324406
-16.187120
-15.945541
-15.971083
-15.669907
-15.584769
-15.391080
-14.893023
-14.620581
-14.388579
-14.020358
-13.612760
-13.195583
-12.798627
-12.366552
-11.958954
-11.496016
-11.067133
-10.537148
-10.086982
-9.605952
-9.111087
-8.602388
-8.069211
-7.567961
-7.059262
-6.552691
-6.041862
-5.541677
-5.054261
-4.577488
-4.108165
-3.644163
-3.254657
-2.914104
-2.608672
-2.326652
-2.225551
-2.069110
-1.971201
-1.906283
-1.853072
-1.850943
-1.876485
-1.917990
-1.977586
-2.049953
-2.139349
-2.246835
-2.361772
-2.487350
-2.623571
-2.767241
-2.908783
-3.064160
-3.238693
-3.382364
-3.552639
-3.735686
-3.912348
-4.098587
-4.285891
-4.483837
-4.682847
-4.880793
-5.087253
-5.283070
-5.485272
-5.686411
-5.885421
-6.076982
-6.273863
-6.486709
-6.663370
-6.931555
-7.059262
-7.248693
-7.496658
-7.727595
-7.876586
-8.114973
-8.294827
-8.493837
-8.683270
-8.863123
-9.048298
-9.245179
-9.430355
-9.616594
-9.825182
-10.007165
-10.166799
-10.362616
-10.553112
-10.727645
-10.911757
-11.091610
-11.254436
-11.424713
-11.614144
-11.758880
-11.934477
-12.045156
-12.314404
-12.248423
-12.204790
-12.151579
-12.112202
-11.996202
-11.869558
-11.729081
-11.569448
-11.304455
-10.983059
-10.757443
-10.494580
-10.116780
-9.785806
-9.409070
-9.024885
-8.626865
-8.211818
-7.771228
-7.334896
-6.890050
-6.434561
-5.974816
-5.507621
-5.054261
-4.604094
-4.161376
-3.726108
-3.294033
-2.877921
-2.458616
-2.056339
-1.657254
-1.266684
-0.883563
-0.510020
-0.140734
0.221103
0.581875
0.930941
1.278943
1.618430
1.951533
2.282507
2.610288
2.939134
3.242438
3.547871
3.852239
4.131066
4.418406
4.685527
4.953712
5.222961
5.480504
5.745495
6.007295
6.264837
6.504288
6.743739
7.017244
7.240732
7.479118
7.702605
7.913322
8.154902
8.379453
8.579527
8.773216
8.998833
9.197843
9.391531
9.609697
9.787423
9.971534
10.200342
10.349334
10.563243
10.739904
10.926144
11.117704
11.317779
11.485927
11.632790
11.782845
11.952057
12.108499
12.262811
12.413931
12.542702
12.724685
12.861970
13.005640
13.173787
13.301495
13.465385
13.652689
13.783588
13.892139
14.016654
14.146489
14.293352
14.374233
14.492362
14.642418
14.814823
14.934016
15.048952
15.160696
15.311816
15.541689
15.598092
15.644918
15.879047
15.886497
16.002499
16.119562
16.235563
16.297289
16.423931
16.537804
16.625071
16.672960
16.794281
16.936888
17.014576
17.086943
17.185917
17.280632
17.373220
17.360449
17.450909
17.422174
17.486029
17.716965
17.669075
17.798910
17.696745
17.553074
18.101151
17.479643
17.830837
17.436008
17.393440
17.192301
16.935823
16.702759
16.427124
16.088699
15.765176
15.374605
15.011704
14.646675
14.248655
13.818708
13.374926
12.924759
12.439472
11.946736
11.429523
10.901667
10.394032
9.874689
9.339384
8.813657
8.286865
7.764330
7.238603
6.716069
6.199920
5.691220
5.187841
4.695105
4.210883
3.736238
3.275429
2.821005
2.377223
1.941955
1.518393
1.090575
0.674463
0.279635
-0.112000
-0.498313
-0.880370
-1.248592
-1.607236
-1.945660
-2.284083
-2.622507
-2.942838
-3.265299
-3.566474
-3.889999
-4.186918
-4.446589
-4.746700
-5.050004
-5.317125
-5.628943
-5.891807
-6.153606
-6.422855
-6.680398
-6.935812
-7.182712
-7.426419
-7.666934
-7.905321
-8.138386
-8.382093
-8.628994
-8.822682
-9.069582
-9.278171
-9.475052
-9.719824
-9.958210
-10.144450
-10.359424
-10.554176
-10.718067
-10.966032
-11.144821
-11.316162
-11.511979
-11.705668
-11.892972
-12.083468
-12.255873
-12.433599
-12.619838
-12.797564
-12.961453
-13.133859
-13.260501
-13.446740
-13.555291
-13.693641
-13.796870
-13.958632
-14.154450
-14.237460
-14.616323
-14.601425
-14.735518
-14.772765
-14.653572
-14.396029
-14.372617
-14.156579
-13.840504
-13.634044
-13.354153
-13.013601
-12.700719
-12.304827
-11.892972
-11.478988
-11.041592
-10.610580
-10.154028
-9.677255
-9.193032
-8.703489
-8.212882
-7.710567
-7.200804
-6.693168
-6.196175
-5.705567
-5.217088
-4.732865
-4.259285
-3.799540
-3.342987
-2.891756
-2.460744
-2.059532
-1.814760
-1.561474
-1.251785
-1.087894
-1.005949
-0.928260
-0.901655
-0.893141
-0.929325
-0.981472
-1.051710
-1.142169
-1.248592
-1.375235
-1.511456
-1.654062
-1.805182
-1.966944
-2.126578
-2.290468
-2.467130
-2.640599
-2.819388
-2.999242
-3.187610
-3.380235
-3.576052
-3.768677
-3.971944
-4.183725
-4.376350
-4.584938
-4.803104
-5.010628
-5.190482
-5.256464
-5.390557
-5.409713
-5.377786
-5.322446
-5.244758
-5.126629
-4.964867
-4.794590
-4.599837
-4.372093
-4.124128
-3.861265
-3.590952
-3.309996
-3.009885
-2.706580
-2.404341
-2.095715
-1.789218
-1.481657
-1.166647
-0.858021
-0.562167
-0.263120
0.042313
0.346681
0.640408
0.933070
1.225731
1.512008
1.815312
2.121809
2.419792
2.677335
2.840161
2.960418
3.136016
3.073226
3.000859
2.984896
2.898693
2.796528
2.647536
2.470875
2.277186
2.057956
1.832340
1.595018
1.351310
1.106538
0.855381
0.608481
0.354131
0.093396
-0.169468
-0.423818
-0.679232
-0.948481
-1.208151
-1.474208
-1.742393
-2.002064
-2.265991
-2.528855
-2.785333
-3.045004
-3.298290
-3.567539
-3.824017
-4.091137
-4.343359
-4.563653
-4.843545
-5.076610
-5.318189
-5.553383
-5.788577
-6.025899
-6.245130
-6.466488
-6.702746
-6.937940
-7.176326
-7.383850
-7.610530
-7.818054
-8.034092
-8.267158
-8.454461
-8.653471
-8.853545
-9.062133
-9.264336
-9.451639
-9.664484
-9.868815
-10.069954
-10.271092
-10.460525
-10.656343
-10.858545
-11.028821
-11.211867
-11.413006
-11.600309
-11.766329
-11.931284
-12.162221
-12.289927
-12.341010
-12.490002
-12.701783
-12.829490
-13.052978
-13.139179
-13.340318
-13.491438
-13.599989
-13.786228
-13.983110
-14.082083
-14.316213
-14.369424
-14.540764
-14.658893
-14.794049
-14.941977
-15.044143
-15.182491
-15.298492
-15.404915
-15.547521
-15.674164
-15.797614
-15.944477
-16.060478
-16.219048
-16.358461
-16.435085
-16.558535
-16.618132
-16.939528
-16.922501
-16.820333
-17.076813
-17.177914
-17.134281
-17.256666
-17.270502
-17.409914
-17.539751
-17.613182
-17.730247
-17.817513
-17.909037
-18.004816
-18.073992
-18.175093
-18.259167
-18.320892
-18.397516
-18.463497
-18.553957
-18.632710
-18.710398
-18.833849
-18.885996
-18.978582
-18.993483
-19.095648
-19.220161
-19.382988
-19.389374
-19.504311
-19.371283
-19.174400
-19.196749
-18.966877
-18.880674
-18.623131
-18.436892
-18.246395
-17.927128
-17.557842
-17.265181
-16.764994
-16.388258
-15.991302
-15.571998
-15.153758
-14.719554
-14.276836
-13.819220
-13.334997
-12.852902
-12.335690
-11.829118
-11.299134
-10.771278
-10.257257
-9.742173
-9.214317
-8.679012
-8.157542
-7.644586
-7.127372
-6.614416
-6.108909
-5.618301
-5.139400
-4.670076
-4.207138
-3.752714
-3.309996
-2.875792
-2.450102
-2.029733
-1.623199
-1.226243
-0.833544
-0.446166
-0.063045
0.311562
0.674463
1.027786
1.375787
1.726982
2.056891
2.395315
2.703940
3.025336
3.333961
3.636201
3.940570
4.224718
4.495031
4.778115
5.053749
5.310227
5.566706
5.817863
6.070084
6.307406
6.609646
6.786308
6.621353
6.815042
6.914015
6.849097
6.752253
6.633059
6.476618
6.304214
6.070084
5.831697
5.568834
5.276172
4.968611
4.646151
4.311985
3.965047
3.615981
3.267980
2.916785
2.560270
2.210140
1.857881
1.518393
1.170392
0.830904
0.496737
0.161506
-0.165211
-0.485543
-0.811195
-1.129399
-1.435896
-1.745585
-2.036119
-2.336230
-2.631021
-2.907719
-3.217409
-3.512199
-3.746328
-4.051761
-4.298661
-4.551947
-4.818004
-5.072353
0.000000
0.000000
0.000000
0.000000
0.000000
0.000000
0.000000
0.000000
0.000000
0.000000
0.000000
0.000000
0.000000
0.000000
0.000000
0.000000
0.000000
0.000000
0.000000
0.000000
0.000000
0.000000
0.000000
0.000000
0.000000
0.000000
0.000000
0.000000
0.000000
0.000000
0.000000
0.000000
0.000000
0.000000
0.000000
0.000000
0.000000
0.000000
0.000000
0.000000
0.000000
0.000000
0.000000
0.000000
0.000000
0.000000
0.000000
0.000000
0.000000
0.000000
0.000000
0.000000
0.000000
0.000000
0.000000
0.000000
0.000000
0.000000
0.000000
0.000000
0.000000
0.000000
0.000000
0.000000
0.000000
0.000000
0.000000
0.000000
0.000000
0.000000
0.000000
0.000000
0.000000
0.000000
0.000000
0.000000
0.000000
0.000000
0.000000
0.000000
0.000000
0.000000
0.000000
0.000000
0.000000
0.000000
0.000000
0.000000
0.000000
0.000000
0.000000
0.000000
0.000000
0.000000
0.000000
0.000000
0.000000
0.000000
0.000000
0.000000
0.000000
0.000000
0.000000
0.000000
0.000000
0.000000
0.000000
0.000000
0.000000
0.000000
0.000000
0.000000
0.000000
0.000000
0.000000
0.000000
0.000000
0.000000
0.000000
0.000000
0.000000
0.000000
0.000000
0.000000
0.000000
0.000000
0.000000
0.000000
0.000000
0.000000
0.000000
0.000000
0.000000
0.000000
0.000000
0.000000
0.000000
0.000000
0.000000
0.000000
0.000000
0.000000
0.000000
0.000000
0.000000
0.000000
0.000000
0.000000
0.000000
0.000000
0.000000
0.000000
0.000000
0.000000
0.000000
0.000000
0.000000
0.000000
0.000000
0.000000
0.000000
0.000000
0.000000
0.000000
0.000000
0.000000
0.000000
0.000000
0.000000
0.000000
0.000000
0.000000
0.000000
0.000000
0.000000
0.000000
0.000000
0.000000
0.000000
0.000000
0.000000
0.000000
0.000000
0.000000
0.000000
0.000000
0.000000
0.000000
0.000000
0.000000
0.000000
0.000000
0.000000
0.000000
0.000000
0.000000
0.000000
0.000000
0.000000
0.000000
0.000000
0.000000
0.000000
0.000000
0.000000
0.000000
0.000000
0.000000
0.000000
0.000000
0.000000
0.000000
0.000000
0.000000
0.000000
0.000000
0.000000
0.000000
0.000000
0.000000
0.000000
0.000000
0.000000
0.000000
0.000000
0.000000
0.000000
0.000000
0.000000
0.000000
0.000000
0.000000
0.000000
0.000000
0.000000
0.000000
0.000000
0.000000
0.000000
0.000000
0.000000
0.000000
0.000000
0.000000
0.000000
0.000000
0.000000
0.000000
0.000000
0.000000
0.000000
0.000000
0.000000
0.000000
0.000000
0.000000
0.000000
0.000000
0.000000
0.000000
0.000000
0.000000
0.000000
0.000000
0.000000
0.000000
0.000000
0.000000
0.000000
0.000000
0.000000
0.000000
0.000000
0.000000
0.000000
0.000000
0.000000
0.000000
0.000000
0.000000
0.000000
0.000000
0.000000
0.000000
0.000000
0.000000
0.000000
0.000000
0.000000
0.000000
0.000000
0.000000
0.000000
0.000000
0.000000
0.000000
0.000000
0.000000
0.000000
0.000000
0.000000
0.000000
0.000000
0.000000
0.000000
0.000000
0.000000
0.000000
0.000000
0.000000
0.000000
0.000000
0.000000
0.000000
0.000000
0.000000
0.000000
0.000000
0.000000
0.000000
0.000000
0.000000
0.000000
0.000000
0.000000
0.000000
0.000000
0.000000
0.000000
0.000000
0.000000
0.000000
0.000000
0.000000
0.000000
0.000000
0.000000
0.000000
0.000000
0.000000
0.000000
0.000000
0.000000
0.000000
0.000000
0.000000
0.000000
0.000000
0.000000
0.000000
0.000000
0.000000
0.000000
0.000000
0.000000
0.000000
0.000000
0.000000
0.000000
0.000000
0.000000
0.000000
0.000000
0.000000
0.000000
0.000000
0.000000
0.000000
0.000000
0.000000
0.000000
0.000000
0.000000
0.000000
0.000000
0.000000
0.000000
0.000000
0.000000
0.000000
0.000000
0.000000
0.000000
0.000000
0.000000
0.000000
0.000000
0.000000
0.000000
0.000000
0.000000
0.000000
0.000000
0.000000
0.000000
0.000000
0.000000
0.000000
0.000000
0.000000
0.000000
0.000000
0.000000
0.000000
0.000000
0.000000
0.000000
0.000000
0.000000
0.000000
0.000000
0.000000
0.000000
0.000000
0.000000
0.000000
0.000000
0.000000
0.000000
0.000000
0.000000
0.000000
0.000000
0.000000
0.000000
0.000000
0.000000
0.000000
0.000000
0.000000
0.000000
0.000000
0.000000
0.000000
0.000000
0.000000
0.000000
0.000000
0.000000
0.000000
0.000000
0.000000
0.000000
0.000000
0.000000
0.000000
0.000000
0.000000
0.000000
0.000000
0.000000
0.000000
0.000000
0.000000
0.000000
0.000000
0.000000
0.000000
0.000000
0.000000
0.000000
0.000000
0.000000
0.000000
0.000000
0.000000
0.000000
0.000000
0.000000
0.000000
0.000000
0.000000
0.000000
0.000000
0.000000
0.000000
0.000000
0.000000
0.000000
0.000000
0.000000
0.000000
0.000000
0.000000
0.000000
0.000000
0.000000
0.000000
0.000000
0.000000
0.000000
0.000000
0.000000
0.000000
0.000000
0.000000
0.000000
0.000000
0.000000
0.000000
0.000000
0.000000
0.000000
0.000000
0.000000
0.000000
0.000000
0.000000
0.000000
0.000000
0.000000
0.000000
0.000000
0.000000
0.000000
0.000000
0.000000
0.000000
0.000000
0.000000
0.000000
0.000000
0.000000
0.000000
0.000000
0.000000
0.000000
0.000000
0.000000
0.000000
0.000000
0.000000
0.000000
0.000000
0.000000
0.000000
0.000000
0.000000
0.000000
0.000000
0.000000
0.000000
0.000000
0.000000
0.000000
0.000000
0.000000
0.000000
0.000000
0.000000
0.000000
0.000000
0.000000
0.000000
0.000000
0.000000
0.000000
0.000000
0.000000
0.000000
0.000000
0.000000
0.000000
0.000000
0.000000
0.000000
0.000000
0.000000
0.000000
0.000000
0.000000
0.000000
0.000000
0.000000
0.000000
0.000000
0.000000
0.000000
0.000000
0.000000
0.000000
0.000000
0.000000
0.000000
0.000000
0.000000
0.000000
0.000000
0.000000
0.000000
0.000000
0.000000
0.000000
0.000000
0.000000
0.000000
0.000000
0.000000
0.000000
0.000000
0.000000
0.000000
0.000000
0.000000
0.000000
0.000000
0.000000
0.000000
0.000000
0.000000
0.000000
0.000000
0.000000
0.000000
0.000000
0.000000
0.000000
0.000000
0.000000
0.000000
0.000000
0.000000
0.000000
0.000000
0.000000
0.000000
0.000000
0.000000
0.000000
0.000000
0.000000
0.000000
0.000000
0.000000
0.000000
0.000000
0.000000
0.000000
0.000000
0.000000
0.000000
0.000000
0.000000
0.000000
0.000000
0.000000
0.000000
0.000000
0.000000
0.000000
0.000000
0.000000
0.000000
0.000000
0.000000
0.000000
0.000000
0.000000
0.000000
0.000000
0.000000
0.000000
0.000000
0.000000
0.000000
0.000000
0.000000
0.000000
0.000000
0.000000
0.000000
0.000000
0.000000
0.000000
0.000000
0.000000
0.000000
0.000000
0.000000
0.000000
0.000000
0.000000
0.000000
0.000000
0.000000
0.000000
0.000000
0.000000
0.000000
0.000000
0.000000
0.000000
0.000000
0.000000
0.000000
0.000000
0.000000
0.000000
0.000000
0.000000
0.000000
0.000000
0.000000
0.000000
0.000000
0.000000
0.000000
0.000000
0.000000
0.000000
0.000000
0.000000
0.000000
0.000000
0.000000
0.000000
0.000000
0.000000
0.000000
0.000000
0.000000
0.000000
0.000000
0.000000
0.000000
0.000000
0.000000
0.000000
0.000000
0.000000
0.000000
0.000000
0.000000
0.000000
0.000000
0.000000
0.000000
0.000000
0.000000
0.000000
0.000000
0.000000
0.000000
0.000000
0.000000
0.000000
0.000000
0.000000
0.000000
0.000000
0.000000
0.000000
0.000000
0.000000
0.000000
0.000000
0.000000
0.000000
0.000000
0.000000
0.000000
0.000000
0.000000
0.000000
0.000000
0.000000
0.000000
0.000000
0.000000
0.000000
0.000000
0.000000
0.000000
0.000000
0.000000
0.000000
0.000000
0.000000
0.000000
0.000000
0.000000
0.000000
0.000000
0.000000
0.000000
0.000000
0.000000
0.000000
0.000000
0.000000
0.000000
0.000000
0.000000
0.000000
0.000000
0.000000
0.000000
0.000000
0.000000
0.000000
0.000000
0.000000
0.000000
0.000000
0.000000
0.000000
0.000000
0.000000
0.000000
0.000000
0.000000
0.000000
0.000000
0.000000
0.000000
0.000000
0.000000
0.000000
0.000000
0.000000
0.000000
0.000000
0.000000
0.000000
0.000000
0.000000
0.000000
0.000000
0.000000
0.000000
0.000000
0.000000
0.000000
0.000000
0.000000
0.000000
0.000000
0.000000
0.000000
0.000000
0.000000
0.000000
0.000000
0.000000
0.000000
0.000000
0.000000
0.000000
0.000000
0.000000
0.000000
0.000000
0.000000
0.000000
0.000000
0.000000
0.000000
0.000000
0.000000
0.000000
0.000000
0.000000
0.000000
0.000000
0.000000
0.000000
0.000000
0.000000
0.000000
0.000000
0.000000
0.000000
0.000000
0.000000
0.000000
0.000000
0.000000
0.000000
0.000000
0.000000
0.000000
0.000000
0.000000
0.000000
0.000000
0.000000
0.000000
0.000000
0.000000
0.000000
0.000000
0.000000
0.000000
0.000000
0.000000
0.000000
0.000000
0.000000
0.000000
0.000000
0.000000
0.000000
0.000000
0.000000
0.000000
0.000000
0.000000
0.000000
0.000000
0.000000
0.000000
0.000000
0.000000
0.000000
0.000000
0.000000
0.000000
0.000000
0.000000
0.000000
0.000000
0.000000
0.000000
0.000000
0.000000
0.000000
0.000000
0.000000
0.000000
0.000000
0.000000
0.000000
0.000000
0.000000
0.000000
0.000000
0.000000
0.000000
0.000000
0.000000
0.000000
0.000000
0.000000
0.000000
0.000000
0.000000
0.000000
0.000000
0.000000
0.000000
0.000000
0.000000
0.000000
0.000000
0.000000
0.000000
0.000000
0.000000
0.000000
0.000000
0.000000
0.000000
0.000000
0.000000
0.000000
0.000000
0.000000
0.000000
0.000000
0.000000
0.000000
0.000000
0.000000
0.000000
0.000000
0.000000
0.000000
0.000000
0.000000
0.000000
0.000000
0.000000
0.000000
0.000000
0.000000
0.000000
0.000000
0.000000
0.000000
0.000000
0.000000
0.000000
0.000000
0.000000
0.000000
0.000000
0.000000
0.000000
0.000000
0.000000
0.000000
0.000000
0.000000
0.000000
0.000000
0.000000
0.000000
0.000000
0.000000
0.000000
0.000000
0.000000
0.000000
0.000000
0.000000
0.000000
0.000000
0.000000
0.000000
0.000000
0.000000
0.000000
0.000000
0.000000
0.000000
0.000000
0.000000
0.000000
0.000000
0.000000
0.000000
0.000000
0.000000
0.000000
0.000000
0.000000
0.000000
0.000000
0.000000
0.000000
0.000000
0.000000
0.000000
0.000000
0.000000
0.000000
0.000000
0.000000
0.000000
0.000000
0.000000
0.000000
0.000000
0.000000
0.000000
0.000000
0.000000
0.000000
0.000000
0.000000
0.000000
0.000000
0.000000
0.000000
0.000000
0.000000
0.000000
0.000000
0.000000
0.000000
0.000000
0.000000
0.000000
0.000000
0.000000
0.000000
0.000000
0.000000
0.000000
0.000000
0.000000
0.000000
0.000000
0.000000
0.000000
0.000000
0.000000
0.000000
0.000000
0.000000
0.000000
0.000000
0.000000
0.000000
0.000000
0.000000
0.000000
0.000000
0.000000
0.000000
0.000000
0.000000
0.000000
0.000000
0.000000
0.000000
0.000000
0.000000
0.000000
0.000000
0.000000
0.000000
0.000000
0.000000
0.000000
0.000000
0.000000
0.000000
0.000000
0.000000
0.000000
0.000000
0.000000
0.000000
0.000000
0.000000
0.000000
0.000000
0.000000
0.000000
0.000000
0.000000
0.000000
0.000000
0.000000
0.000000
0.000000
0.000000
0.000000
0.000000
0.000000
0.000000
0.000000
0.000000
0.000000
0.000000
0.000000
0.000000
0.000000
0.000000
0.000000
0.000000
0.000000
0.000000
0.000000
0.000000
0.000000
0.000000
0.000000
0.000000
0.000000
0.000000
0.000000
0.000000
0.000000
0.000000
0.000000
0.000000
0.000000
0.000000
0.000000
0.000000
0.000000
0.000000
0.000000
0.000000
0.000000
0.000000
0.000000
0.000000
0.000000
0.000000
0.000000
0.000000
0.000000
0.000000
0.000000
0.000000
0.000000
0.000000
0.000000
0.000000
0.000000
0.000000
0.000000
0.000000
0.000000
0.000000
0.000000
0.000000
0.000000
0.000000
0.000000
0.000000
0.000000
0.000000
0.000000
0.000000
0.000000
0.000000
0.000000
0.000000
0.000000
0.000000
0.000000
0.000000
0.000000
0.000000
0.000000
0.000000
0.000000
0.000000
0.000000
0.000000
0.000000
0.000000
0.000000
0.000000
0.000000
0.000000
0.000000
0.000000
0.000000
0.000000
0.000000
0.000000
0.000000
0.000000
0.000000
0.000000
0.000000
0.000000
0.000000
0.000000
0.000000
0.000000
0.000000
0.000000
0.000000
