0.110499
0.000000
0.000000
0.000000
0.000000
0.000000
0.000000
0.000000
0.000000
0.000000
0.000000
0.000000
0.000000
0.000000
0.000000
0.000000
0.000000
0.000000
0.000000
0.000000
0.000000
0.000000
0.000000
0.000000
0.000000
0.000000
0.000000
0.000000
0.000000
0.000000
0.000000
0.000000
0.000000
0.000000
0.000000
0.000000
0.000000
0.000000
0.000000
0.000000
0.000000
0.000000
0.000000
0.000000
0.000000
0.000000
0.000000
0.000000
0.000000
0.000000
0.000000
0.000000
0.000000
0.000000
0.000000
0.000000
0.000000
0.000000
0.000000
0.000000
0.000000
-0.103802
-0.050227
-0.056924
-0.073666
-0.107151
-0.097105
-0.110499
-0.123893
-0.140635
-0.157377
-0.154029
-0.164074
-0.177468
-0.197559
-0.187514
-0.217650
-0.224347
-0.227695
-0.247786
-0.261180
-0.247786
-0.284619
-0.287967
-0.301361
-0.318103
-0.314755
-0.348239
-0.351588
-0.354936
-0.378376
-0.385072
-0.388421
-0.401815
-0.415209
-0.425254
-0.435299
-0.445345
-0.458738
-0.472132
-0.478829
-0.475481
-0.495571
-0.508965
-0.515662
-0.529056
-0.529056
-0.549147
-0.565889
-0.579283
-0.582631
-0.596025
-0.606071
-0.612767
-0.629510
-0.656297
-0.656297
-0.636207
-0.652949
-0.659646
-0.669691
-0.676388
-0.699827
-0.713221
-0.713221
-0.743357
-0.743357
-0.736660
-0.746706
-0.770145
-0.780190
-0.776842
-0.793584
-0.800281
-0.796933
-0.803629
-0.793584
-0.843811
-0.863902
-0.840463
-0.863902
-0.877295
-0.940916
-1.004537
-0.904083
-0.890689
-0.907432
-0.870599
-0.877295
-0.890689
-0.897386
-0.907432
-0.937568
-0.957658
-0.964355
-0.957658
-0.974401
-0.964355
-0.967704
-0.984446
-0.971052
-0.981098
-0.977749
-1.004537
-1.011234
-1.027976
-1.017931
-1.041370
-1.041370
-1.038021
-1.031325
-1.024628
-1.054764
-1.074854
-1.084900
-1.071506
-1.051415
-1.064809
-1.094945
-1.101642
-1.094945
-1.128430
-1.155217
-1.238929
-1.158566
-1.145172
-1.121733
-1.141824
-1.128430
-1.148520
-1.158566
-1.131778
-1.178657
-1.165263
-1.168611
-1.178657
-1.215490
-1.182005
-1.198747
-1.212141
-1.195399
-1.188702
-1.208793
-1.198747
-1.208793
-1.218838
-1.215490
-1.225535
-1.242277
-1.265716
-1.265716
-1.205444
-1.272413
-1.272413
-1.315943
-1.369519
-1.339382
-1.315943
-1.309246
-1.275762
-1.299201
-1.259019
-1.279110
-1.302549
-1.279110
-1.279110
-1.285807
-1.289156
-1.322640
-1.329337
-1.352776
-1.312595
-1.309246
-1.349428
-1.336034
-1.346079
-1.332685
-1.359473
-1.369519
-1.423094
-1.396306
-1.325989
-1.356125
-1.372867
-1.379564
-1.446533
-1.399655
-1.409700
-1.396306
-1.409700
-1.406351
-1.362822
-1.399655
-1.389609
-1.386261
-1.392958
-1.406351
-1.463275
-1.436488
-1.459927
-1.419745
-1.429791
-1.426442
-1.459927
-1.439836
-1.436488
-1.443184
-1.436488
-1.469972
-1.426442
-1.459927
-1.439836
-1.436488
-1.496760
-1.453230
-1.486714
-1.453230
-1.469972
-1.496760
-1.449881
-1.476669
-1.399655
-1.469972
-1.480018
-1.520199
-1.510154
-1.463275
-1.520199
-1.490063
-1.530244
-1.483366
-1.500108
-1.493411
-1.526896
-1.486714
-1.490063
-1.466624
-1.473321
-1.510154
-1.520199
-1.603910
-1.523548
-1.520199
-1.496760
-1.520199
-1.530244
-1.483366
-1.496760
-1.503457
-1.533593
-1.557032
-1.557032
-1.570426
-1.560381
-1.540290
-1.536941
-1.520199
-1.546987
-1.526896
-1.530244
-1.526896
-1.520199
-1.513502
-1.516851
-1.516851
-1.570426
-1.567077
-1.577123
-1.543638
-1.546987
-1.567077
-1.520199
-1.530244
-1.533593
-1.546987
-1.577123
-1.530244
-1.577123
-1.577123
-1.573774
-1.583820
-1.603910
-1.660834
-1.607259
-1.560381
-1.587168
-1.546987
-1.553684
-1.557032
-1.567077
-1.620653
-1.610607
-1.627350
-1.577123
-1.603910
-1.590517
-1.593865
-1.543638
-1.573774
-1.567077
-1.647440
-1.577123
-1.644092
-1.640743
-1.600562
-1.597213
-1.670879
-1.630698
-1.617304
-1.613956
-1.610607
-1.593865
-1.600562
-1.617304
-1.637395
-1.677577
-1.600562
-1.640743
-1.644092
-1.647440
-1.624001
-1.657486
-1.617304
-1.637395
-1.637395
-1.624001
-1.650789
-1.647440
-1.627350
-1.670879
-1.650789
-1.644092
-1.624001
-1.634047
-1.597214
-1.600562
-1.620653
-1.630698
-1.687622
-1.731152
-1.677577
-1.657486
-1.667531
-1.664183
-1.690970
-1.637395
-1.593865
-1.644092
-1.610607
-1.667531
-1.664183
-1.677577
-1.647440
-1.647440
-1.650789
-1.670879
-1.644092
-1.697667
-1.637395
-1.647440
-1.617304
-1.644092
-1.704364
-1.744545
-1.687622
-1.704364
-1.637395
-1.734500
-1.667531
-1.697667
-1.654137
-1.667531
-1.674228
-1.697667
-1.684273
-1.667531
-1.690970
-1.724455
-1.680925
-1.687622
-1.680925
-1.687622
-1.654137
-1.680925
-1.650789
-1.701016
-1.664183
-1.724455
-1.690970
-1.690970
-1.724455
-1.690970
-1.714409
-1.657486
-1.701016
-1.727803
-1.731152
-1.687622
-1.704364
-1.690970
-1.660834
-1.654137
-1.654137
-1.644092
-1.657486
-1.687622
-1.677577
-1.724455
-1.697667
-1.771333
-1.687622
-1.697667
-1.707713
-1.724455
-1.724455
-1.771333
-1.680925
-1.704364
-1.737849
-1.734500
-1.724455
-1.677577
-1.727803
-1.674228
-1.714409
-1.690970
-1.704364
-1.690970
-1.677577
-1.664183
-1.714409
-1.714409
-1.774682
-1.727803
-1.717758
-1.784727
-1.764636
-1.744545
-1.747894
-1.741197
-1.767985
-1.711061
-1.774682
-1.717758
-1.734500
-1.731152
-1.747894
-1.707713
-1.737849
-1.717758
-1.751243
-1.667531
-1.757939
-1.747894
-1.761288
-1.757939
-1.701016
-1.788076
-1.764636
-1.761288
-1.771333
-1.764636
-1.824908
-1.801469
-1.741197
-1.791424
-1.734500
-1.754591
-1.741197
-1.771333
-1.737849
-1.821560
-1.841651
-1.858393
-1.898575
-1.724455
-1.804818
-1.855045
-1.871787
-1.844999
-1.878484
-1.881832
-1.985634
-1.878484
-1.791424
-1.791424
-1.754591
-1.761288
-1.851696
-1.878484
-1.848348
-1.928711
-1.895226
-1.727803
-1.704364
-1.727803
-1.657486
-1.737849
-1.697667
-1.727803
-1.717758
-1.764636
-1.774682
-1.761288
-1.754591
-1.724455
-1.757940
-1.788076
-1.761288
-1.694319
-1.724455
-1.389609
-1.399655
-1.272413
-1.188702
-1.034673
-0.950962
-1.228883
-1.449881
-1.389609
-1.382912
-1.349428
-1.305898
-1.285807
-1.188702
-0.934219
-0.783539
-0.780190
-0.907432
-1.094945
-1.081551
-1.051415
-1.021279
-0.954310
-0.927522
-0.883992
-0.873947
-0.847159
-0.830417
-0.793584
-0.746706
-0.719918
-0.693130
-0.666343
-0.632858
-0.602722
-0.575934
-0.569238
-0.535753
-0.508965
-0.475481
-0.462087
-0.425254
-0.401815
-0.375027
-0.348239
-0.324800
-0.301361
-0.287967
-0.251134
-0.237740
-0.217650
-0.187514
-0.174120
-0.147332
-0.123893
-0.097105
-0.073666
-0.053575
-0.033485
-0.010045
0.003348
0.033485
0.053575
0.073666
0.083711
0.103802
0.120544
0.137287
0.150681
0.160726
0.174120
0.197559
0.207604
0.214301
0.237740
0.247786
0.251134
0.267876
0.271225
0.301361
0.298013
0.334846
0.328149
0.354936
0.348239
0.375027
0.378376
0.401815
0.405163
0.411860
0.438648
0.438648
0.455390
0.485526
0.488875
0.478829
0.512314
0.515662
0.529056
0.525708
0.555844
0.545798
0.559192
0.582631
0.579283
0.612767
0.622813
0.619464
0.622813
0.639555
0.629510
0.669691
0.662994
0.683085
0.689782
0.703176
0.726615
0.719918
0.736660
0.750054
0.760100
0.766796
0.743357
0.766796
0.756751
0.773493
0.780190
0.790236
0.800281
0.806978
0.813675
0.817023
0.840462
0.843811
0.860553
0.850508
0.857205
0.873947
0.857205
0.877295
0.877295
0.890689
0.904083
0.924174
0.927522
0.930871
0.927522
0.950961
0.944265
0.940916
0.957658
0.977749
0.964355
0.977749
0.964355
0.964355
0.977749
0.997840
1.011234
1.038021
1.011234
1.048067
1.034673
1.061461
1.081551
1.031325
1.071506
1.084900
1.071506
1.081551
1.081551
1.098294
1.098294
1.101642
1.121733
1.088248
1.111687
1.128430
1.111687
1.101642
1.135127
1.138475
1.165263
1.165263
1.168611
1.145172
1.198747
1.158566
1.185353
1.192050
1.202096
1.188702
1.188702
1.168611
1.238929
1.225535
1.248974
1.279110
1.218838
1.242277
1.272413
1.238929
1.245626
1.242277
1.269065
1.325989
1.362822
1.403003
1.336034
1.262368
1.275762
1.285807
1.319292
1.292504
1.322640
1.269065
1.305898
1.339382
1.342731
1.342731
1.372867
1.349428
1.369519
1.392958
1.382912
1.369519
1.359473
1.396306
1.352776
1.315943
1.322640
1.305898
1.336034
1.356125
1.389609
1.389609
1.349428
1.346079
1.389609
1.352776
1.372867
1.386261
1.359473
1.396306
1.413049
1.433139
1.403003
1.423094
1.423094
1.419745
1.426442
1.392958
1.433139
1.433139
1.406351
1.419745
1.416397
1.493411
1.443184
1.446533
1.453230
1.446533
1.469972
1.446533
1.456578
1.456578
1.473321
1.446533
1.463275
1.510154
1.476669
1.510154
1.520199
1.530244
1.506805
1.510154
1.516851
1.496760
1.490063
1.500108
1.469972
1.513502
1.513502
1.533593
1.526896
1.506805
1.533593
1.567077
1.520199
1.530244
1.546987
1.550335
1.543638
1.543638
1.583820
1.577123
1.570426
1.610607
1.577123
1.593865
1.570426
1.580471
1.580471
1.583820
1.550335
1.523548
1.580471
1.553684
1.587168
1.523547
1.540290
1.590517
1.567077
1.587168
1.590517
1.587168
1.617304
1.593865
1.587168
1.634047
1.560381
1.624001
1.624001
1.667531
1.624001
1.644092
1.654137
1.637395
1.613956
1.597214
1.593865
1.597213
1.603910
1.624001
1.600562
1.597213
1.634047
1.620653
1.644092
1.644092
1.627350
1.674228
1.680925
1.677577
1.650789
1.677577
1.734500
1.707713
1.667531
1.694319
1.644092
1.704364
1.690970
1.670879
1.670879
1.650789
1.684273
1.680925
1.667531
1.680925
1.667531
1.697667
1.694319
1.687622
1.701016
1.674228
1.721106
1.721106
1.731152
1.737849
1.714409
1.751243
1.714409
1.731152
1.711061
1.701016
1.680925
1.714409
1.694319
1.701016
1.657486
1.694319
1.670880
1.657486
1.670879
1.697667
1.747894
1.707713
1.711061
1.717758
1.690970
1.771333
1.754591
1.771333
1.737849
1.724455
1.761288
1.757939
1.707713
1.761288
1.734500
1.747894
1.727803
1.747894
1.721106
1.714409
1.751243
1.747894
1.734500
1.757940
1.714409
1.774682
1.774682
1.778030
1.781379
1.778030
1.824908
1.791424
1.794772
1.761288
1.757940
1.771333
1.794772
1.741197
1.767985
1.764636
1.784727
1.744546
1.781379
1.764636
1.788076
1.794772
1.764636
1.808166
1.771333
1.804818
1.818212
1.821560
1.784727
1.801469
1.801469
1.811515
1.791424
1.801469
1.804818
1.834954
1.801469
1.798121
1.814863
1.791424
1.774682
1.808166
1.818212
1.808166
1.841651
1.774682
1.875135
1.818211
1.844999
1.818211
1.808166
1.841651
1.818212
1.834954
1.808166
1.811515
1.844999
1.828257
1.781379
1.851696
1.818211
1.844999
1.808166
1.851696
1.804818
1.831606
1.838302
1.868438
1.858393
1.865090
1.875135
1.814863
1.871787
1.868438
1.851696
1.818211
1.831606
1.865090
1.824908
1.818212
1.778030
1.868438
1.838302
1.885181
1.875135
1.871787
1.834954
1.834954
1.885181
1.838302
1.901923
1.875135
1.848348
1.875135
1.878484
1.858393
1.858393
1.868438
1.868438
1.828257
1.811515
1.804818
1.898575
1.851696
1.885181
1.861742
1.881832
1.798121
1.844999
1.881832
1.908620
1.901923
1.922014
1.901923
1.858393
1.878484
1.858393
1.858393
1.888529
1.888529
1.844999
1.871787
1.848348
1.851696
1.898575
1.834954
1.855045
1.888529
1.838302
1.925362
1.898575
1.918665
1.898575
1.932059
1.895226
1.911968
1.848348
1.865090
1.918665
1.878484
1.868438
1.861742
1.868438
1.898575
1.878484
1.851696
1.875135
1.915317
1.885181
1.841651
1.865090
1.962195
1.895226
1.895226
1.908620
1.905272
1.895226
1.868438
1.925362
1.938756
1.918665
1.881832
1.911968
1.915317
1.895226
1.871787
1.865090
1.908620
1.922014
1.901923
1.925362
1.935408
1.935408
1.918665
1.945453
1.881832
1.958847
1.925362
1.925362
1.999028
1.898575
1.935408
1.905272
1.905271
1.885181
1.506805
1.764636
1.751243
1.684273
1.677577
1.593865
1.587168
1.523547
1.483366
1.523547
1.510154
1.429791
1.362822
1.289156
1.252323
1.259019
1.265716
1.265716
1.185353
1.151869
1.078203
1.001188
0.950962
1.054764
0.987794
0.971052
0.987795
0.957658
0.887341
0.887341
0.853856
0.793584
0.803629
0.766796
0.750054
0.706524
0.686433
0.652949
0.622813
0.612767
0.582631
0.545798
0.502268
0.485526
0.452042
0.415209
0.391769
0.371679
0.341543
0.311406
0.281270
0.274573
0.244437
0.224347
0.194210
0.180817
0.167423
0.130590
0.107151
0.083711
0.070318
0.043530
0.026788
-0.003348
-0.020091
-0.043530
-0.063621
-0.080363
-0.090408
-0.107151
-0.120544
-0.140635
-0.154029
-0.157377
-0.174120
-0.190862
-0.190862
-0.227695
-0.231043
-0.234392
-0.254483
-0.267876
-0.281270
-0.284619
-0.304709
-0.013394
-0.231043
-0.237740
-0.197559
-0.174120
-0.130590
-0.127241
-0.100454
-0.087060
-0.073666
-0.050227
-0.033485
-0.016742
0.000000
0.020091
0.040181
0.060272
0.080363
0.093757
0.110499
0.133938
0.140635
0.167423
0.170771
0.197559
0.190862
0.207604
0.220998
0.234392
0.244437
0.274573
0.284619
0.298013
0.311406
0.324800
0.338194
0.351588
0.364982
0.391769
0.381724
0.405163
0.411860
0.415209
0.428602
0.445345
0.452042
0.465435
0.488875
0.502268
0.495571
0.512314
0.512314
0.549147
0.532404
0.559192
0.545798
0.562541
0.569238
0.592677
0.612767
0.606071
0.629510
0.649601
0.642904
0.652949
0.662994
0.683085
0.689782
0.696479
0.703176
0.729963
0.723267
0.729963
0.743357
0.760100
0.743357
0.786887
0.773493
0.790236
0.773493
0.776842
0.806978
0.806978
0.820372
0.823720
0.512314
0.733312
0.743357
0.709873
0.689782
0.679737
0.629510
0.612767
0.589328
0.565889
0.525708
0.478829
0.425254
0.398466
0.371679
0.358285
0.381724
0.341543
0.341543
0.321452
0.294664
0.261180
0.247786
0.217650
0.190862
0.174120
0.143984
0.123893
0.097105
0.070318
0.040181
0.030136
-0.003348
-0.020091
-0.050227
-0.063621
-0.087060
-0.097105
-0.120544
-0.137287
-0.150681
-0.160726
-0.174120
-0.184165
-0.204256
-0.210953
-0.220998
-0.244437
-0.241089
-0.261180
-0.277922
-0.267876
-0.294664
-0.291316
-0.318103
-0.321452
-0.351588
-0.344891
-0.375027
-0.388421
-0.395118
-0.401815
-0.428602
-0.415209
-0.435299
-0.445345
-0.441996
-0.455390
-0.465435
-0.475481
-0.475481
-0.498920
-0.519011
-0.515662
-0.535753
-0.532404
-0.569238
-0.569238
-0.572586
-0.579283
-0.579283
-0.596025
-0.616116
-0.612767
-0.626161
-0.301361
-0.515662
-0.539101
-0.505617
-0.482178
-0.475481
-0.452042
-0.425254
-0.411860
-0.385072
-0.368330
-0.341543
-0.314755
-0.298013
-0.264528
-0.247786
-0.217650
-0.194210
-0.174120
-0.154029
-0.123893
-0.100454
-0.080363
-0.063621
-0.040181
-0.020091
-0.003348
0.013394
0.036833
0.056924
0.070318
0.090408
0.110499
0.123893
0.147332
0.164074
0.174120
0.190862
0.207604
0.220998
0.234392
0.254483
0.267876
0.274573
0.284619
0.301361
0.311406
0.324800
0.334846
0.341543
0.354936
0.371679
0.388421
0.391769
0.405163
0.415209
0.438648
0.435299
0.455390
0.448693
0.448693
0.488875
0.492223
0.492223
0.495571
0.522359
0.532404
0.565889
0.552495
0.575934
0.579283
0.609419
0.622813
0.616116
0.652949
0.652949
0.649601
0.666343
0.676388
0.673040
0.696479
0.706524
0.709873
0.719918
0.743357
0.425254
0.662994
0.612767
0.622813
0.585980
0.572586
0.542450
0.519011
0.478829
0.458738
0.411860
0.395118
0.364982
0.348239
0.324800
0.311406
0.281270
0.267876
0.237740
0.224347
0.194210
0.174120
0.150681
0.133938
0.103802
0.090408
0.066969
0.050227
0.016742
0.006697
-0.016742
-0.040181
-0.063621
-0.080363
-0.097105
-0.117196
-0.133938
-0.140635
-0.164074
-0.170771
-0.187514
-0.190862
-0.207604
-0.224347
-0.220998
-0.244437
-0.261180
-0.257831
-0.281270
-0.287967
-0.294664
-0.308058
-0.321452
-0.328149
-0.341543
-0.358285
-0.368330
-0.385072
-0.395118
-0.401815
-0.418557
-0.421905
-0.458738
-0.452042
-0.465435
-0.492223
-0.498920
-0.482178
-0.495571
-0.519011
-0.545798
-0.565889
-0.569238
-0.585980
-0.565889
-0.569238
-0.579283
-0.606071
-0.606071
-0.599374
-0.602722
-0.622813
-0.622813
-0.646252
-0.646252
-0.318103
-0.549147
-0.572586
-0.532404
-0.505617
-0.458738
-0.445345
-0.448693
-0.431951
-0.395118
-0.395118
-0.375027
-0.354936
-0.318103
-0.304709
-0.257831
-0.251134
-0.214301
-0.197559
-0.174120
-0.160726
-0.137287
-0.117196
-0.090408
-0.073666
-0.050227
-0.026788
-0.013394
0.013394
0.036833
0.053575
0.073666
0.097105
0.107151
0.123893
0.143984
0.160726
0.170771
0.187514
0.197559
0.210953
0.217650
0.234392
0.251134
0.257831
0.267876
0.281270
0.308058
0.304709
0.324800
0.324800
0.344891
0.341543
0.371679
0.364982
0.385072
0.408512
0.401815
0.415209
0.458738
0.435299
0.455390
0.482178
0.492223
0.505617
0.508965
0.529056
0.525708
0.552495
0.562541
0.569238
0.582631
0.582631
0.609419
0.606071
0.626161
0.649601
0.649601
0.649601
0.676388
0.679737
0.693130
0.703176
0.713221
0.709873
0.391769
0.683085
0.626161
0.589328
0.569238
0.539101
0.529056
0.482178
0.465435
0.418557
0.405163
0.381724
0.354936
0.334846
0.318103
0.287967
0.271225
0.251134
0.224347
0.200907
0.174120
0.164074
0.140635
0.117196
0.093757
0.073666
0.050227
0.030136
0.013394
-0.013394
-0.030136
-0.056924
-0.070318
-0.093757
-0.107151
-0.123893
-0.143984
-0.160726
-0.174120
-0.184165
-0.194210
-0.197559
-0.224347
-0.231043
-0.237740
-0.244437
-0.261180
-0.251134
-0.274573
-0.274573
-0.287967
-0.308058
-0.311406
-0.341543
-0.354936
-0.361633
-0.391769
-0.391769
-0.398466
-0.415209
-0.428602
-0.445345
-0.458738
-0.448693
-0.482178
-0.462087
-0.502268
-0.485526
-0.508965
-0.522359
-0.545798
-0.529056
-0.522359
-0.549147
-0.575934
-0.589328
-0.619464
-0.622813
-0.632858
-0.629510
-0.642904
-0.649601
-0.646252
-0.656297
-0.659646
-0.652949
-0.669691
-0.696479
-0.706524
-0.703176
-0.713221
-0.743357
-0.736660
-0.733312
-0.729963
-0.750054
-0.760100
-0.763448
-0.763448
-0.776842
-0.803629
-0.817023
-0.793584
-0.823720
-0.833766
-0.823720
-0.850508
-0.847159
-0.877295
-0.887341
-0.877295
-0.894038
-0.890689
-0.910780
-0.907432
-0.927522
-0.930871
-0.944265
-0.944265
-0.950961
-0.971052
-0.967704
-0.977749
-0.977749
-0.961007
-0.967704
-1.004537
-0.977749
-0.981098
-0.991143
-0.994492
-1.004537
-1.021279
-1.017931
-1.031325
-1.051415
-1.034673
-1.048067
-1.061461
-1.058112
-1.058112
-1.071506
-1.074854
-1.091597
-1.108339
-1.091597
-1.101642
-1.108339
-1.135127
-1.101642
-1.094945
-1.135127
-1.118384
-1.145172
-1.151869
-1.141824
-1.145172
-1.168611
-1.165263
-1.195399
-1.182005
-1.185353
-1.195399
-1.205444
-1.185353
-1.205444
-1.195399
-1.225535
-1.222186
-1.208793
-0.887341
-1.064809
-1.094945
-1.017931
-0.987795
-0.950961
-0.930871
-0.950962
-0.954310
-0.917477
-0.883992
-0.880644
-0.837114
-0.793584
-0.740009
-0.689782
-0.683085
-0.669691
-0.636207
-0.629510
-0.616116
-0.602722
-0.572586
-0.545798
-0.512314
-0.488875
-0.468784
-0.441996
-0.405163
-0.385072
-0.348239
-0.334846
-0.298013
-0.277922
-0.257831
-0.237740
-0.210953
-0.187514
-0.160726
-0.143984
-0.123893
-0.107151
-0.077014
-0.063621
-0.040181
-0.016742
0.000000
0.020091
0.043530
0.060272
0.083711
0.097105
0.113848
0.140635
0.143984
0.160726
0.180817
0.190862
0.204256
0.220998
0.234392
0.237740
0.264528
0.271225
0.287967
0.298013
0.301361
0.331497
0.334846
0.351588
0.364982
0.364982
0.391769
0.398466
0.411860
0.418557
0.425254
0.435299
0.448693
0.462087
0.478829
0.478829
0.485526
0.508965
0.502268
0.512314
0.529056
0.552495
0.572586
0.582631
0.582631
0.602722
0.606071
0.616116
0.632858
0.632858
0.646252
0.642904
0.659646
0.666343
0.659646
0.686433
0.703176
0.706524
0.733312
0.726615
0.723267
0.723267
0.736660
0.736660
0.776842
0.763448
0.786887
0.820372
0.810326
0.810326
0.817023
0.857205
0.860553
0.857205
0.853856
0.880644
0.894038
0.900735
0.897386
0.910780
0.920825
0.910780
0.944265
0.950962
0.974401
0.927522
0.964355
0.944265
0.954310
0.981098
0.981098
0.997840
0.991143
1.024628
1.021279
1.024627
1.027976
1.054764
1.038021
1.027976
1.058112
1.051415
1.034673
1.081551
1.061461
1.061461
1.111687
1.111687
1.081551
1.108339
1.141824
1.115036
1.135127
1.135127
1.148520
1.175308
1.161914
1.151869
1.195399
1.158566
1.192050
1.165263
1.192050
1.165263
0.880644
0.957658
0.940916
1.041370
1.034673
0.974401
0.974401
0.947613
0.900735
0.887341
0.837114
0.823720
0.790236
0.723267
0.696479
0.646252
0.599374
0.592677
0.592677
0.579283
0.589328
0.555844
0.542450
0.505617
0.485526
0.458738
0.438648
0.408512
0.391769
0.358285
0.321452
0.308058
0.284619
0.261180
0.251134
0.204256
0.187514
0.164074
0.127241
0.120544
0.090408
0.073666
0.050227
0.026788
0.006697
-0.006697
-0.020091
-0.040181
-0.056924
-0.066969
-0.083711
-0.093757
-0.110499
-0.127241
-0.140635
-0.147332
-0.160726
-0.174120
-0.190862
-0.204256
-0.220998
-0.234392
-0.247786
-0.261180
-0.284619
-0.284619
-0.311406
-0.304709
-0.334846
-0.324800
-0.348239
-0.351588
-0.364982
-0.381724
-0.395118
-0.395118
-0.415209
-0.408512
-0.428602
-0.428602
-0.441996
-0.455390
-0.472132
-0.485526
-0.485526
-0.478829
-0.508965
-0.515662
-0.539101
-0.545798
-0.535753
-0.545798
-0.572586
-0.589328
-0.616116
-0.629510
-0.629510
-0.599374
-0.622813
-0.629510
-0.639555
-0.666343
-0.669691
-0.679737
-0.696479
-0.699827
-0.709873
-0.699827
-0.723267
-0.740009
-0.736660
-0.740009
-0.740009
-0.756751
-0.770145
-0.776842
-0.793584
-0.783539
-0.800281
-0.833766
-0.820372
-0.827069
-0.827069
-0.843811
-0.830417
-0.840463
-0.843811
-0.867250
-0.870599
-0.873947
-0.900735
-0.904083
-0.894038
-0.910780
-0.920825
-0.924174
-0.910780
-0.910780
-0.924174
-0.937568
-0.934219
-0.954310
-0.964355
-0.971052
-0.964355
-0.981098
-0.971052
-0.994492
-1.007885
-1.011234
-1.011234
-1.011234
-1.054764
-1.054764
-1.054764
-1.051415
-1.081551
-1.054764
-1.068158
-1.088248
-1.098294
-1.115036
-1.101642
-1.108339
-1.101642
-1.101642
-1.101642
-1.111687
-1.121733
-1.111687
-0.796933
-0.887341
-0.997840
-0.964355
-0.930871
-0.894038
-0.890689
-0.873947
-0.853856
-0.813675
-0.800281
-0.786887
-0.750054
-0.733312
-0.699827
-0.686433
-0.629510
-0.596025
-0.585980
-0.542450
-0.519011
-0.485526
-0.475481
-0.455390
-0.438648
-0.401815
-0.381724
-0.368330
-0.341543
-0.324800
-0.284619
-0.264528
-0.231043
-0.217650
-0.184165
-0.167423
-0.133938
-0.117196
-0.093757
-0.073666
-0.046878
-0.030136
-0.016742
0.003348
0.023439
0.043530
0.053575
0.077014
0.087060
0.110499
0.123893
0.137287
0.140635
0.167423
0.180817
0.190862
0.197559
0.220998
0.234392
0.241089
0.254483
0.277922
0.291316
0.291316
0.301361
0.321452
0.328149
0.348239
0.361633
0.364982
0.385072
0.391769
0.405163
0.418557
0.421905
0.438648
0.465435
0.472132
0.475481
0.488875
0.498920
0.505617
0.512314
0.519011
0.545798
0.535753
0.562541
0.585980
0.589328
0.596025
0.592677
0.606071
0.609419
0.626161
0.636207
0.636207
0.662994
0.676388
0.666343
0.703176
0.703176
0.716570
0.703176
0.743357
0.746706
0.753403
0.766796
0.783539
0.786887
0.786887
0.790236
0.806978
0.823720
0.820372
0.843811
0.843811
0.840462
0.873947
0.863902
0.880644
0.897386
0.897386
0.890689
0.910780
0.910780
0.937568
0.927522
0.944265
0.947613
0.940916
0.964355
0.984446
0.971052
1.001188
1.007885
0.987794
1.011234
1.004537
1.014582
1.001188
1.017931
1.011234
1.017931
1.041370
1.038021
1.034673
1.061461
1.048067
1.081551
1.098294
1.094945
1.104990
1.108339
1.131778
1.125081
1.118384
1.141824
1.138475
1.151869
1.145172
1.135127
1.138475
1.182005
1.151869
1.158566
1.185353
1.185353
1.185353
1.202096
1.192050
1.185353
1.218838
1.198747
1.215490
1.242277
1.205444
1.245626
1.245626
1.252323
1.265716
1.248974
1.289156
1.302549
1.285807
1.295852
1.302549
1.292504
1.329337
1.302549
1.322640
1.315943
1.295852
1.329337
1.325989
1.336034
1.366170
1.332685
1.386261
1.356125
1.362822
1.389609
1.346079
1.382912
1.376215
1.366170
1.396306
1.366170
1.396306
1.386261
1.413049
1.429791
1.406351
1.403003
1.399655
1.429791
1.416397
1.433139
1.469972
1.433139
1.466624
1.413049
1.446533
1.510154
1.466624
1.426442
1.459927
1.469972
1.466624
1.469972
1.459927
1.469972
1.486714
1.466624
1.483366
1.493411
1.490063
1.436488
1.540290
1.513502
1.500108
1.530244
1.526896
1.516851
1.553684
1.533593
1.560381
1.516851
1.543638
1.567077
1.543638
1.530244
1.543638
1.563729
1.563729
1.530244
1.208793
1.386261
1.419745
1.396306
1.362822
1.329337
1.269065
1.262368
1.192050
1.161914
1.145172
1.101642
1.048067
0.900735
0.800281
0.857205
0.964355
0.974401
0.950962
0.910780
0.894038
0.823720
0.786887
0.740009
0.746706
0.740009
0.696479
0.679737
0.673040
0.649601
0.619464
0.585980
0.539101
0.519011
0.495571
0.472132
0.438648
0.415209
0.385072
0.344891
0.338194
0.298013
0.287967
0.254483
0.234392
0.217650
0.187514
0.160726
0.154029
0.117196
0.093757
0.073666
0.050227
0.036833
0.013394
-0.006697
-0.026788
-0.036833
-0.063621
-0.077014
-0.093757
-0.110499
-0.127241
-0.130590
-0.150681
-0.170771
-0.187514
-0.190862
-0.210953
-0.224347
-0.231043
-0.241089
-0.251134
-0.247786
-0.294664
-0.287967
-0.311406
-0.314755
-0.321452
-0.338194
-0.338194
-0.351588
-0.371679
-0.368330
-0.381724
-0.070318
-0.338194
-0.281270
-0.284619
-0.241089
-0.231043
-0.207604
-0.187514
-0.174120
-0.140635
-0.130590
-0.113848
-0.100454
-0.077014
-0.056924
-0.040181
-0.016742
0.000000
0.023439
0.040181
0.053575
0.070318
0.090408
0.103802
0.123893
0.130590
0.150681
0.164074
0.184165
0.190862
0.214301
0.220998
0.247786
0.244437
0.271225
0.267876
0.294664
0.294664
0.311406
0.318103
0.338194
0.348239
0.364982
0.381724
0.385072
0.395118
0.411860
0.408512
0.445345
0.448693
0.448693
0.472132
0.492223
0.495571
0.498920
0.485526
0.532404
0.552495
0.555844
0.559192
0.559192
0.572586
0.579283
0.599374
0.599374
0.609419
0.619464
0.626161
0.632858
0.656297
0.679737
0.676388
0.683085
0.696479
0.716570
0.726615
0.729963
0.726615
0.756751
0.770145
0.756751
0.773493
0.793584
0.817023
0.806978
0.820372
0.817023
0.833766
0.857205
0.863902
0.860553
0.867250
0.880644
0.867250
0.870599
0.920825
0.897386
0.920825
0.924174
0.940916
0.910780
0.934219
0.961007
0.954310
0.957658
0.967704
0.977749
0.954310
0.974401
1.014582
0.987794
1.017931
1.017931
1.027976
0.991143
1.031325
1.061461
1.051415
1.084900
1.091597
1.061461
1.091597
1.074854
1.098294
1.101642
1.125081
1.108339
1.091597
1.125081
1.115036
1.148520
1.135127
1.128430
1.151869
1.161914
1.161914
1.195399
1.182005
1.185353
1.165263
1.165263
1.192050
1.195399
1.185353
1.208793
1.208793
1.215490
1.215490
1.198747
1.228883
1.218838
1.235580
1.248974
1.259019
1.252323
1.248974
1.252323
1.272413
1.289156
1.272413
1.275762
1.309246
1.325989
1.332685
1.299201
1.325989
1.349428
1.315943
1.336034
1.342731
1.322640
1.356125
1.322640
1.336034
1.356125
1.332685
1.379564
1.359473
1.372867
1.392958
1.352776
1.389609
1.369519
1.403003
1.372867
1.362822
1.439836
1.399655
1.409700
1.399655
1.419745
1.406351
1.396306
1.403003
1.396306
1.446533
1.416397
1.433139
1.463275
1.403003
1.453230
1.443184
1.459927
1.459927
1.459927
1.480018
1.439836
1.476669
1.469972
1.493411
1.473321
1.490063
1.476669
1.496760
1.506805
1.436488
1.536942
1.493411
1.516851
1.506805
1.503457
1.516851
1.503457
1.533593
1.513502
1.523547
1.510154
1.533593
1.530244
1.550335
1.526896
1.546987
1.557032
1.553684
1.583820
1.550335
1.580471
1.557032
1.530244
1.550335
1.560381
1.553684
1.603910
1.580471
1.563729
1.540290
1.570426
1.593865
1.587168
1.583820
1.553684
1.587168
1.590517
1.607259
1.587168
1.325989
1.396306
1.386261
1.396306
1.423094
1.369519
1.332685
1.322640
1.238929
1.205444
1.091597
0.924174
0.793584
0.750054
0.679737
0.729963
0.900735
0.987795
0.967704
0.917477
0.850508
0.843811
0.837114
0.817023
0.786887
0.766796
0.766796
0.723267
0.689782
0.662994
0.642904
0.619464
0.579283
0.542450
0.512314
0.492223
0.462087
0.445345
0.425254
0.381724
0.358285
0.328149
0.304709
0.267876
0.241089
0.217650
0.194210
0.180817
0.154029
0.123893
0.107151
0.093757
0.066969
0.036833
0.023439
0.000000
-0.016742
-0.030136
-0.050227
-0.070318
-0.080363
-0.097105
-0.110499
-0.130590
-0.137287
-0.157377
-0.177468
-0.200907
-0.204256
-0.227695
-0.227695
-0.247786
-0.267876
-0.267876
-0.281270
-0.304709
-0.301361
-0.338194
-0.331497
-0.344891
-0.348239
-0.371679
-0.375027
-0.388421
-0.398466
-0.093757
-0.287967
-0.331497
-0.277922
-0.241089
-0.231043
-0.227695
-0.194210
-0.177468
-0.170771
-0.147332
-0.127241
-0.113848
-0.090408
-0.070318
-0.046878
-0.026788
0.000000
0.013394
0.040181
0.056924
0.077014
0.090408
0.103802
0.110499
0.127241
0.147332
0.157377
0.164074
0.184165
0.200907
0.210953
0.227695
0.254483
0.241089
0.271225
0.274573
0.301361
0.304709
0.324800
0.331497
0.354936
0.348239
0.388421
0.368330
0.395118
0.411860
0.415209
0.425254
0.441996
0.441996
0.455390
0.468784
0.492223
0.495571
0.502268
0.515662
0.512314
0.522359
0.522359
0.542450
0.555844
0.562541
0.579283
0.585980
0.599374
0.612767
0.639555
0.636207
0.652949
0.673040
0.679737
0.699827
0.703176
0.713221
0.696479
0.719918
0.729963
0.716570
0.719918
0.713221
0.736660
0.753403
0.766796
0.776842
0.418557
0.740009
0.689782
0.659646
0.616116
0.589328
0.552495
0.535753
0.508965
0.488875
0.435299
0.445345
0.408512
0.378376
0.361633
0.341543
0.311406
0.308058
0.264528
0.261180
0.227695
0.210953
0.184165
0.170771
0.137287
0.127241
0.100454
0.077014
0.053575
0.033485
0.003348
-0.013394
-0.040181
-0.056924
-0.080363
-0.097105
-0.117196
-0.130590
-0.147332
-0.160726
-0.177468
-0.184165
-0.207604
-0.204256
-0.227695
-0.234392
-0.261180
-0.247786
-0.267876
-0.284619
-0.291316
-0.304709
-0.311406
-0.321452
-0.321452
-0.338194
-0.354936
-0.354936
-0.368330
-0.385072
-0.395118
-0.398466
-0.415209
-0.421905
-0.448693
-0.445345
-0.455390
-0.482178
-0.492223
-0.492223
-0.492223
-0.519011
-0.525708
-0.532404
-0.535753
-0.552495
-0.549147
-0.555844
-0.579283
-0.582631
-0.599374
-0.622813
-0.616116
-0.636207
-0.646252
-0.646252
-0.659646
-0.666343
-0.669691
-0.666343
-0.679737
-0.716570
-0.716570
-0.729963
-0.740009
-0.729963
-0.733312
-0.760100
-0.760100
-0.786887
-0.763448
-0.790236
-0.796933
-0.796933
-0.813675
-0.827069
-0.827069
-0.830417
-0.850508
-0.843811
-0.863902
-0.870599
-0.883992
-0.883992
-0.880644
-0.880644
-0.883992
-0.894038
-0.887341
-0.904083
-0.894038
-0.937568
-0.937568
-0.947613
-0.961007
-0.971052
-0.957658
-0.950961
-0.984446
-0.994491
-0.991143
-1.017931
-1.031325
-1.001188
-1.038021
-1.011234
-1.038021
-1.061461
-1.031325
-1.038021
-1.054764
-1.061461
-1.054764
-1.044718
-1.084900
-1.058112
-1.091597
-1.098294
-1.094945
-1.115036
-1.131778
-1.135127
-1.118384
-1.151869
-1.128430
-1.104990
-1.138475
-1.141824
-1.145172
-1.168611
-1.161914
-1.168611
-1.161914
-1.165263
-1.168611
-1.208793
-1.205444
-1.195399
-1.212141
-1.202096
-0.934219
-1.081551
-1.058112
-1.061461
-1.024628
-1.011234
-0.977749
-0.967704
-0.927522
-0.897386
-0.867250
-0.867250
-0.843811
-0.780190
-0.750054
-0.733312
-0.696479
-0.673040
-0.642904
-0.606071
-0.582631
-0.575934
-0.542450
-0.519011
-0.485526
-0.472132
-0.455390
-0.428602
-0.408512
-0.381724
-0.334846
-0.311406
-0.281270
-0.257831
-0.241089
-0.210953
-0.190862
-0.170771
-0.150681
-0.123893
-0.107151
-0.083711
-0.060272
-0.046878
-0.023439
-0.006697
0.016742
0.033485
0.053575
0.070318
0.083711
0.103802
0.123893
0.133938
0.150681
0.157377
0.180817
0.190862
0.204256
0.220998
0.231043
0.251134
0.257831
0.284619
0.287967
0.301361
0.308058
0.324800
0.331497
0.358285
0.341543
0.364982
0.368330
0.388421
0.405163
0.425254
0.431951
0.445345
0.428602
0.458738
0.482178
0.472132
0.485526
0.522359
0.532404
0.184165
0.492223
0.428602
0.415209
0.364982
0.364982
0.334846
0.308058
0.284619
0.264528
0.231043
0.204256
0.187514
0.170771
0.140635
0.117196
0.107151
0.080363
0.056924
0.036833
0.016742
0.000000
-0.020091
-0.036833
-0.056924
-0.073666
-0.087060
-0.100454
-0.117196
-0.137287
-0.147332
-0.174120
-0.170771
-0.204256
-0.217650
-0.224347
-0.247786
-0.257831
-0.264528
-0.298013
-0.281270
-0.318103
-0.314755
-0.338194
-0.341543
-0.354936
-0.354936
-0.385072
-0.385072
-0.398466
-0.398466
-0.411860
-0.425254
-0.435299
-0.458738
-0.455390
-0.475481
-0.492223
-0.498920
-0.502268
-0.512314
-0.525708
-0.542450
-0.542450
-0.532404
-0.542450
-0.562541
-0.572586
-0.579283
-0.599374
-0.606071
-0.616116
-0.629510
-0.646252
-0.646252
-0.656297
-0.649601
-0.683085
-0.686433
-0.686433
-0.693130
-0.706524
-0.713221
-0.729963
-0.736660
-0.428602
-0.596025
-0.652949
-0.599374
-0.592677
-0.555844
-0.545798
-0.532404
-0.515662
-0.498920
-0.462087
-0.455390
-0.421905
-0.388421
-0.358285
-0.328149
-0.314755
-0.281270
-0.247786
-0.234392
-0.207604
-0.190862
-0.167423
-0.147332
-0.120544
-0.107151
-0.073666
-0.056924
-0.036833
-0.013394
0.000000
0.020091
0.033485
0.046878
0.063621
0.080363
0.100454
0.110499
0.127241
0.143984
0.154029
0.177468
0.190862
0.204256
0.217650
0.227695
0.251134
0.264528
0.274573
0.274573
0.294664
0.294664
0.314755
0.324800
0.344891
0.351588
0.368330
0.378376
0.388421
0.408512
0.408512
0.425254
0.435299
0.455390
0.478829
0.472132
0.492223
0.495571
0.515662
0.515662
0.519011
0.545798
0.549147
0.559192
0.559192
0.569238
0.585980
0.602722
0.606071
0.619464
0.626161
0.629510
0.662994
0.656297
0.669691
0.669691
0.683085
0.716570
0.713221
0.709873
0.703176
0.726615
0.743357
0.740009
0.733312
0.763448
0.780190
0.773493
0.790236
0.793584
0.803629
0.833766
0.817023
0.820372
0.853856
0.847159
0.867250
0.863902
0.860553
0.870599
0.883992
0.894038
0.900735
0.914129
0.927522
0.920825
0.950961
0.937568
0.954310
0.961007
0.947613
0.957658
0.957658
0.987794
0.967704
0.984446
0.997840
1.007885
1.034673
1.034673
1.024627
1.021279
1.034673
1.068158
1.038021
1.058112
1.064809
1.064809
1.081551
1.084900
1.074854
1.098294
1.108339
1.118384
1.108339
1.125081
1.115036
1.135127
1.155217
1.148520
1.148520
1.185353
1.158566
1.182005
1.178657
1.185353
1.195399
1.192050
1.185353
1.202096
1.168611
1.202096
1.248974
1.225535
1.232232
1.238929
1.252323
1.248974
1.212141
1.248974
0.887341
1.182005
1.104990
1.104990
1.064809
1.027976
1.024627
1.007885
0.961007
0.937568
0.873947
0.817023
0.743357
0.616116
0.572586
0.549147
0.642904
0.669691
0.703176
0.669691
0.646252
0.629510
0.585980
0.569238
0.542450
0.505617
0.492223
0.465435
0.441996
0.405163
0.375027
0.351588
0.328149
0.291316
0.264528
0.231043
0.210953
0.174120
0.150681
0.130590
0.107151
0.073666
0.056924
0.036833
0.023439
0.000000
-0.013394
-0.036833
-0.046878
-0.063621
-0.073666
-0.087060
-0.100454
-0.123893
-0.127241
-0.140635
-0.157377
-0.170771
-0.187514
-0.204256
-0.224347
-0.231043
-0.251134
-0.254483
-0.274573
-0.291316
-0.311406
-0.318103
-0.338194
-0.344891
-0.361633
-0.375027
-0.375027
-0.391769
-0.405163
-0.408512
-0.418557
-0.438648
-0.435299
-0.448693
-0.462087
-0.458738
-0.458738
-0.478829
-0.498920
-0.519011
-0.512314
-0.525708
-0.525708
-0.529056
-0.542450
-0.565889
-0.575934
-0.592677
-0.585980
-0.589328
-0.622813
-0.626161
-0.622813
-0.632858
-0.636207
-0.656297
-0.669691
-0.676388
-0.689782
-0.693130
-0.706524
-0.713221
-0.729963
-0.743357
-0.750054
-0.750054
-0.766796
-0.760100
-0.763448
-0.756751
-0.783539
-0.793584
-0.803629
-0.813675
-0.817023
-0.840462
-0.840462
-0.820372
-0.870599
-0.857205
-0.863902
-0.883992
-0.880644
-0.897386
-0.894038
-0.894038
-0.924174
-0.917477
-0.920825
-0.934219
-0.947613
-0.934219
-0.937568
-0.944265
-0.947613
-0.940916
-0.967704
-0.977749
-0.984446
-0.991143
-1.014582
-1.011234
-1.017931
-1.001188
-1.031325
-1.024628
-1.031325
-1.044718
-1.041370
-1.044718
-1.044718
-1.044718
-1.064809
-1.078203
-1.064809
-1.081551
-1.101642
-1.118384
-1.135127
-1.111687
-1.138475
-1.138475
-1.121733
-1.115036
-1.145172
-1.161914
-1.161914
-1.161914
-1.168611
-1.128430
-1.165263
-1.145172
-1.148520
-1.171960
-1.151869
-1.202096
-1.202096
-1.171960
-1.208793
-1.205444
-1.198747
-1.218838
-1.242277
-1.225535
-1.232232
-1.215490
-1.232232
-1.262368
-1.238929
-1.238929
-1.312595
-1.265716
-1.299201
-1.282459
-1.282459
-1.275762
-1.269065
-1.299201
-1.336034
-1.299201
-1.295852
-1.282459
-1.282459
-1.309246
-1.292504
-1.342731
-1.325989
-1.319292
-1.352776
-1.329337
-1.349428
-1.349428
-1.349428
-1.359473
-1.332685
-1.342731
-1.332685
-1.349428
-1.352776
-1.386261
-1.406351
-1.379564
-1.362822
-1.433139
-1.376215
-1.369519
-1.392958
-1.413049
-1.386261
-1.369519
-1.409700
-1.379564
-1.409700
-1.416397
-1.409700
-1.406351
-1.416397
-1.419745
-1.419745
-1.439836
-1.433139
-1.429791
-1.473321
-1.433139
-1.396306
-1.423094
-1.456578
-1.439836
-1.456578
-1.165263
-1.205444
-1.161914
-1.058112
-0.857205
-0.853856
-1.108339
-1.192050
-1.138475
-1.094945
-1.068158
-1.021279
-1.004537
-0.997840
-0.961007
-0.937568
-0.897386
-0.877295
-0.863902
-0.820372
-0.817023
-0.793584
-0.763448
-0.726615
-0.683085
-0.669691
-0.649601
-0.619464
-0.582631
-0.559192
-0.542450
-0.515662
-0.495571
-0.458738
-0.425254
-0.398466
-0.364982
-0.348239
-0.308058
-0.301361
-0.257831
-0.241089
-0.231043
-0.200907
-0.184165
-0.164074
-0.140635
-0.117196
-0.093757
-0.077014
-0.056924
-0.026788
-0.013394
0.003348
0.023439
0.050227
0.063621
0.077014
0.100454
0.107151
0.127241
0.147332
0.154029
0.167423
0.187514
0.194210
0.217650
0.227695
0.241089
0.247786
0.257831
0.284619
0.284619
0.308058
0.304709
0.331497
0.341543
0.354936
0.364982
0.378376
0.381724
0.405163
0.398466
0.421905
0.428602
0.441996
0.445345
0.465435
0.468784
0.485526
0.498920
0.529056
0.535753
0.535753
0.525708
0.535753
0.552495
0.549147
0.599374
0.585980
0.599374
0.596025
0.612767
0.626161
0.646252
0.652949
0.652949
0.666343
0.659646
0.679737
0.686433
0.689782
0.716570
0.713221
0.746706
0.760100
0.763448
0.750054
0.756751
0.783539
0.786887
0.806978
0.803629
0.810326
0.820372
0.806978
0.843811
0.877295
0.863902
0.857205
0.897386
0.904083
0.890689
0.897386
0.890689
0.910780
0.924174
0.917477
0.930871
0.937568
0.917477
0.950962
0.947613
0.954310
0.934219
0.987795
0.977749
0.984446
0.994492
1.001188
1.007885
1.011234
1.027976
1.007885
1.041370
1.031325
1.048067
1.054764
1.064809
1.081551
1.088248
1.061461
1.088248
1.101642
1.128430
1.091597
1.131778
1.135127
1.121733
1.141824
0.793584
1.064809
0.977749
0.974401
0.940916
0.904083
0.897386
0.860553
0.837114
0.786887
0.746706
0.709873
0.676388
0.662994
0.642904
0.626161
0.619464
0.596025
0.589328
0.535753
0.535753
0.502268
0.488875
0.458738
0.441996
0.395118
0.388421
0.348239
0.331497
0.311406
0.281270
0.251134
0.227695
0.197559
0.180817
0.143984
0.130590
0.097105
0.080363
0.056924
0.030136
0.013394
0.000000
-0.016742
-0.040181
-0.053575
-0.070318
-0.080363
-0.097105
-0.113848
-0.120544
-0.140635
-0.154029
-0.170771
-0.180817
-0.194210
-0.204256
-0.217650
-0.237740
-0.251134
-0.254483
-0.271225
-0.287967
-0.301361
-0.314755
-0.318103
-0.331497
-0.334846
-0.348239
-0.358285
-0.361633
-0.368330
-0.385072
-0.391769
-0.421905
-0.415209
-0.425254
-0.452042
-0.431951
-0.455390
-0.488875
-0.478829
-0.472132
-0.515662
-0.529056
-0.194210
-0.472132
-0.428602
-0.418557
-0.385072
-0.371679
-0.364982
-0.341543
-0.311406
-0.298013
-0.267876
-0.261180
-0.227695
-0.204256
-0.174120
-0.150681
-0.120544
-0.110499
-0.083711
-0.063621
-0.036833
-0.016742
0.000000
0.020091
0.043530
0.066969
0.080363
0.093757
0.110499
0.127241
0.143984
0.160726
0.174120
0.190862
0.200907
0.204256
0.224347
0.241089
0.241089
0.257831
0.274573
0.308058
0.308058
0.321452
0.321452
0.351588
0.354936
0.371679
0.378376
0.391769
0.405163
0.418557
0.425254
0.441996
0.452042
0.455390
0.472132
0.478829
0.498920
0.502268
0.512314
0.512314
0.529056
0.549147
0.565889
0.539101
0.565889
0.552495
0.582631
0.585980
0.606071
0.622813
0.656297
0.646252
0.649601
0.662994
0.683085
0.679737
0.683085
0.693130
0.713221
0.713221
0.729963
0.740009
0.756751
0.770145
0.770145
0.776842
0.783539
0.800281
0.783539
0.803630
0.827069
0.833766
0.827069
0.830417
0.847159
0.850508
0.860553
0.880644
0.867250
0.900735
0.897386
0.904083
0.910780
0.917477
0.930871
0.937568
0.940916
0.954310
0.944265
0.957658
0.967704
0.974401
0.967704
0.987795
0.984446
0.977749
1.001188
1.021279
1.021279
1.041370
1.038021
1.081551
1.054764
1.064809
1.071506
1.038021
1.078203
1.094945
1.071506
1.101642
1.121733
1.101642
1.125081
1.125081
1.121733
1.111687
1.165263
1.148520
1.135127
1.155217
1.151869
1.141824
1.185353
1.148520
1.168611
1.188702
1.182005
1.185353
1.215490
1.178657
1.202096
1.202096
1.205444
1.205444
1.228883
1.228883
1.275762
1.245626
1.242277
1.248974
1.238929
1.275762
1.272413
1.282459
1.285807
1.282459
1.289156
1.295852
1.255671
1.315943
1.295852
1.302549
1.346079
1.285807
1.309246
1.312595
1.309246
1.336034
1.315943
1.312595
1.352776
1.329337
1.349428
1.342731
1.362822
1.372867
1.362822
1.392958
1.349428
1.392958
1.396306
1.386261
1.403003
1.379564
1.392958
1.423094
1.436488
1.413049
1.399655
1.439836
1.419745
1.403003
1.436488
1.439836
1.436488
1.409700
1.446533
1.433139
1.433139
1.443184
1.423094
1.463275
1.459927
1.480018
1.473321
1.493411
1.456578
1.466624
1.503457
1.456578
1.486715
1.466624
1.540290
1.483366
1.469972
1.533593
1.503457
1.530244
1.483366
1.516851
1.553684
1.513502
1.503457
1.533593
1.520199
1.523548
1.546987
1.550335
1.503457
1.580471
1.540290
1.526896
1.557032
1.553684
1.577123
1.553684
1.557032
1.570426
1.577123
1.540290
1.567077
1.593865
1.587168
1.580471
1.577123
1.583820
1.580471
1.597213
1.553684
1.593865
1.557032
1.630698
1.597213
1.597213
1.607259
1.613956
1.593865
1.587168
1.610607
1.610607
1.620653
1.634047
1.654137
1.600562
1.647440
1.624001
1.647440
1.650789
1.650789
1.627350
1.634047
1.613956
1.650789
1.583820
1.634047
1.627350
1.684273
1.640743
1.684273
1.637395
1.677577
1.667531
1.647440
1.647440
1.674228
1.687622
1.667531
1.650789
1.644092
1.677577
1.714409
1.667531
1.650789
1.674228
1.680925
1.674228
1.667531
1.660834
1.647440
1.694319
1.694319
1.731152
1.721106
1.677577
1.680925
1.707713
1.734500
1.704364
1.734500
1.717758
1.697667
1.701016
1.707713
1.680925
1.727803
1.687622
1.721106
1.714409
1.704364
1.707713
1.741197
1.737849
1.734500
1.731152
1.744546
1.747894
1.724455
1.707713
1.523548
1.560381
1.567077
1.510154
1.520199
1.456578
1.449881
1.419745
1.413049
1.386261
1.339382
1.305898
1.205444
1.145172
1.081551
0.997840
1.061461
1.051415
0.981098
0.877295
0.817023
0.914128
0.954310
0.964355
0.937568
0.914129
0.880644
0.847159
0.823720
0.796933
0.760100
0.743357
0.683085
0.659646
0.612767
0.616116
0.579283
0.555844
0.532404
0.502268
0.478829
0.452042
0.418557
0.401815
0.371679
0.354936
0.328149
0.294664
0.277922
0.251134
0.224347
0.210953
0.177468
0.160726
0.140635
0.117196
0.097105
0.077014
0.053575
0.036833
0.013394
0.000000
-0.023439
-0.040181
-0.066969
-0.077014
-0.093757
-0.100454
-0.123893
-0.137287
-0.160726
-0.160726
-0.180817
-0.194210
-0.207604
-0.204256
-0.231043
-0.241089
-0.254483
-0.271225
-0.267876
-0.287967
-0.291316
-0.311406
-0.318103
0.010045
-0.267876
-0.224347
-0.214301
-0.177468
-0.160726
-0.140635
-0.103802
-0.100454
-0.090408
-0.070318
-0.053575
-0.026788
-0.016742
0.006697
0.026788
0.046878
0.063621
0.090408
0.100454
0.127241
0.133938
0.154029
0.160726
0.177468
0.197559
0.204256
0.207604
0.234392
0.241089
0.261180
0.271225
0.281270
0.304709
0.311406
0.338194
0.344891
0.361633
0.358285
0.371679
0.381724
0.388421
0.421905
0.421905
0.435299
0.438648
0.455390
0.462087
0.475481
0.485526
0.505617
0.512314
0.532404
0.535753
0.545798
0.535753
0.552495
0.572586
0.599374
0.606071
0.622813
0.626161
0.656297
0.656297
0.669691
0.659646
0.673040
0.679737
0.693130
0.679737
0.713221
0.723267
0.719918
0.740009
0.726615
0.736660
0.766796
0.776842
0.773493
0.773493
0.806978
0.810326
0.813675
0.820372
0.827069
0.837114
0.857205
0.850508
0.857205
0.857205
0.873947
0.920825
0.920825
0.954310
0.910780
0.944265
0.940916
0.967704
0.950961
0.957658
0.947613
0.940916
0.964355
0.954310
0.981098
0.984446
0.991143
1.001188
1.001188
1.017931
1.024628
1.044718
1.021279
1.051415
1.071506
1.074854
1.084900
1.061461
1.091597
1.098294
1.108339
1.104990
1.121733
1.138475
1.121733
1.128430
1.135127
1.115036
1.128430
1.148520
1.155217
1.188702
1.148520
1.182005
1.212141
1.202096
1.182005
1.218838
1.192050
1.255671
1.272413
1.255671
1.238929
1.248974
1.252323
1.252323
1.215490
1.238929
1.235580
1.245626
1.252323
1.252323
1.279110
1.248974
1.265716
1.285807
1.292504
1.262368
1.299201
1.275762
1.269065
1.322640
1.315943
1.349428
1.352776
1.312595
1.346079
1.315943
1.332685
1.356125
0.967704
1.252323
1.178657
1.158566
1.141824
1.108339
1.068158
1.074854
1.048067
0.967704
0.974401
0.930871
0.806978
0.726615
0.659646
0.565889
0.542450
0.508965
0.532404
0.599374
0.693130
0.673040
0.666343
0.652949
0.622813
0.589328
0.572586
0.535753
0.519011
0.478829
0.455390
0.431951
0.398466
0.361633
0.331497
0.301361
0.284619
0.264528
0.247786
0.210953
0.187514
0.170771
0.157377
0.113848
0.110499
0.080363
0.060272
0.040181
0.020091
0.000000
-0.016742
-0.033485
-0.046878
-0.070318
-0.070318
-0.090408
-0.100454
-0.117196
-0.127241
-0.143984
-0.154029
-0.174120
-0.187514
-0.200907
-0.214301
-0.237740
-0.237740
-0.274573
-0.267876
-0.291316
-0.291316
-0.304709
-0.314755
-0.321452
-0.324800
-0.341543
-0.344891
-0.361633
-0.381724
-0.405163
-0.391769
-0.408512
-0.411860
-0.438648
-0.441996
-0.117196
-0.298013
-0.375027
-0.308058
-0.287967
-0.254483
-0.267876
-0.244437
-0.231043
-0.210953
-0.194210
-0.174120
-0.143984
-0.123893
-0.107151
-0.083711
-0.063621
-0.040181
-0.016742
0.000000
0.020091
0.040181
0.050227
0.070318
0.083711
0.100454
0.117196
0.130590
0.154029
0.167423
0.187514
0.200907
0.224347
0.227695
0.237740
0.261180
0.264528
0.287967
0.294664
0.298013
0.311406
0.328149
0.338194
0.354936
0.364982
0.375027
0.381724
0.388421
0.408512
0.428602
0.428602
0.441996
0.452042
0.478829
0.482178
0.498920
0.508965
0.508965
0.522359
0.539101
0.542450
0.562541
0.559192
0.565889
0.589328
0.596025
0.609419
0.636207
0.629510
0.646252
0.662994
0.676388
0.669691
0.689782
0.676388
0.686433
0.686433
0.696479
0.693130
0.713221
0.740009
0.750054
0.740009
0.766796
0.783539
0.445345
0.733312
0.686433
0.652949
0.622813
0.602722
0.579283
0.575934
0.532404
0.498920
0.465435
0.465435
0.421905
0.378376
0.354936
0.341543
0.301361
0.298013
0.281270
0.257831
0.247786
0.224347
0.194210
0.177468
0.160726
0.127241
0.100454
0.087060
0.063621
0.043530
0.016742
0.000000
-0.026788
-0.046878
-0.066969
-0.087060
-0.103802
-0.123893
-0.140635
-0.147332
-0.157377
-0.170771
-0.187514
-0.190862
-0.197559
-0.214301
-0.237740
-0.220998
-0.257831
-0.257831
-0.274573
-0.274573
-0.277922
-0.298013
-0.314755
-0.334846
-0.341543
-0.358285
-0.358285
-0.368330
-0.388421
-0.411860
-0.421905
-0.411860
-0.428602
-0.438648
-0.435299
-0.468784
-0.455390
-0.468784
-0.492223
-0.502268
-0.495571
-0.508965
-0.529056
-0.532404
-0.552495
-0.555844
-0.569238
-0.579283
-0.592677
-0.609419
-0.606071
-0.616116
-0.629510
-0.277922
-0.559192
-0.512314
-0.505617
-0.475481
-0.441996
-0.428602
-0.415209
-0.411860
-0.378376
-0.361633
-0.328149
-0.318103
-0.284619
-0.271225
-0.237740
-0.217650
-0.200907
-0.177468
-0.154029
-0.130590
-0.110499
-0.093757
-0.073666
-0.053575
-0.030136
-0.013394
0.006697
0.026788
0.050227
0.066969
0.090408
0.103802
0.117196
0.133938
0.150681
0.170771
0.174120
0.197559
0.210953
0.220998
0.234392
0.244437
0.264528
0.264528
0.291316
0.294664
0.318103
0.318103
0.341543
0.338194
0.354936
0.351588
0.391769
0.385072
0.401815
0.421905
0.421905
0.431951
0.448693
0.452042
0.458738
0.498920
0.498920
0.502268
0.508965
0.529056
0.542450
0.555844
0.555844
0.559192
0.575934
0.585980
0.592677
0.622813
0.612767
0.642904
0.636207
0.636207
0.673040
0.669691
0.673040
0.673040
0.706524
0.696479
0.709873
0.743357
0.733312
0.743357
0.756751
0.753403
0.783539
0.796933
0.786887
0.803629
0.793584
0.820372
0.817023
0.843811
0.847159
0.850508
0.843811
0.860553
0.890689
0.897386
0.900735
0.900735
0.910780
0.947613
0.914129
0.937568
0.944265
0.940916
0.950961
0.930871
0.954310
0.967704
0.997840
0.984446
0.984446
1.024628
0.994492
1.007885
1.048067
1.044718
1.027976
1.041370
1.068158
1.064809
1.051415
1.071506
1.071506
1.071506
1.091597
1.084900
1.094945
1.098294
1.121733
1.111687
1.148520
1.098294
1.158566
1.178657
1.175308
1.171960
1.185353
1.175308
1.175308
1.171960
1.182005
1.161914
1.205444
1.188702
1.195399
1.205444
1.215490
1.195399
1.232232
1.255671
1.275762
1.225535
1.265716
1.252323
1.265716
1.289156
1.255671
1.285807
1.269065
1.275762
1.295852
0.994492
1.108339
1.098294
1.054764
0.971052
1.011234
1.034673
1.027976
1.027976
1.001188
0.927522
0.904083
0.810326
0.733312
0.636207
0.606071
0.656297
0.686433
0.716570
0.703176
0.659646
0.659646
0.602722
0.575934
0.552495
0.535753
0.515662
0.478829
0.462087
0.452042
0.425254
0.371679
0.375027
0.344891
0.311406
0.281270
0.271225
0.224347
0.207604
0.184165
0.154029
0.140635
0.110499
0.093757
0.060272
0.043530
0.020091
0.006697
-0.016742
-0.030136
-0.050227
-0.060272
-0.077014
-0.090408
-0.117196
-0.120544
-0.143984
-0.150681
-0.167423
-0.190862
-0.190862
-0.200907
-0.231043
-0.237740
-0.247786
-0.264528
-0.287967
-0.281270
-0.298013
-0.294664
-0.318103
-0.318103
-0.334846
-0.348239
-0.354936
-0.358285
-0.381724
-0.388421
-0.395118
-0.395118
-0.415209
-0.435299
-0.445345
-0.458738
-0.472132
-0.147332
-0.385072
-0.361633
-0.324800
-0.311406
-0.291316
-0.291316
-0.271225
-0.251134
-0.224347
-0.217650
-0.190862
-0.167423
-0.147332
-0.133938
-0.097105
-0.080363
-0.056924
-0.036833
-0.016742
0.000000
0.020091
0.040181
0.053575
0.070318
0.087060
0.103802
0.117196
0.133938
0.140635
0.160726
0.180817
0.194210
0.200907
0.220998
0.231043
0.254483
0.271225
0.264528
0.287967
0.291316
0.328149
0.324800
0.338194
0.348239
0.361633
0.364982
0.381724
0.391769
0.398466
0.418557
0.428602
0.445345
0.445345
0.475481
0.475481
0.478829
0.488875
0.512314
0.522359
0.542450
0.545798
0.549147
0.559192
0.572586
0.579283
0.596025
0.609419
0.596025
0.622813
0.622813
0.636207
0.642904
0.649601
0.666343
0.676388
0.693130
0.686433
0.706524
0.706524
0.719918
0.740009
0.753403
0.753403
0.760100
0.776842
0.786887
0.783539
0.793584
0.803629
0.820372
0.827069
0.833766
0.840462
0.840462
0.863902
0.850508
0.873947
0.887341
0.883992
0.873947
0.900735
0.910780
0.924174
0.910780
0.937568
0.954310
0.944265
0.944265
0.957658
0.974401
0.977749
1.001188
1.011234
0.991143
0.991143
1.004537
1.004537
1.014582
1.024628
1.027976
1.014582
1.041370
1.071506
1.048067
1.054764
1.084900
1.084900
1.104990
1.101642
1.094945
1.118384
1.125081
1.091597
1.125081
1.158566
1.138475
1.145172
1.168611
1.138475
1.155217
1.171960
1.165263
1.212141
1.205444
1.175308
1.205444
1.202096
1.202096
1.222186
1.192050
1.232232
1.228883
1.228883
1.242277
1.225535
1.265716
1.265716
1.269065
1.275762
1.295852
1.285807
1.305898
1.282459
1.312595
1.309246
1.299201
1.309246
1.319292
1.299201
0.991143
1.208793
1.145172
1.118384
1.094945
1.084900
1.094945
1.048067
1.024628
1.011234
0.937568
0.907432
0.894038
0.823720
0.786887
0.743357
0.723267
0.676388
0.619464
0.555844
0.582631
0.622813
0.646252
0.612767
0.585980
0.552495
0.552495
0.519011
0.482178
0.465435
0.438648
0.408512
0.395118
0.354936
0.328149
0.301361
0.277922
0.247786
0.231043
0.200907
0.177468
0.147332
0.127241
0.097105
0.073666
0.063621
0.036833
0.020091
0.003348
-0.010045
-0.033485
-0.046878
-0.070318
-0.073666
-0.097105
-0.107151
-0.123893
-0.133938
-0.160726
-0.164074
-0.177468
-0.190862
-0.210953
-0.217650
-0.241089
-0.237740
-0.257831
-0.271225
-0.281270
-0.281270
-0.298013
-0.308058
-0.331497
-0.341543
-0.351588
-0.348239
-0.364982
-0.378376
-0.381724
-0.391769
-0.401815
-0.415209
-0.438648
-0.431951
-0.455390
-0.431951
-0.455390
-0.458738
-0.502268
-0.505617
-0.519011
-0.515662
-0.519011
-0.545798
-0.562541
-0.562541
-0.585980
-0.552495
-0.572586
-0.596025
-0.599374
-0.639555
-0.636207
-0.636207
-0.646252
-0.649601
-0.689782
-0.686433
-0.696479
-0.703176
-0.709873
-0.723267
-0.719918
-0.709873
-0.723267
-0.719918
-0.746706
-0.753403
-0.746706
-0.776842
-0.790236
-0.786887
-0.796933
-0.810326
-0.820372
-0.827069
-0.786887
-0.810326
-0.823720
-0.860553
-0.853856
-0.857205
-0.873947
-0.890689
-0.887341
-0.877295
-0.897386
-0.883992
-0.910780
-0.910780
-0.910780
-0.924174
-0.940916
-0.950961
-0.957658
-0.957658
-0.967704
-0.997840
-1.011234
-1.011234
-0.997840
-1.014582
-1.031325
-1.024628
-1.038021
-1.017931
-0.997840
-1.048067
-1.007885
-1.024628
-1.041370
-1.044718
-1.058112
-1.071506
-1.101642
-1.101642
-1.088248
-1.098294
-1.091597
-1.118384
-0.746706
-0.937568
-0.907432
-0.940916
-0.897386
-0.863902
-0.883992
-0.833766
-0.806978
-0.806978
-0.766796
-0.760100
-0.736660
-0.659646
-0.666343
-0.646252
-0.642904
-0.609419
-0.606071
-0.562541
-0.545798
-0.522359
-0.492223
-0.465435
-0.431951
-0.405163
-0.395118
-0.378376
-0.344891
-0.314755
-0.301361
-0.271225
-0.244437
-0.217650
-0.187514
-0.164074
-0.137287
-0.113848
-0.093757
-0.066969
-0.050227
-0.023439
-0.006697
0.016742
0.036833
0.050227
0.066969
0.087060
0.103802
0.117196
0.133938
0.143984
0.157377
0.174120
0.194210
0.200907
0.214301
0.241089
0.251134
0.264528
0.271225
0.287967
0.298013
0.311406
0.321452
0.328149
0.354936
0.368330
0.375027
0.388421
0.401815
0.405163
0.398466
0.421905
0.431951
0.431951
0.465435
0.472132
0.482178
0.492223
0.485526
0.505617
0.522359
0.562541
0.545798
0.217650
0.465435
0.455390
0.425254
0.408512
0.368330
0.371679
0.348239
0.324800
0.298013
0.281270
0.241089
0.220998
0.194210
0.194210
0.160726
0.157377
0.133938
0.113848
0.097105
0.073666
0.050227
0.033485
0.020091
0.000000
-0.023439
-0.043530
-0.060272
-0.080363
-0.093757
-0.117196
-0.130590
-0.147332
-0.157377
-0.177468
-0.194210
-0.197559
-0.200907
-0.224347
-0.231043
-0.244437
-0.251134
-0.261180
-0.271225
-0.281270
-0.284619
-0.308058
-0.321452
-0.331497
-0.334846
-0.354936
-0.364982
-0.388421
-0.391769
-0.398466
-0.408512
-0.418557
-0.421905
-0.445345
-0.435299
-0.455390
-0.475481
-0.475481
-0.492223
-0.498920
-0.525708
-0.505617
-0.542450
-0.572586
-0.562541
-0.562541
-0.549147
-0.565889
-0.589328
-0.609419
-0.619464
-0.632858
-0.652949
-0.646252
-0.659646
-0.666343
-0.673040
-0.679737
-0.693130
-0.709873
-0.693130
-0.703176
-0.706524
-0.719918
-0.733312
-0.723267
-0.733312
-0.753403
-0.776842
-0.780190
-0.770145
-0.776842
-0.786887
-0.796933
-0.796933
-0.810326
-0.827069
-0.843811
-0.847159
-0.857205
-0.870599
-0.890689
-0.880644
-0.873947
-0.880644
-0.914129
-0.900735
-0.890689
-0.924174
-0.917477
-0.907432
-0.940916
-0.944265
-0.947613
-0.944265
-0.964355
-0.981098
-0.981098
-0.987794
-0.977749
-0.981098
-0.984446
-1.017931
-1.021279
-1.017931
-1.024628
-1.034673
-1.014582
-1.031325
-1.051415
-1.044718
-1.058112
-1.081551
-1.068158
-1.088248
-1.061461
-1.091597
-1.104990
-1.111687
-1.108339
-1.111687
-1.125081
-1.101642
-1.135127
-1.138475
-1.135127
-1.138475
-1.141824
-1.141824
-1.141824
-1.131778
-1.178657
-1.171960
-1.188702
-1.168611
-1.185353
-1.192050
-1.188702
-1.205444
-1.198747
-1.192050
-1.202096
-1.195399
-1.225535
-1.218838
-0.860553
-1.074854
-1.014582
-1.014582
-1.048067
-1.011234
-0.971052
-0.961007
-0.961007
-0.917477
-0.867250
-0.863902
-0.857205
-0.813675
-0.753403
-0.733312
-0.740009
-0.729963
-0.689782
-0.652949
-0.639555
-0.609419
-0.572586
-0.542450
-0.542450
-0.502268
-0.482178
-0.465435
-0.438648
-0.411860
-0.388421
-0.364982
-0.324800
-0.298013
-0.277922
-0.254483
-0.234392
-0.200907
-0.180817
-0.157377
-0.137287
-0.113848
-0.093757
-0.077014
-0.053575
-0.036833
-0.010045
0.000000
0.023439
0.040181
0.060272
0.077014
0.093757
0.103802
0.123893
0.140635
0.157377
0.170771
0.194210
0.210953
0.214301
0.231043
0.244437
0.254483
0.271225
0.281270
0.301361
0.308058
0.321452
0.338194
0.351588
0.361633
0.358285
0.375027
0.381724
0.398466
0.411860
0.428602
0.435299
0.445345
0.455390
0.452042
0.475481
0.482178
0.502268
0.200907
0.445345
0.418557
0.401815
0.368330
0.354936
0.338194
0.321452
0.281270
0.264528
0.241089
0.210953
0.174120
0.160726
0.147332
0.107151
0.100454
0.073666
0.063621
0.036833
0.026788
0.003348
-0.016742
-0.033485
-0.050227
-0.073666
-0.087060
-0.107151
-0.120544
-0.140635
-0.150681
-0.177468
-0.177468
-0.200907
-0.210953
-0.224347
-0.237740
-0.251134
-0.254483
-0.271225
-0.271225
-0.291316
-0.304709
-0.314755
-0.328149
-0.341543
-0.358285
-0.368330
-0.375027
-0.375027
-0.395118
-0.398466
-0.421905
-0.428602
-0.455390
-0.441996
-0.478829
-0.495571
-0.482178
-0.475481
-0.505617
-0.545798
-0.545798
-0.522359
-0.522359
-0.549147
-0.562541
-0.579283
-0.559192
-0.565889
-0.569238
-0.585980
-0.606071
-0.636207
-0.639555
-0.649601
-0.652949
-0.673040
-0.686433
-0.683085
-0.686433
-0.686433
-0.699827
-0.716570
-0.706524
-0.716570
-0.736660
-0.760100
-0.760100
-0.766796
-0.770145
-0.790236
-0.803629
-0.806978
-0.803629
-0.790236
-0.803629
-0.810326
-0.817023
-0.850508
-0.840462
-0.853856
-0.890689
-0.887341
-0.900735
-0.904083
-0.890689
-0.910780
-0.894038
-0.917477
-0.917477
-0.930871
-0.947613
-0.930871
-0.961007
-0.950962
-0.971052
-0.971052
-0.977749
-0.961007
-0.971052
-1.004537
-0.977749
-1.001188
-1.014582
-0.994492
-1.034673
-1.011234
-1.024628
-1.021279
-1.034673
-1.054764
-1.064809
-1.058112
-1.074854
-1.071506
-1.071506
-1.098294
-1.078203
-1.071506
-1.128430
-1.135127
-1.108339
-1.138475
-1.141824
-1.115036
-1.131778
-1.141824
-1.121733
-1.158566
-1.135127
-1.135127
-1.151869
-1.135127
-1.145172
-1.151869
-1.171960
-1.178657
-1.202096
-1.198747
-1.182005
-1.235580
-1.158566
-1.178657
-1.208793
-1.178657
-1.218838
-1.252323
-1.212141
-1.252323
-1.212141
-1.215490
-1.242277
-1.259019
-1.265716
-1.265716
-1.285807
-1.279110
-1.282459
-1.292504
-1.279110
-1.269065
-1.265716
-1.279110
-1.292504
-1.279110
-1.279110
-1.289156
-1.315943
-1.325989
-1.319292
-1.312595
-1.332685
-1.325989
-1.285807
-1.309246
-1.312595
-1.342731
-1.325989
-1.369519
-1.332685
-1.322640
-1.342731
-1.352776
-1.386261
-1.403003
-1.379564
-1.376215
-1.342731
-1.366170
-1.336034
-1.349428
-1.329337
-1.325989
-1.362822
-1.419745
-1.436488
-1.449881
-1.359473
-1.416397
-1.392958
-1.413049
-1.403003
-1.356125
-1.386261
-1.359473
-1.409700
-1.436488
-1.426442
-1.456578
-1.392958
-1.459927
-1.449881
-1.406351
-1.446533
-1.396306
-1.439836
-1.429791
-1.419745
-1.426442
-1.382912
-1.413049
-1.389609
-1.419745
-1.429791
-1.409700
-1.449881
-1.429791
-1.456578
-1.466624
-1.453230
-1.439836
-1.439836
-1.423094
-1.463275
-1.145172
-1.198747
-1.041370
-0.830417
-0.622813
-0.703176
-1.031325
-1.155217
-1.175308
-1.125081
-1.138475
-1.098294
-1.058112
-1.041370
-0.994492
-0.957658
-0.917477
-0.870599
-0.847159
-0.833766
-0.810326
-0.810326
-0.793584
-0.760100
-0.719918
-0.699827
-0.666343
-0.642904
-0.609419
-0.589328
-0.559192
-0.555844
-0.532404
-0.508965
-0.458738
-0.438648
-0.415209
-0.391769
-0.368330
-0.334846
-0.324800
-0.291316
-0.274573
-0.244437
-0.220998
-0.197559
-0.174120
-0.150681
-0.133938
-0.107151
-0.090408
-0.070318
-0.046878
-0.023439
-0.003348
0.006697
0.033485
0.046878
0.066969
0.080363
0.097105
0.120544
0.130590
0.143984
0.160726
0.180817
0.190862
0.197559
0.214301
0.231043
0.241089
0.254483
0.264528
0.284619
0.298013
0.308058
0.314755
0.328149
0.341543
0.358285
0.364982
0.368330
0.391769
0.408512
0.415209
0.421905
0.441996
0.445345
0.455390
0.458738
0.468784
0.508965
0.512314
0.508965
0.522359
0.542450
0.562541
0.572586
0.592677
0.589328
0.592677
0.596025
0.606071
0.619464
0.619464
0.636207
0.662994
0.659646
0.666343
0.676388
0.673040
0.696479
0.713221
0.723267
0.736660
0.743357
0.760100
0.763448
0.803629
0.760100
0.780190
0.796933
0.803629
0.806978
0.823720
0.843811
0.853856
0.847159
0.857205
0.894038
0.883992
0.890689
0.883992
0.894038
0.920825
0.900735
0.914129
0.947613
0.930871
0.937568
0.944265
0.967704
0.947613
0.977749
0.991143
0.984446
0.984446
1.004537
1.011234
1.017931
1.014582
1.054764
1.054764
1.061461
1.084900
1.064809
1.088248
1.104990
1.098294
1.094945
1.108339
1.111687
1.091597
1.108339
1.115036
1.111687
1.175308
1.145172
1.135127
1.178657
1.182005
1.138475
1.195399
1.198747
1.198747
1.185353
1.195399
1.202096
1.222186
1.222186
1.215490
1.252323
1.215490
1.232232
1.259019
1.245626
1.255671
1.255671
1.238929
1.269065
1.235580
1.272413
1.289156
1.272413
1.279110
1.279110
1.295852
1.295852
1.285807
1.299201
1.299201
1.279110
1.329337
1.312595
1.332685
1.356125
1.382912
1.349428
1.359473
1.362822
1.359473
1.399655
1.376215
1.359473
1.392958
1.352776
1.346079
1.369519
1.322640
1.366170
1.372867
1.379564
1.449882
1.372867
1.366170
1.396306
1.409700
1.396306
1.416397
1.433139
1.403003
1.443184
1.423094
1.389609
1.486714
1.439836
1.429791
1.459927
1.419745
1.453230
1.439836
1.459927
1.480018
1.426442
1.453230
1.419745
1.463275
1.433139
1.473321
1.476669
1.449882
1.453230
1.493411
1.546987
1.503457
1.218838
1.362822
1.376215
1.305898
1.302549
1.282459
1.255671
1.225535
1.175308
1.141824
1.071506
1.017931
0.950962
0.904083
0.850508
0.823720
0.756751
0.756751
0.853856
0.847159
0.830417
0.827069
0.790236
0.756751
0.706524
0.679737
0.673040
0.642904
0.629510
0.609419
0.589328
0.559192
0.535753
0.498920
0.458738
0.435299
0.415209
0.388421
0.338194
0.318103
0.287967
0.271225
0.237740
0.231043
0.200907
0.187514
0.160726
0.147332
0.117196
0.103802
0.080363
0.066969
0.040181
0.026788
0.000000
-0.003348
-0.030136
-0.043530
-0.056924
-0.073666
-0.090408
-0.103802
-0.117196
-0.140635
-0.154029
-0.170771
-0.180817
-0.194210
-0.217650
-0.227695
-0.234392
-0.251134
-0.267876
-0.277922
-0.287967
-0.294664
-0.301361
-0.318103
-0.324800
-0.324800
-0.348239
-0.361633
-0.378376
-0.371679
-0.388421
-0.391769
-0.395118
-0.421905
-0.431951
-0.425254
-0.458738
-0.458738
-0.462087
-0.488875
-0.498920
-0.492223
-0.508965
-0.549147
-0.559192
-0.572586
-0.572586
-0.582631
-0.582631
-0.589328
-0.585980
-0.582631
-0.599374
-0.619464
-0.619464
-0.646252
-0.656297
-0.662994
-0.659646
-0.679737
-0.686433
-0.696479
-0.683085
-0.693130
-0.703176
-0.736660
-0.716570
-0.719918
-0.750054
-0.740009
-0.760100
-0.743357
-0.760100
-0.770145
-0.800281
-0.803629
-0.813675
-0.840462
-0.827069
-0.853856
-0.857205
-0.857205
-0.853856
-0.843811
-0.863902
-0.880644
-0.887341
-0.880644
-0.900735
-0.904083
-0.907432
-0.890689
-0.914129
-0.914128
-0.914129
-0.934219
-0.937568
-0.971052
-0.954310
-0.971052
-0.971052
-0.961007
-0.974401
-0.984446
-0.997840
-1.004537
-1.004537
-1.034673
-1.024627
-1.034673
-1.041370
-1.017931
-1.048067
-1.044718
-1.027976
-1.034673
-1.031325
-1.054764
-1.071506
-1.091597
-1.088248
-1.054764
-1.111687
-1.098294
-1.108339
-1.128430
-1.128430
-1.135127
-1.135127
-1.135127
-1.165263
-1.158566
-1.168611
-1.148520
-1.165263
-1.141824
-1.148520
-1.182005
-1.128430
-1.151869
-1.195399
-1.188702
-1.175308
-1.212141
-1.198747
-1.212141
-1.225535
-1.205444
-1.222186
-1.208793
-1.212141
-1.252323
-1.222186
-1.242277
-1.252323
-1.235580
-1.285807
-1.269065
-1.225535
-1.245626
-1.255671
-1.232232
-1.252323
-1.235580
-1.265716
-1.269065
-1.242277
-1.242277
-1.265716
-1.252323
-1.279110
-1.248974
-1.289156
-1.285807
-1.295852
-1.325989
-1.305898
-1.332685
-1.332685
-1.322640
-1.312595
-1.315943
-1.332685
-1.352776
-1.342731
-1.376215
-1.362822
-1.362822
-1.356125
-1.366170
-1.332685
-1.356125
-1.356125
-1.362822
-1.366170
-1.369519
-1.309246
-1.349428
-1.352776
-1.346079
-1.342731
-1.332685
-1.389609
-1.362822
-1.406351
-1.392958
-1.413049
-1.439836
-1.403003
-1.386261
-1.396306
-1.399655
-1.403003
-1.463275
-1.496760
-1.456578
-1.446533
-1.459927
-1.486714
-1.456578
-1.446533
-1.453230
-1.433139
-1.446533
-1.419745
-1.423094
-1.449881
-1.413049
-1.459927
-1.446533
-1.480018
-1.463275
-1.480018
-1.496760
-1.496760
-1.493411
-1.436488
-1.486714
-1.439836
-1.493411
-1.503457
-1.526896
-1.533593
-1.503457
-1.560381
-1.526896
-1.536941
-1.530244
-1.560381
-1.496760
-1.480018
-1.480018
-1.493411
-1.503457
-1.520199
-1.533593
-1.516851
-1.533593
-1.540290
-1.546987
-1.553684
-1.557032
-1.506805
-1.546987
-1.540290
-1.550335
-1.587168
-1.620653
-1.590517
-1.570426
-1.590517
-1.563729
-1.620653
-1.567077
-1.570426
-1.540290
-1.546987
-1.543638
-1.550335
-1.536941
-1.583820
-1.577123
-1.603910
-1.593865
-1.597213
-1.613956
-1.259019
-1.486714
-1.413049
-1.419745
-1.305898
-1.151869
-1.007885
-0.971052
-1.265716
-1.279110
-1.248974
-1.198747
-1.155217
-1.148520
-1.101642
-1.041370
-1.001188
-0.957658
-0.920825
-0.934219
-0.937568
-0.904083
-0.890689
-0.860553
-0.847159
-0.796933
-0.756751
-0.709873
-0.726615
-0.699827
-0.662994
-0.626161
-0.612767
-0.572586
-0.559192
-0.502268
-0.488875
-0.462087
-0.431951
-0.388421
-0.385072
-0.358285
-0.344891
-0.304709
-0.301361
-0.251134
-0.244437
-0.217650
-0.190862
-0.174120
-0.150681
-0.127241
-0.110499
-0.090408
-0.066969
-0.050227
-0.030136
-0.006697
0.003348
0.026788
0.040181
0.053575
0.077014
0.090408
0.107151
0.117196
0.143984
0.157377
0.170771
0.184165
0.204256
0.217650
0.227695
0.251134
0.261180
0.277922
0.281270
0.291316
0.294664
0.311406
0.324800
0.331497
0.338194
0.354936
0.368330
0.046878
0.334846
0.301361
0.274573
0.257831
0.220998
0.200907
0.187514
0.157377
0.147332
0.120544
0.100454
0.083711
0.056924
0.040181
0.020091
0.006697
-0.013394
-0.030136
-0.053575
-0.063621
-0.080363
-0.080363
-0.103802
-0.117196
-0.137287
-0.154029
-0.170771
-0.180817
-0.197559
-0.224347
-0.220998
-0.247786
-0.257831
-0.261180
-0.274573
-0.274573
-0.287967
-0.308058
-0.311406
-0.328149
-0.338194
-0.354936
-0.364982
-0.378376
-0.385072
-0.388421
-0.395118
-0.405163
-0.411860
-0.441996
-0.452042
-0.455390
-0.485526
-0.478829
-0.462087
-0.495571
-0.505617
-0.508965
-0.515662
-0.525708
-0.542450
-0.545798
-0.572586
-0.562541
-0.585980
-0.585980
-0.582631
-0.612767
-0.619464
-0.622813
-0.636207
-0.632858
-0.639555
-0.669691
-0.673040
-0.683085
-0.689782
-0.693130
-0.709873
-0.723267
-0.733312
-0.750054
-0.743357
-0.760100
-0.421905
-0.636207
-0.652949
-0.616116
-0.579283
-0.582631
-0.559192
-0.542450
-0.502268
-0.498920
-0.468784
-0.465435
-0.438648
-0.411860
-0.381724
-0.354936
-0.338194
-0.318103
-0.304709
-0.274573
-0.247786
-0.227695
-0.210953
-0.187514
-0.167423
-0.147332
-0.123893
-0.100454
-0.083711
-0.060272
-0.040181
-0.016742
0.000000
0.020091
0.043530
0.063621
0.087060
0.097105
0.123893
0.133938
0.150681
0.164074
0.180817
0.190862
0.207604
0.210953
0.234392
0.244437
0.251134
0.264528
0.281270
0.294664
0.301361
0.311406
0.334846
0.338194
0.354936
0.358285
0.364982
0.381724
0.375027
0.401815
0.401815
0.418557
0.431951
0.438648
0.448693
0.485526
0.488875
0.485526
0.498920
0.529056
0.535753
0.549147
0.549147
0.565889
0.585980
0.585980
0.589328
0.609419
0.612767
0.619464
0.642904
0.642904
0.646252
0.632858
0.673040
0.686433
0.706524
0.709873
0.709873
0.736660
0.733312
0.729963
0.736660
0.756751
0.780190
0.780190
0.773493
0.796933
0.790236
0.823720
0.817023
0.830417
0.843811
0.850508
0.840462
0.870599
0.873947
0.904083
0.887341
0.897386
0.914128
0.907432
0.900735
0.920825
0.934219
0.934219
0.920825
0.920825
0.947613
0.961007
0.950962
0.957658
1.007885
0.971052
0.984446
1.034673
1.007885
1.014582
1.004537
1.038021
1.031325
1.044718
1.064809
1.048067
1.091597
1.094945
1.058112
1.098294
1.088248
1.064809
1.111687
1.131778
1.081551
1.101642
1.141824
1.135127
1.138475
1.175308
1.148520
1.151869
1.171960
1.165263
1.178657
1.168611
1.168611
1.208793
1.168611
1.208793
1.195399
1.188702
1.225535
1.248974
1.208793
1.212141
1.272413
1.248974
1.225535
1.259019
1.252323
1.275762
1.269065
1.269065
1.272413
1.275762
1.285807
1.295852
1.302549
1.339382
1.309246
1.322640
1.332685
1.315943
1.339382
1.349428
1.339382
1.359473
1.349428
1.366170
1.325989
1.342731
1.403003
1.403003
1.399655
1.372867
1.419745
1.403003
1.409700
1.392958
1.403003
1.416397
1.392958
1.419745
1.426442
1.416397
1.419745
1.433139
1.436488
1.433139
1.466624
1.456578
1.463275
1.473321
1.443184
1.463275
1.466624
1.490063
1.449881
1.523547
1.496760
1.510154
1.500108
1.496760
1.540290
1.493411
1.530244
1.500108
1.520199
1.500108
1.553684
1.553684
1.536942
1.536942
1.510154
1.510154
1.516851
1.557032
1.533593
1.560381
1.557032
1.540290
1.550335
1.516851
1.597213
1.553684
1.637395
1.540290
1.567077
1.593865
1.610607
1.610608
1.593865
1.583820
1.603910
1.580471
1.607259
1.617304
1.610608
1.593865
1.597214
1.630698
1.607259
1.627350
1.590517
1.630698
1.627350
1.630698
1.647440
1.647440
1.634047
1.687622
1.607259
1.687622
1.670880
1.647440
1.670880
1.654137
1.644092
1.640743
1.644092
1.684273
1.667531
1.684273
1.690970
1.637395
1.677577
1.684273
1.707713
1.707713
1.660834
1.751243
1.747894
1.731152
1.724455
1.714409
1.711061
1.734500
1.701016
1.714409
1.684273
1.674228
1.701016
1.694319
1.711061
1.664183
1.737849
1.714409
1.751243
1.717758
1.707713
1.724455
1.690970
1.737849
1.751243
1.717758
1.741197
1.697667
1.747894
1.778030
1.731152
1.751243
1.757939
1.707713
1.744546
1.701016
1.741197
1.727803
1.778030
1.724455
1.771333
1.711061
1.774682
1.714409
1.751243
1.737849
1.778030
1.771333
1.784727
1.774682
1.741197
1.784727
1.751243
1.774682
1.794772
1.794772
1.757939
1.814863
1.754591
1.778030
1.767985
1.818212
1.781379
1.798121
1.757939
1.771333
1.808166
1.828257
1.788076
1.801469
1.801469
1.781379
1.801469
1.798121
1.821560
1.771333
1.875135
1.828257
1.824908
1.821560
1.798121
1.794772
1.818211
1.808166
1.808166
1.801469
1.828257
1.811515
1.838302
1.824908
1.851696
1.818212
1.824908
1.861742
1.788076
1.824908
1.838302
1.905272
1.865090
1.841651
1.818211
1.865090
1.848348
1.858393
1.828257
1.855045
1.821560
1.848348
1.831606
1.885181
1.861742
1.841651
1.841651
1.818212
1.858393
1.808166
1.901923
1.858393
1.901923
1.851696
1.855045
1.868438
1.868438
1.865090
1.844999
1.875135
1.855045
1.841651
1.828257
1.865090
1.878484
1.868438
1.901923
1.868438
1.905272
1.610607
1.778030
1.677577
1.660834
1.613956
1.617304
1.540290
1.463275
1.356125
1.315943
1.332685
1.336034
1.359473
1.292504
1.178657
1.145172
1.051415
1.051415
0.997840
0.964355
0.904083
0.867250
0.867250
0.977749
1.021279
1.024628
1.011234
1.007885
0.954310
0.914128
0.870599
0.850508
0.800281
0.780190
0.740009
0.723267
0.673040
0.649601
0.622813
0.602722
0.565889
0.552495
0.525708
0.508965
0.485526
0.465435
0.438648
0.408512
0.378376
0.361633
0.328149
0.308058
0.284619
0.274573
0.244437
0.231043
0.200907
0.184165
0.157377
0.140635
0.117196
0.093757
0.066969
0.046878
0.023439
0.010045
-0.010045
-0.030136
-0.053575
-0.063621
-0.087060
-0.100454
-0.120544
-0.130590
-0.143984
-0.157377
-0.180817
-0.190862
-0.197559
-0.204256
-0.224347
-0.227695
-0.247786
-0.257831
-0.274573
-0.274573
-0.291316
-0.308058
-0.318103
-0.328149
-0.334846
-0.344891
-0.358285
-0.368330
-0.381724
-0.395118
-0.411860
-0.408512
-0.425254
-0.415209
-0.431951
-0.452042
-0.475481
-0.485526
-0.498920
-0.522359
-0.515662
-0.505617
-0.542450
-0.555844
-0.549147
-0.562541
-0.552495
-0.569238
-0.585980
-0.592677
-0.612767
-0.606071
-0.612767
-0.639555
-0.639555
-0.652949
-0.666343
-0.656297
-0.669691
-0.683085
-0.703176
-0.716570
-0.723267
-0.726615
-0.729963
-0.736660
-0.746706
-0.753403
-0.760100
-0.786887
-0.790236
-0.800281
-0.793584
-0.803629
-0.830417
-0.823720
-0.823720
-0.850508
-0.857205
-0.843811
-0.857205
-0.887341
-0.870599
-0.873947
-0.900735
-0.900735
-0.920825
-0.920825
-0.910780
-0.904083
-0.917477
-0.944265
-0.967704
-0.947613
-0.974401
-1.001188
-0.977749
-0.984446
-1.004537
-1.004537
-1.017931
-1.007885
-1.001188
-1.011234
-0.693130
-0.887341
-0.880644
-0.790236
-0.662994
-0.642904
-0.783539
-0.790236
-0.743357
-0.743357
-0.723267
-0.696479
-0.659646
-0.619464
-0.602722
-0.542450
-0.519011
-0.475481
-0.465435
-0.468784
-0.441996
-0.421905
-0.415209
-0.385072
-0.371679
-0.344891
-0.311406
-0.287967
-0.257831
-0.234392
-0.204256
-0.190862
-0.154029
-0.137287
-0.110499
-0.093757
-0.070318
-0.053575
-0.033485
-0.013394
0.003348
0.026788
0.043530
0.056924
0.073666
0.090408
0.107151
0.123893
0.133938
0.160726
0.174120
0.184165
0.197559
0.210953
0.220998
0.241089
0.254483
0.267876
0.284619
0.291316
0.298013
0.318103
0.328149
0.338194
0.348239
0.351588
0.364982
0.378376
0.401815
0.398466
0.418557
0.435299
0.428602
0.445345
0.465435
0.468784
0.495571
0.512314
0.512314
0.519011
0.519011
0.549147
0.552495
0.579283
0.575934
0.244437
0.512314
0.485526
0.455390
0.435299
0.405163
0.388421
0.358285
0.331497
0.318103
0.284619
0.277922
0.254483
0.227695
0.214301
0.197559
0.147332
0.110499
0.087060
0.070318
0.073666
0.066969
0.043530
0.026788
0.006697
-0.006697
-0.026788
-0.043530
-0.063621
-0.090408
-0.103802
-0.120544
-0.147332
-0.154029
-0.174120
-0.180817
-0.197559
-0.207604
-0.224347
-0.224347
-0.234392
-0.254483
-0.247786
-0.254483
-0.277922
-0.281270
-0.301361
-0.301361
-0.321452
-0.321452
-0.331497
-0.338194
-0.361633
-0.354936
-0.388421
-0.388421
-0.418557
-0.431951
-0.405163
-0.445345
-0.458738
-0.445345
-0.482178
-0.498920
-0.512314
-0.498920
-0.522359
-0.529056
-0.559192
-0.559192
-0.565889
-0.592677
-0.585980
-0.599374
-0.602722
-0.616116
-0.622813
-0.619464
-0.609419
-0.619464
-0.622813
-0.649601
-0.656297
-0.659646
-0.676388
-0.341543
-0.616116
-0.569238
-0.542450
-0.502268
-0.482178
-0.485526
-0.455390
-0.468784
-0.428602
-0.408512
-0.385072
-0.368330
-0.341543
-0.324800
-0.304709
-0.284619
-0.257831
-0.234392
-0.217650
-0.187514
-0.170771
-0.154029
-0.127241
-0.103802
-0.083711
-0.056924
-0.040181
-0.016742
-0.003348
0.026788
0.043530
0.063621
0.083711
0.100454
0.120544
0.130590
0.143984
0.157377
0.170771
0.180817
0.194210
0.210953
0.224347
0.237740
0.247786
0.261180
0.264528
0.271225
0.291316
0.301361
0.328149
0.331497
0.351588
0.354936
0.361633
0.385072
0.401815
0.405163
0.421905
0.431951
0.441996
0.485526
0.492223
0.482178
0.482178
0.495571
0.529056
0.529056
0.529056
0.529056
0.542450
0.552495
0.569238
0.582631
0.599374
0.609419
0.592677
0.619464
0.629510
0.632858
0.646252
0.656297
0.656297
0.662994
0.338194
0.646252
0.612767
0.565889
0.542450
0.508965
0.492223
0.492223
0.452042
0.418557
0.388421
0.348239
0.334846
0.274573
0.281270
0.254483
0.247786
0.224347
0.227695
0.197559
0.187514
0.164074
0.140635
0.120544
0.103802
0.087060
0.063621
0.043530
0.020091
0.003348
-0.016742
-0.040181
-0.056924
-0.077014
-0.090408
-0.103802
-0.120544
-0.123893
-0.143984
-0.154029
-0.167423
-0.180817
-0.190862
-0.200907
-0.217650
-0.217650
-0.237740
-0.251134
-0.251134
-0.257831
-0.281270
-0.298013
-0.314755
-0.314755
-0.341543
-0.341543
-0.361633
-0.371679
-0.381724
-0.385072
-0.375027
-0.425254
-0.411860
-0.431951
-0.458738
-0.431951
-0.462087
-0.472132
-0.488875
-0.492223
-0.508965
-0.519011
-0.522359
-0.532404
-0.545798
-0.545798
-0.579283
-0.582631
-0.582631
-0.575934
-0.585980
-0.596025
-0.609419
-0.636207
-0.636207
-0.291316
-0.552495
-0.495571
-0.502268
-0.472132
-0.455390
-0.428602
-0.418557
-0.398466
-0.391769
-0.375027
-0.341543
-0.334846
-0.298013
-0.274573
-0.254483
-0.227695
-0.207604
-0.187514
-0.160726
-0.147332
-0.127241
-0.103802
-0.083711
-0.063621
-0.043530
-0.023439
-0.006697
0.016742
0.040181
0.056924
0.073666
0.103802
0.110499
0.133938
0.150681
0.157377
0.184165
0.187514
0.187514
0.210953
0.217650
0.234392
0.247786
0.264528
0.261180
0.294664
0.304709
0.318103
0.324800
0.341543
0.351588
0.361633
0.364982
0.395118
0.388421
0.425254
0.428602
0.431951
0.448693
0.462087
0.452042
0.468784
0.505617
0.512314
0.505617
0.505617
0.525708
0.542450
0.559192
0.562541
0.582631
0.565889
0.599374
0.599374
0.612767
0.622813
0.626161
0.639555
0.652949
0.652949
0.673040
0.689782
0.693130
0.706524
0.713221
0.736660
0.740009
0.729963
0.736660
0.753403
0.776842
0.783539
0.780190
0.776842
0.776842
0.800281
0.813675
0.830417
0.840463
0.857205
0.867250
0.880644
0.877295
0.883992
0.894038
0.904083
0.934219
0.900735
0.910780
0.924174
0.924174
0.954310
0.937568
0.950961
0.954310
0.940916
0.967704
0.977749
0.967704
0.997840
0.994492
1.004537
1.007885
1.014582
1.048067
1.044718
1.038021
1.061461
1.048067
1.068158
1.074854
1.084900
1.098294
1.088248
1.064809
1.115036
1.115036
1.125081
1.135127
1.121733
1.151869
1.165263
1.148520
1.175308
1.151869
1.158566
1.195399
1.195399
1.208793
1.222186
1.242277
1.178657
1.232232
1.218838
1.235580
1.232232
1.225535
1.235580
1.235580
1.242277
1.259019
1.259019
1.252323
1.272413
1.305898
1.299201
1.292504
1.285807
1.279110
1.289156
1.295852
1.342731
1.305898
1.322640
1.319292
1.312595
1.386261
1.336034
1.372867
1.369519
1.366170
1.403003
1.332685
1.406351
1.379564
1.356125
1.389609
1.379564
1.389609
1.366170
1.389609
1.399655
1.396306
1.423094
1.396306
1.426442
1.463275
1.406351
1.439836
1.409700
1.459927
1.426442
1.429791
1.476669
1.483366
1.493411
1.503457
1.483366
1.476669
1.476669
1.486715
1.483366
1.493411
1.463275
1.469972
1.446533
1.463275
1.466624
1.466624
1.510154
1.493411
1.496760
1.516851
1.513502
1.493411
1.536941
1.546987
1.536941
1.500108
1.593865
1.516851
1.560381
1.583820
1.577123
1.563729
1.567077
1.550335
1.540290
1.567077
1.530244
1.567077
1.550335
1.560381
1.543638
1.593865
1.563729
1.583820
1.573774
1.580471
1.563729
1.580471
1.610607
1.557032
1.583820
1.315943
1.289156
1.252323
1.396306
1.449881
1.356125
1.362822
1.289156
1.242277
1.222186
1.104990
1.011234
0.957658
0.937568
0.820372
0.867250
0.817023
0.800281
0.940916
0.910780
0.927522
0.894038
0.873947
0.833766
0.763448
0.669691
0.502268
0.348239
0.435299
0.669691
0.659646
0.656297
0.632858
0.599374
0.565889
0.525708
0.482178
0.448693
0.415209
0.385072
0.341543
0.321452
0.291316
0.287967
0.291316
0.267876
0.247786
0.214301
0.200907
0.177468
0.143984
0.123893
0.097105
0.077014
0.046878
0.026788
0.003348
-0.020091
-0.046878
-0.063621
-0.077014
-0.093757
-0.110499
-0.133938
-0.137287
-0.150681
-0.164074
-0.177468
-0.184165
-0.204256
-0.210953
-0.224347
-0.231043
-0.247786
-0.251134
-0.264528
-0.274573
-0.287967
-0.308058
-0.324800
-0.338194
-0.341543
-0.348239
-0.361633
-0.375027
-0.368330
-0.391769
-0.405163
-0.418557
-0.425254
-0.428602
-0.445345
-0.458738
-0.478829
-0.485526
-0.508965
-0.512314
-0.515662
-0.502268
-0.529056
-0.569238
-0.579283
-0.592677
-0.572586
-0.552495
-0.582631
-0.602722
-0.626161
-0.642904
-0.619464
-0.626161
-0.652949
-0.656297
-0.666343
-0.666343
-0.679737
-0.686433
-0.709873
-0.723267
-0.716570
-0.703176
-0.716570
-0.723267
-0.729963
-0.743357
-0.740009
-0.766796
-0.783539
-0.780190
-0.776842
-0.813675
-0.817023
-0.813675
-0.827069
-0.820372
-0.843811
-0.850508
-0.850508
-0.863902
-0.867250
-0.880644
-0.883992
-0.904083
-0.920825
-0.914129
-0.917477
-0.917477
-0.917477
-0.934219
-0.917477
-0.930871
-0.957658
-0.957658
-0.981098
-0.971052
-0.984446
-0.967704
-0.997840
-0.984446
-1.031325
-1.001188
-1.004537
-1.038021
-1.031325
-1.058112
-1.044718
-1.007885
-1.034673
-1.048067
-1.048067
-0.740009
-0.904083
-0.853856
-0.820372
-0.840463
-0.843811
-0.860553
-0.830417
-0.786887
-0.753403
-0.736660
-0.733312
-0.689782
-0.662994
-0.639555
-0.616116
-0.592677
-0.552495
-0.525708
-0.485526
-0.468784
-0.431951
-0.418557
-0.411860
-0.371679
-0.341543
-0.318103
-0.298013
-0.267876
-0.231043
-0.187514
-0.187514
-0.167423
-0.143984
-0.117196
-0.090408
-0.063621
-0.046878
-0.023439
-0.003348
0.016742
0.033485
0.046878
0.066969
0.080363
0.100454
0.107151
0.127241
0.140635
0.157377
0.160726
0.180817
0.197559
0.214301
0.224347
0.241089
0.261180
0.267876
0.287967
0.284619
0.294664
0.314755
0.328149
0.328149
0.348239
0.351588
0.368330
0.381724
0.381724
0.398466
0.418557
0.405163
0.421905
0.431951
0.428602
0.445345
0.462087
0.472132
0.472132
0.485526
0.482178
0.505617
0.512314
0.532404
0.539101
0.559192
0.545798
0.562541
0.572586
0.582631
0.572586
0.585980
0.602722
0.622813
0.639555
0.646252
0.652949
0.646252
0.669691
0.669691
0.666343
0.696479
0.696479
0.686433
0.699827
0.689782
0.706524
0.713221
0.733312
0.763448
0.770145
0.766796
0.776842
0.780190
0.796933
0.803629
0.813675
0.827069
0.833766
0.833766
0.847159
0.843811
0.870599
0.857205
0.860553
0.857205
0.897386
0.934219
0.897386
0.950962
0.920825
0.937568
0.937568
0.944265
0.971052
0.944265
0.971052
0.984446
1.004537
0.991143
0.987795
1.038021
1.024627
1.014582
1.041370
1.001188
1.027976
1.054764
1.024628
1.054764
1.064809
1.064809
1.058112
1.074854
1.091597
1.091597
1.104990
1.121733
1.108339
1.138475
1.185353
1.185353
1.242277
1.161914
1.148520
1.145172
1.151869
1.131778
1.185353
1.198747
0.803629
0.786887
0.706524
0.790236
0.770145
0.606071
0.428602
0.271225
0.180817
0.284619
0.659646
0.890689
0.843811
0.790236
0.750054
0.723267
0.676388
0.649601
0.616116
0.596025
0.569238
0.555844
0.535753
0.515662
0.492223
0.462087
0.438648
0.385072
0.371679
0.341543
0.311406
0.281270
0.264528
0.224347
0.220998
0.190862
0.177468
0.154029
0.127241
0.113848
0.083711
0.066969
0.043530
0.023439
0.010045
-0.013394
-0.030136
-0.050227
-0.060272
-0.077014
-0.087060
-0.110499
-0.120544
-0.143984
-0.143984
-0.187514
-0.177468
-0.204256
-0.207604
-0.217650
-0.231043
-0.241089
-0.247786
-0.271225
-0.264528
-0.287967
-0.294664
-0.304709
-0.314755
-0.338194
-0.328149
-0.354936
-0.344891
-0.368330
-0.361633
-0.388421
-0.391769
-0.408512
-0.418557
-0.431951
-0.438648
-0.452042
-0.455390
-0.475481
-0.472132
-0.154029
-0.391769
-0.388421
-0.354936
-0.318103
-0.291316
-0.291316
-0.274573
-0.254483
-0.237740
-0.194210
-0.177468
-0.164074
-0.137287
-0.117196
-0.100454
-0.077014
-0.063621
-0.033485
-0.016742
0.000000
0.020091
0.036833
0.053575
0.073666
0.087060
0.110499
0.123893
0.130590
0.154029
0.164074
0.174120
0.180817
0.200907
0.220998
0.224347
0.261180
0.257831
0.281270
0.284619
0.294664
0.308058
0.321452
0.331497
0.338194
0.344891
0.358285
0.364982
0.385072
0.378376
0.398466
0.421905
0.408512
0.431951
0.441996
0.435299
0.452042
0.478829
0.492223
0.505617
0.508965
0.515662
0.525708
0.555844
0.572586
0.565889
0.589328
0.592677
0.596025
0.589328
0.606071
0.612767
0.622813
0.632858
0.632858
0.652949
0.659646
0.679737
0.679737
0.679737
0.669691
0.703176
0.699827
0.699827
0.699827
0.395118
0.649601
0.626161
0.589328
0.542450
0.529056
0.502268
0.492223
0.458738
0.441996
0.395118
0.371679
0.314755
0.294664
0.257831
0.257831
0.257831
0.257831
0.227695
0.224347
0.187514
0.187514
0.150681
0.137287
